MutationType	DBS1	DBS2	DBS4	DBS20	DBS78A	DBS78B	DBS78C	DBS78E	DBS78F	DBS78G	DBS78H	DBS78I
AC>CA	0.00004970	0.00037408	0.00414186	0.00503114	0.01121769	0.00388825	0.00120732	0.00787802	0.00004791	0.00496935	0.01306190	0.00736262
AC>CG	0.00002640	0.00003170	0.00004960	0.00190918	0.00007057	0.00006844	0.00007625	0.00006771	0.00006286	0.00006852	0.00006430	0.00007861
AC>CT	0.00429109	0.00012603	0.00000000	0.00237222	0.00007057	0.00006844	0.00007625	0.00006771	0.00006286	0.00006852	0.00006430	0.00007861
AC>GA	0.00012703	0.00023705	0.00440197	0.00158594	0.13564032	0.00478517	0.00767097	0.00836685	0.00002595	0.00154753	0.00477697	0.00852118
AC>GG	0.00005710	0.00000000	0.00000000	0.00263499	0.00007057	0.00006844	0.00007625	0.00006771	0.00006286	0.00006852	0.00006430	0.00007861
AC>GT	0.00296075	0.00028006	0.00000001	0.00031640	0.00007057	0.00006844	0.00007625	0.00006771	0.00006286	0.00006852	0.00006430	0.00007861
AC>TA	0.00120031	0.00148031	0.00127057	0.00933111	0.02661756	0.02581475	0.00336271	0.01280982	0.00318986	0.03535846	0.00455646	0.00437528
AC>TG	0.00017204	0.00000636	0.00005310	0.00013060	0.00585939	0.00974371	0.00006343	0.00950442	0.00004950	0.01235063	0.00144632	0.01327964
AC>TT	0.02650674	0.00292062	0.00016107	0.00251075	0.00007057	0.00006844	0.00007625	0.00006771	0.00006286	0.00006852	0.00006430	0.00007861
AT>CA	0.00048212	0.00003780	0.00091641	0.00223810	0.00007057	0.00006844	0.00007625	0.00006771	0.00006286	0.00006852	0.00006430	0.00007861
AT>CC	0.00029708	0.00000000	0.00000000	0.00123446	0.00718457	0.00999233	0.00005956	0.01251553	0.00100016	0.01672136	0.00420531	0.01019897
AT>CG	0.00000398	0.00000000	0.00000000	0.00155349	0.00007057	0.00006844	0.00007625	0.00006771	0.00006286	0.00006852	0.00006430	0.00007861
AT>GA	0.00212054	0.00016804	0.00032415	0.00845878	0.01322782	0.00928048	0.00303309	0.00307451	0.00274988	0.00445786	0.00149672	0.00472936
AT>GC	0.00017404	0.00000585	0.00001760	0.00036851	0.00007057	0.00006844	0.00007625	0.00006771	0.00006286	0.00006852	0.00006430	0.00007861
AT>TA	0.00234060	0.00045810	0.00453203	0.00293144	0.01512726	0.00841765	0.00579278	0.00890846	0.00004323	0.00354513	0.01341291	0.01196276
CC>AA	0.00001060	0.72415324	0.00000000	0.00037896	0.00002227	0.00002353	0.00002064	0.00001700	0.00000934	0.00002702	0.00001794	0.00002327
CC>AG	0.00001230	0.07261537	0.00543244	0.00397481	0.00002571	0.00002533	0.00960998	0.00002891	0.02268992	0.47942835	0.00002043	0.00002576
CC>AT	0.01870475	0.10002116	0.01570704	0.00553983	0.01890294	0.16277435	0.00002599	0.03443583	0.01773190	0.00003428	0.00555181	0.00003041
CC>GA	0.00013403	0.01770375	0.00355159	0.00085171	0.01174306	0.02323457	0.00847031	0.01739323	0.00002527	0.00003992	0.03703472	0.05702585
CC>GG	0.00009820	0.00045010	0.00007300	0.00268544	0.00007057	0.00006844	0.00007625	0.00006771	0.00006286	0.00006852	0.00006430	0.00007861
CC>GT	0.00692176	0.00110023	0.00007990	0.00415748	0.01886951	0.03833533	0.00866020	0.00004384	0.00870832	0.02364977	0.01798222	0.01151057
CC>TA	0.01040264	0.01600339	0.00017008	0.00994449	0.06397622	0.03004564	0.01334115	0.02279518	0.03046318	0.02023876	0.01713587	0.01903587
CC>TG	0.00255065	0.00023705	0.00000830	0.00199377	0.01545275	0.00745796	0.00614440	0.03089647	0.01319903	0.00794831	0.00293201	0.01781343
CC>TT	0.85821813	0.00000000	0.00000000	0.00585993	0.00002664	0.00001980	0.00981815	0.00002801	0.01210719	0.00001887	0.00002376	0.00002528
CG>AT	0.00000060	0.00115024	0.00029013	0.00146010	0.01135974	0.00288712	0.00286961	0.00323181	0.00314372	0.00156824	0.00419497	0.00524881
CG>GC	0.00000542	0.00036908	0.00000510	0.00015095	0.00007057	0.00006844	0.00007625	0.00006771	0.00006286	0.00006852	0.00006430	0.00007861
CG>GT	0.00000170	0.00128027	0.00000000	0.00024229	0.00007057	0.00006844	0.00007625	0.00006771	0.00006286	0.00006852	0.00006430	0.00007861
CG>TA	0.00035609	0.00000000	0.00000000	0.00051120	0.00172104	0.00804721	0.00006208	0.01152278	0.00374205	0.01046845	0.00138156	0.00758997
CG>TC	0.00001260	0.00215045	0.00000000	0.00127668	0.02434872	0.02171157	0.01186347	0.03177033	0.00358895	0.02052658	0.00917859	0.00668609
CG>TT	0.00012403	0.00556118	0.00036116	0.00039108	0.03956461	0.01341118	0.00084312	0.01848743	0.01814136	0.00419221	0.02760335	0.00726880
CT>AA	0.00002770	0.00321068	0.00000000	0.00960691	0.00007057	0.00006844	0.00007625	0.00006771	0.00006286	0.00006852	0.00006430	0.00007861
CT>AC	0.00041911	0.00000000	0.00000000	0.00569839	0.00006119	0.00328175	0.00283313	0.00735469	0.00582288	0.00308204	0.00634798	0.00262350
CT>AG	0.00000000	0.00058712	0.00036316	0.00057029	0.03407103	0.00003234	0.00406120	0.04103014	0.01096244	0.00956345	0.01282851	0.03305091
CT>GA	0.00008920	0.00001810	0.00067330	0.00312897	0.03989001	0.00395626	0.00587183	0.00861847	0.00003431	0.00933010	0.01472574	0.02229781
CT>GC	0.00025206	0.00013403	0.00007220	0.00063377	0.00007057	0.00006844	0.00007625	0.00006771	0.00006286	0.00006852	0.00006430	0.00007861
CT>GG	0.00001080	0.00008980	0.00092641	0.00050315	0.09095966	0.00997803	0.00612498	0.00589747	0.00455038	0.01479244	0.01408818	0.01528621
CT>TA	0.00781198	0.00338071	0.00000000	0.01808698	0.02775740	0.04811599	0.00386838	0.01433495	0.01228031	0.02931058	0.01040407	0.02700832
CT>TC	0.01050267	0.00003840	0.00000000	0.00065994	0.00861754	0.00277297	0.00288599	0.00482891	0.00219844	0.00405579	0.00457114	0.01084085
CT>TG	0.00224057	0.00039008	0.00003080	0.00600496	0.01331235	0.10553821	0.00707372	0.01882849	0.00764405	0.02349089	0.00002515	0.02318604
GC>AA	0.00158040	0.00508108	0.32814716	0.01018321	0.00003848	0.00002163	0.76387674	0.00002405	0.00001085	0.00002647	0.00002014	0.00003152
GC>AG	0.00010703	0.00032507	0.01130507	0.00971442	0.02855024	0.01379398	0.00002675	0.01105763	0.01324485	0.01209419	0.03126002	0.05738609
GC>AT	0.00004870	0.00095320	0.00924415	0.01683102	0.00003218	0.00002594	0.01158224	0.21342277	0.00001215	0.01415497	0.00713895	0.07300816
GC>CA	0.00005760	0.00106022	0.01190534	0.00996847	0.00639180	0.03819676	0.00196406	0.00004170	0.00872957	0.00003833	0.09972671	0.00143209
GC>CG	0.00000515	0.00006690	0.00000098	0.00098246	0.00007057	0.00006844	0.00007625	0.00006771	0.00006286	0.00006852	0.00006430	0.00007861
GC>TA	0.00000083	0.00073616	0.01770794	0.00031415	0.01067706	0.01966160	0.00005825	0.00919359	0.00078464	0.00644935	0.01119051	0.01766281
TA>AT	0.00050513	0.00275058	0.03041364	0.16094933	0.01204463	0.04209994	0.00768470	0.00893557	0.00762675	0.00674943	0.01168409	0.00005234
TA>CG	0.00000755	0.00001890	0.00038918	0.00644311	0.00007057	0.00006844	0.00007625	0.00006771	0.00006286	0.00006852	0.00006430	0.00007861
TA>CT	0.00070218	0.00028006	0.00872391	0.11690854	0.01252179	0.02434349	0.00272785	0.04336628	0.00435534	0.00713564	0.02371619	0.01663963
TA>GC	0.00002010	0.00008220	0.00007020	0.00286647	0.00007057	0.00006844	0.00007625	0.00006771	0.00006286	0.00006852	0.00006430	0.00007861
TA>GG	0.00007030	0.00007890	0.00222100	0.00980494	0.00007057	0.00006844	0.00007625	0.00006771	0.00006286	0.00006852	0.00006430	0.00007861
TA>GT	0.00115029	0.00130028	0.00806362	0.05618043	0.00007057	0.00006844	0.00007625	0.00006771	0.00006286	0.00006852	0.00006430	0.00007861
TC>AA	0.00001090	0.00145031	0.37917005	0.18018691	0.00002873	0.00001909	0.01825328	0.00002156	0.00000825	0.00002556	0.00001669	0.00002778
TC>AG	0.00000309	0.00020004	0.00187084	0.00799556	0.00002298	0.00003027	0.00001367	0.00002473	0.01619036	0.01330095	0.34470621	0.00002494
TC>AT	0.00246063	0.00000000	0.00841377	0.02395770	0.00003270	0.00002807	0.01181644	0.00003001	0.62189953	0.00001983	0.00006735	0.00002330
TC>CA	0.00000442	0.00068214	0.08463796	0.01512029	0.01911224	0.03065851	0.00686182	0.01127271	0.01096045	0.02426701	0.00556591	0.01369312
TC>CG	0.00003300	0.00000389	0.00040018	0.00047311	0.02825174	0.05655146	0.00004233	0.04251813	0.00461025	0.00606855	0.01453443	0.02287978
TC>CT	0.00190048	0.00335071	0.00000828	0.01822673	0.04340495	0.01121593	0.00372365	0.02746700	0.02842537	0.02057394	0.00606579	0.02328150
TC>GA	0.00006420	0.00088519	0.03641633	0.00704212	0.00002530	0.00863144	0.00001520	0.00002047	0.00700554	0.00002123	0.01359827	0.31881418
TC>GG	0.00041110	0.00000987	0.00001040	0.00095776	0.03720579	0.00885582	0.00384162	0.01105661	0.00305179	0.01443750	0.00973525	0.01374310
TC>GT	0.00510130	0.00008570	0.00000000	0.00543547	0.01815448	0.02138590	0.00003741	0.03618275	0.03373825	0.01604071	0.04057764	0.01191553
TG>AA	0.00137035	0.00296063	0.00763342	0.02281667	0.01828642	0.04406837	0.01018662	0.00556913	0.00002506	0.02212355	0.03480933	0.02679519
TG>AC	0.00023706	0.00022005	0.00011805	0.00386415	0.00007057	0.00006844	0.00007625	0.00006771	0.00006286	0.00006852	0.00006430	0.00007861
TG>AT	0.00241061	0.00429091	0.00000000	0.04884615	0.08131989	0.03042322	0.00002765	0.06838000	0.02367472	0.01405307	0.00757305	0.00933292
TG>CA	0.00027907	0.00014403	0.00080436	0.00243813	0.00828020	0.00550612	0.00120619	0.00492069	0.00004777	0.00755082	0.00676208	0.01105367
TG>CC	0.00010303	0.00005940	0.00012005	0.00013112	0.00006236	0.00005942	0.00101471	0.01301930	0.00005200	0.00541625	0.00610617	0.00151209
TG>CT	0.00185047	0.00307065	0.00008210	0.01212043	0.00004390	0.00004282	0.00951468	0.13215005	0.00454172	0.02884870	0.01105351	0.00899619
TG>GA	0.00040710	0.00147031	0.00785352	0.01915110	0.00006162	0.00308126	0.00409507	0.00448294	0.00005219	0.00553798	0.01173335	0.01192706
TG>GC	0.00008890	0.00027206	0.00060427	0.00051919	0.00007057	0.00006844	0.00007625	0.00006771	0.00006286	0.00006852	0.00006430	0.00007861
TG>GT	0.00190048	0.00640136	0.00003230	0.00525343	0.01004723	0.05340840	0.00691616	0.00529494	0.00233247	0.00004741	0.01792359	0.00427055
TT>AA	0.00549140	0.00431091	0.00001800	0.06266200	0.00007057	0.00006844	0.00007625	0.00006771	0.00006286	0.00006852	0.00006430	0.00007861
TT>AC	0.00072018	0.00034507	0.00000066	0.01054644	0.01282277	0.00306483	0.00388630	0.00269899	0.01033197	0.01362456	0.03481877	0.00528241
TT>AG	0.00041811	0.00021505	0.00000000	0.01556096	0.00375859	0.01200777	0.00214577	0.00506840	0.00447932	0.00005690	0.00314358	0.00545559
TT>CA	0.00072518	0.00000000	0.00000000	0.00064064	0.00007057	0.00006844	0.00007625	0.00006771	0.00006286	0.00006852	0.00006430	0.00007861
TT>CC	0.00542138	0.00000298	0.00000000	0.00275531	0.00007057	0.00006844	0.00007625	0.00006771	0.00006286	0.00006852	0.00006430	0.00007861
TT>CG	0.00008380	0.00001520	0.00000000	0.00098567	0.00007057	0.00006844	0.00007625	0.00006771	0.00006286	0.00006852	0.00006430	0.00007861
TT>GA	0.00186047	0.00004790	0.00000000	0.00134789	0.00172224	0.00595314	0.00087373	0.00547491	0.00294227	0.01312943	0.00866631	0.01051688
TT>GC	0.00106027	0.00000154	0.00000000	0.00271044	0.00007057	0.00006844	0.00007625	0.00006771	0.00006286	0.00006852	0.00006430	0.00007861
TT>GG	0.00161041	0.00000000	0.00000000	0.00018887	0.00977829	0.01158228	0.00006286	0.00201081	0.00514552	0.00577835	0.00719403	0.00526878
