MutationType	SBS96A	SBS96B	SBS96C	SBS96D	SBS96E	SBS96F	SBS96G	SBS96H	SBS96I	SBS96J
A[C>A]A	4.42E-04	1.47E-03	3.66E-03	5.47E-03	6.22E-03	4.16E-03	7.34E-03	3.44E-03	8.15E-03	2.65E-03
A[C>A]C	2.13E-04	5.71E-08	7.05E-03	4.83E-03	4.23E-03	1.98E-03	9.07E-03	5.36E-03	2.30E-03	9.13E-03
A[C>A]G	1.53E-04	9.09E-04	0.00E+00	3.87E-04	7.76E-03	3.69E-03	8.85E-04	2.07E-03	7.46E-03	3.87E-03
A[C>A]T	1.66E-04	9.70E-04	6.10E-03	4.74E-03	2.71E-03	2.25E-03	1.11E-03	8.48E-03	5.28E-03	5.42E-03
A[C>G]A	2.49E-04	8.01E-04	6.17E-03	4.74E-03	1.49E-03	2.75E-03	2.12E-03	4.02E-03	2.70E-03	3.49E-03
A[C>G]C	4.86E-04	9.25E-08	2.97E-03	3.28E-03	2.06E-03	2.00E-03	3.20E-03	2.89E-03	4.18E-03	2.24E-03
A[C>G]G	7.37E-04	6.85E-08	3.40E-04	2.43E-03	2.02E-03	4.00E-03	2.02E-03	1.24E-03	2.91E-07	4.95E-03
A[C>G]T	4.89E-04	1.23E-03	6.77E-03	1.13E-02	5.02E-03	1.69E-03	4.53E-03	1.67E-03	1.00E-02	8.06E-03
A[C>T]A	1.49E-03	4.42E-03	4.48E-03	2.97E-03	2.23E-03	2.25E-03	2.12E-03	4.62E-03	7.06E-03	4.77E-03
A[C>T]C	7.81E-04	2.53E-03	2.88E-03	2.86E-03	4.88E-03	4.17E-03	3.34E-03	1.47E-03	3.34E-03	4.15E-03
A[C>T]G	1.15E-03	6.37E-03	1.62E-03	6.70E-03	8.76E-03	1.15E-02	9.66E-03	1.65E-02	5.16E-03	2.10E-02
A[C>T]T	1.78E-04	7.06E-04	5.61E-03	3.80E-03	5.53E-03	4.73E-03	6.33E-03	4.54E-03	4.70E-03	3.12E-03
A[T>A]A	1.32E-04	1.12E-03	2.78E-03	1.90E-03	1.99E-03	2.50E-03	1.35E-03	6.38E-03	1.24E-03	1.60E-03
A[T>A]C	2.10E-04	9.85E-04	1.34E-03	1.59E-03	3.51E-03	1.35E-03	1.83E-03	5.11E-03	7.24E-03	5.21E-03
A[T>A]G	3.17E-04	2.01E-03	3.48E-03	4.10E-03	1.39E-03	3.75E-03	2.59E-03	1.82E-03	5.59E-03	2.67E-03
A[T>A]T	0.00E+00	0.00E+00	4.70E-03	4.36E-05	3.35E-03	3.91E-03	2.84E-03	6.53E-03	2.67E-03	1.65E-03
A[T>C]A	1.43E-04	3.70E-06	4.34E-03	1.92E-03	3.45E-03	3.38E-03	4.70E-03	4.80E-03	9.99E-03	1.97E-03
A[T>C]C	4.43E-04	3.40E-03	4.67E-03	2.62E-03	2.57E-03	6.35E-03	2.00E-03	1.70E-03	2.71E-03	4.17E-03
A[T>C]G	8.15E-04	6.68E-03	1.40E-03	3.87E-03	3.62E-03	2.10E-03	4.69E-03	4.72E-03	1.87E-03	5.56E-03
A[T>C]T	6.99E-04	1.71E-03	5.99E-03	2.10E-03	1.20E-03	7.82E-03	1.72E-03	2.11E-03	3.92E-03	4.09E-03
A[T>G]A	6.42E-05	1.03E-04	3.08E-03	3.44E-03	1.98E-03	2.65E-03	4.86E-03	6.22E-03	6.05E-03	2.19E-03
A[T>G]C	1.04E-04	1.50E-07	4.47E-03	6.83E-04	1.57E-03	8.97E-04	1.47E-03	5.94E-04	2.78E-07	6.78E-04
A[T>G]G	1.01E-04	1.47E-03	1.23E-03	3.20E-03	3.31E-03	2.29E-03	2.35E-03	1.20E-03	1.39E-03	4.37E-03
A[T>G]T	2.58E-04	1.42E-03	1.75E-03	0.00E+00	1.69E-03	3.31E-03	1.90E-03	1.49E-03	1.55E-03	5.22E-04
C[C>A]A	3.58E-04	7.95E-04	7.51E-03	4.73E-03	5.25E-03	3.31E-03	2.84E-03	5.21E-03	3.16E-03	7.01E-03
C[C>A]C	2.54E-04	2.03E-03	7.51E-03	4.24E-03	5.50E-03	4.78E-03	7.93E-03	3.49E-03	4.15E-03	1.38E-03
C[C>A]G	4.59E-04	1.63E-03	1.60E-03	2.43E-03	2.05E-03	6.93E-04	3.09E-03	2.52E-03	3.59E-03	4.41E-03
C[C>A]T	3.72E-04	2.67E-22	9.16E-03	2.87E-03	7.31E-03	8.56E-03	2.74E-03	3.18E-03	5.89E-03	0.00E+00
C[C>G]A	9.98E-04	2.01E-06	5.98E-03	3.41E-03	1.50E-03	2.96E-03	4.72E-03	1.11E-03	4.23E-03	1.39E-03
C[C>G]C	3.53E-04	2.92E-04	3.75E-03	2.83E-03	2.86E-03	9.18E-04	2.60E-03	3.36E-03	6.40E-03	7.55E-03
C[C>G]G	1.05E-03	2.49E-07	2.42E-04	3.76E-03	1.18E-03	3.13E-03	2.62E-03	1.38E-03	0.00E+00	1.21E-02
C[C>G]T	1.65E-03	3.46E-14	5.50E-03	4.71E-03	3.88E-03	2.62E-03	4.08E-03	2.55E-03	3.31E-03	5.32E-03
C[C>T]A	2.39E-03	2.12E-03	3.90E-03	3.65E-03	4.46E-03	3.68E-03	3.98E-03	4.54E-03	3.60E-03	1.11E-02
C[C>T]C	1.68E-03	3.66E-08	5.09E-03	8.52E-03	1.86E-03	5.66E-03	5.61E-03	5.80E-03	6.62E-03	4.16E-03
C[C>T]G	1.98E-03	6.05E-03	7.38E-03	3.18E-03	2.78E-03	5.62E-03	4.53E-03	8.13E-03	4.06E-03	1.13E-02
C[C>T]T	9.11E-04	1.95E-03	1.08E-02	6.50E-03	4.11E-03	4.82E-03	3.45E-03	5.09E-03	5.83E-03	3.66E-03
C[T>A]A	2.22E-04	9.37E-04	1.74E-03	3.08E-03	1.66E-03	6.34E-04	2.91E-03	2.74E-03	1.96E-03	4.11E-03
C[T>A]C	4.50E-04	3.89E-03	2.98E-03	4.36E-03	2.56E-03	1.20E-03	4.49E-03	2.54E-03	6.28E-03	2.78E-03
C[T>A]G	1.64E-04	2.29E-11	3.21E-03	2.99E-03	4.80E-03	3.50E-03	2.99E-03	1.70E-03	6.36E-03	4.10E-03
C[T>A]T	0.00E+00	0.00E+00	3.84E-03	2.11E-03	3.40E-03	5.02E-03	3.83E-04	4.31E-03	3.95E-03	3.04E-03
C[T>C]A	2.59E-04	5.76E-04	1.92E-03	2.38E-03	1.05E-03	2.88E-03	1.10E-03	5.76E-04	2.12E-03	2.10E-03
C[T>C]C	3.22E-04	9.43E-05	7.22E-03	8.15E-03	3.44E-03	7.59E-03	4.02E-03	4.95E-03	5.52E-03	2.99E-03
C[T>C]G	4.28E-04	1.06E-04	1.04E-03	2.53E-03	4.91E-03	2.02E-03	4.92E-03	6.76E-04	3.99E-03	0.00E+00
C[T>C]T	1.35E-04	8.04E-04	5.05E-03	5.38E-03	1.92E-03	3.17E-03	1.65E-03	2.48E-03	5.00E-03	2.63E-03
C[T>G]A	0.00E+00	6.84E-04	1.81E-03	2.61E-03	1.97E-07	6.37E-04	3.25E-03	9.70E-04	8.03E-05	8.96E-08
C[T>G]C	2.85E-04	1.88E-03	6.53E-03	9.30E-04	2.37E-03	1.77E-03	3.06E-03	8.01E-03	4.06E-03	3.27E-03
C[T>G]G	6.71E-04	4.86E-08	5.06E-03	5.99E-03	4.00E-03	4.02E-03	4.18E-03	2.15E-03	4.97E-03	6.05E-03
C[T>G]T	0.00E+00	1.05E-03	3.18E-03	3.32E-03	2.38E-03	2.90E-03	5.23E-03	5.25E-03	2.40E-03	3.43E-03
G[C>A]A	7.15E-04	1.54E-03	4.77E-03	2.74E-03	4.21E-03	2.00E-03	4.54E-03	4.06E-03	1.34E-03	1.55E-03
G[C>A]C	5.77E-04	1.35E-03	7.19E-03	6.03E-03	6.70E-03	6.54E-04	1.93E-03	9.64E-03	3.15E-03	2.46E-03
G[C>A]G	5.08E-04	1.54E-03	4.85E-27	1.96E-03	1.85E-03	6.64E-04	3.23E-03	2.62E-03	0.00E+00	1.24E-03
G[C>A]T	3.53E-04	8.84E-03	3.43E-03	1.22E-03	3.14E-03	6.06E-03	2.29E-03	3.90E-03	3.25E-03	3.01E-03
G[C>G]A	1.35E-03	1.53E-03	4.48E-03	4.84E-03	6.40E-03	3.67E-03	6.40E-03	3.84E-11	5.07E-04	7.38E-04
G[C>G]C	2.04E-04	1.46E-03	2.35E-03	3.15E-03	2.46E-03	3.13E-03	1.27E-03	1.04E-03	2.24E-03	1.16E-03
G[C>G]G	3.49E-04	2.87E-04	1.46E-03	1.24E-03	1.01E-03	2.69E-04	7.60E-04	2.74E-32	1.18E-03	2.35E-03
G[C>G]T	1.08E-03	5.32E-03	7.43E-03	4.04E-03	6.84E-03	4.82E-03	4.56E-03	2.89E-07	1.99E-03	2.41E-03
G[C>T]A	2.04E-03	1.82E-03	2.92E-03	3.09E-03	6.62E-03	5.70E-03	3.13E-03	7.05E-03	9.14E-03	1.61E-03
G[C>T]C	9.77E-04	1.18E-03	8.03E-03	1.19E-03	2.46E-03	2.22E-03	4.28E-03	3.09E-03	2.58E-03	3.87E-03
G[C>T]G	1.74E-03	3.16E-03	5.28E-03	5.98E-03	3.16E-03	1.32E-02	1.08E-02	3.21E-03	4.08E-03	1.64E-02
G[C>T]T	1.06E-03	2.70E-03	3.18E-03	1.09E-03	5.13E-03	5.92E-03	2.18E-03	4.93E-03	6.30E-03	2.23E-03
G[T>A]A	1.50E-04	5.07E-04	2.36E-03	3.05E-03	3.35E-03	1.93E-03	1.83E-03	4.97E-04	4.22E-03	2.46E-03
G[T>A]C	0.00E+00	0.00E+00	2.79E-03	6.91E-04	1.94E-03	1.74E-03	3.18E-03	1.68E-03	8.71E-04	1.60E-03
G[T>A]G	2.81E-04	1.20E-03	3.42E-03	5.17E-03	4.04E-03	9.08E-24	3.69E-03	1.45E-03	1.98E-03	1.15E-03
G[T>A]T	1.86E-04	1.65E-03	3.32E-03	1.99E-03	2.67E-03	2.37E-03	1.99E-03	1.24E-03	5.87E-03	2.61E-03
G[T>C]A	2.62E-05	3.79E-03	9.31E-04	2.15E-03	2.36E-03	3.76E-03	7.65E-04	2.36E-03	3.93E-03	1.53E-03
G[T>C]C	2.18E-04	1.70E-03	2.44E-03	3.82E-03	1.46E-03	2.14E-03	3.19E-03	2.73E-03	1.76E-03	2.41E-03
G[T>C]G	2.28E-04	7.91E-04	1.67E-03	1.32E-03	1.82E-03	2.64E-03	2.55E-03	2.66E-03	9.33E-04	2.99E-03
G[T>C]T	1.06E-04	2.23E-03	1.49E-03	2.64E-03	2.95E-03	1.65E-03	3.86E-03	3.64E-03	6.42E-03	4.94E-03
G[T>G]A	5.66E-09	2.02E-03	3.48E-03	5.54E-03	6.28E-03	1.47E-03	5.62E-03	1.57E-03	8.83E-04	1.43E-07
G[T>G]C	2.66E-04	3.37E-03	9.07E-04	2.19E-19	1.60E-03	1.64E-03	1.36E-03	9.88E-04	3.31E-03	1.26E-03
G[T>G]G	5.13E-04	4.40E-03	2.99E-03	3.66E-03	2.96E-03	3.07E-03	6.02E-04	3.98E-03	2.63E-03	1.97E-03
G[T>G]T	2.13E-04	2.16E-03	3.83E-03	3.04E-03	3.80E-03	3.38E-03	1.50E-03	2.29E-03	2.63E-03	2.02E-03
T[C>A]A	3.75E-03	3.59E-03	3.77E-03	1.11E-03	3.31E-03	6.36E-03	5.45E-03	6.15E-03	5.34E-03	3.01E-03
T[C>A]C	5.29E-03	7.37E-03	5.35E-03	6.76E-03	8.75E-03	3.77E-03	2.22E-03	2.82E-03	4.98E-03	5.74E-03
T[C>A]G	6.77E-04	1.83E-03	3.15E-03	0.00E+00	1.00E-03	2.55E-03	4.84E-04	5.60E-03	7.75E-03	3.01E-03
T[C>A]T	1.72E-03	3.03E-03	4.90E-03	2.44E-03	7.47E-03	6.59E-03	5.07E-03	5.03E-03	4.90E-03	3.76E-03
T[C>G]A	1.97E-02	2.42E-02	1.16E-03	1.10E-03	3.23E-03	7.95E-03	6.76E-03	8.14E-03	8.35E-03	1.99E-02
T[C>G]C	4.45E-03	5.35E-03	9.63E-04	4.95E-03	2.31E-02	5.09E-03	1.40E-02	1.10E-02	5.11E-03	4.39E-03
T[C>G]G	1.57E-03	4.54E-03	1.12E-03	8.30E-04	3.26E-03	1.45E-03	8.83E-04	1.66E-07	5.97E-03	2.04E-03
T[C>G]T	1.14E-02	9.53E-03	6.99E-03	4.10E-03	7.55E-03	1.27E-02	7.13E-03	7.23E-03	1.02E-02	2.82E-02
T[C>T]A	1.43E-02	3.01E-02	2.79E-02	4.32E-03	2.71E-03	1.19E-02	5.99E-03	1.04E-02	1.92E-02	2.67E-02
T[C>T]C	1.52E-02	1.08E-02	4.57E-03	3.80E-03	2.78E-03	8.33E-03	3.75E-03	1.06E-02	6.25E-03	3.21E-03
T[C>T]G	7.78E-03	7.65E-03	3.47E-03	6.04E-03	4.24E-03	7.61E-03	7.70E-03	4.78E-03	2.06E-03	6.01E-03
T[C>T]T	7.85E-03	5.27E-03	9.22E-03	6.63E-03	8.15E-03	6.47E-03	1.54E-03	5.81E-03	9.32E-03	1.43E-02
T[T>A]A	4.03E-04	1.36E-03	1.67E-03	3.89E-24	3.47E-03	4.94E-03	3.24E-03	5.17E-03	4.46E-03	4.49E-03
T[T>A]C	3.27E-10	8.27E-04	1.99E-03	1.51E-03	3.57E-03	3.04E-03	6.21E-03	3.92E-03	1.75E-03	1.48E-03
T[T>A]G	4.24E-04	4.61E-08	2.71E-03	2.93E-03	2.05E-03	7.43E-04	2.68E-03	4.77E-03	7.33E-03	1.11E-03
T[T>A]T	5.59E-05	2.29E-03	5.26E-03	2.33E-03	3.53E-03	4.02E-03	5.08E-03	5.09E-03	4.20E-03	5.69E-04
T[T>C]A	0.00E+00	1.15E-03	9.36E-04	2.79E-03	3.22E-03	1.89E-03	3.59E-03	2.88E-03	1.41E-03	4.03E-03
T[T>C]C	3.64E-05	7.91E-04	2.09E-03	2.43E-03	3.40E-03	3.80E-03	5.32E-03	7.01E-03	5.07E-03	2.91E-03
T[T>C]G	2.33E-04	1.07E-03	1.98E-03	3.41E-03	4.41E-03	2.67E-03	2.91E-03	7.68E-04	1.13E-03	5.29E-03
T[T>C]T	1.77E-04	1.59E-03	5.37E-04	2.69E-03	6.88E-03	1.21E-03	5.17E-03	5.06E-03	4.57E-03	4.43E-03
T[T>G]A	2.21E-04	8.85E-09	2.91E-42	2.23E-03	2.49E-03	1.54E-03	5.00E-03	0.00E+00	4.88E-03	3.29E-03
T[T>G]C	2.25E-04	1.06E-04	1.36E-03	2.49E-03	1.49E-03	1.33E-03	2.95E-03	4.62E-26	4.43E-03	1.20E-03
T[T>G]G	0.00E+00	0.00E+00	2.61E-03	5.26E-03	5.12E-03	1.07E-03	7.64E-04	4.18E-03	9.09E-04	1.28E-04
T[T>G]T	5.73E-05	6.88E-09	1.98E-03	4.67E-03	3.91E-03	2.54E-03	2.19E-03	3.92E-03	4.65E-03	2.75E-03
