MutationType	SBS96A	SBS96B	SBS96C	SBS96D	SBS96E	SBS96F	SBS96G	SBS96H	SBS96I
A[C>A]A	4.66E-04	5.02E-03	4.94E-03	5.20E-03	3.38E-03	6.94E-03	6.61E-03	6.53E-03	2.78E-03
A[C>A]C	1.53E-04	5.62E-03	2.49E-04	7.04E-03	2.84E-03	7.48E-03	1.59E-03	4.11E-03	8.25E-03
A[C>A]G	2.66E-04	1.82E-03	3.81E-03	1.26E-03	4.63E-04	3.17E-03	2.25E-03	7.45E-04	1.92E-03
A[C>A]T	1.93E-04	2.89E-03	5.85E-03	1.20E-02	4.41E-03	1.25E-02	2.19E-03	1.14E-05	6.23E-03
A[C>G]A	3.35E-04	3.48E-03	6.52E-03	1.90E-03	1.72E-03	2.11E-03	5.65E-03	5.11E-03	5.10E-03
A[C>G]C	2.52E-04	3.87E-03	1.83E-03	1.92E-03	5.45E-03	1.56E-03	4.08E-03	4.41E-03	4.68E-03
A[C>G]G	2.17E-04	1.74E-03	1.54E-03	5.08E-03	3.08E-03	1.92E-03	6.08E-03	1.42E-03	2.98E-03
A[C>G]T	3.73E-04	6.05E-03	1.40E-03	3.51E-03	5.56E-03	4.15E-03	6.23E-03	4.75E-03	7.94E-03
A[C>T]A	5.21E-04	4.36E-03	2.16E-03	2.57E-03	4.24E-03	6.43E-03	1.96E-03	1.12E-02	3.87E-03
A[C>T]C	2.91E-04	3.90E-03	1.65E-03	3.77E-03	4.73E-03	2.28E-03	2.26E-03	1.97E-03	9.75E-03
A[C>T]G	1.14E-03	6.29E-03	3.51E-03	5.13E-03	5.42E-03	5.35E-03	1.12E-02	1.27E-02	1.28E-02
A[C>T]T	1.16E-04	1.80E-03	2.70E-03	4.64E-03	3.60E-03	7.93E-03	3.76E-03	5.87E-03	2.50E-03
A[T>A]A	2.03E-04	1.36E-03	1.01E-07	1.83E-03	1.62E-03	2.94E-03	1.36E-03	9.21E-04	1.14E-03
A[T>A]C	2.35E-04	4.09E-03	1.51E-03	1.55E-03	2.39E-03	2.19E-03	1.95E-03	3.79E-03	3.32E-03
A[T>A]G	3.12E-04	3.48E-03	1.96E-45	3.63E-03	3.36E-03	2.20E-03	3.60E-03	3.55E-03	4.76E-03
A[T>A]T	0.00E+00	1.48E-03	7.19E-04	2.95E-03	3.46E-03	7.90E-03	5.27E-03	2.23E-03	4.43E-04
A[T>C]A	3.12E-04	1.18E-03	4.83E-03	2.32E-03	9.07E-03	7.21E-03	2.92E-03	4.66E-03	6.78E-03
A[T>C]C	9.93E-05	3.38E-03	7.37E-04	2.77E-03	7.77E-03	3.53E-03	1.46E-03	7.05E-04	8.54E-04
A[T>C]G	5.22E-04	2.54E-03	3.60E-03	3.66E-03	3.75E-03	8.64E-03	6.08E-03	1.75E-03	6.50E-03
A[T>C]T	4.08E-04	3.93E-03	3.00E-03	8.16E-04	4.94E-03	4.20E-03	3.77E-03	5.47E-03	2.05E-03
A[T>G]A	9.01E-05	2.04E-03	3.78E-03	1.31E-03	1.38E-03	3.42E-03	2.55E-03	2.15E-03	1.51E-03
A[T>G]C	2.75E-04	2.07E-03	8.05E-08	1.64E-03	6.15E-04	9.24E-04	1.46E-03	3.13E-03	1.77E-03
A[T>G]G	2.36E-04	3.55E-03	5.85E-03	3.05E-03	5.54E-04	8.60E-04	2.54E-03	2.31E-03	2.07E-03
A[T>G]T	1.55E-04	1.42E-03	3.21E-07	3.20E-03	1.59E-03	1.66E-03	1.67E-03	1.58E-03	3.01E-03
C[C>A]A	3.85E-04	3.48E-03	6.82E-03	3.98E-03	3.63E-03	3.33E-03	1.98E-03	7.83E-03	5.35E-03
C[C>A]C	1.58E-04	4.87E-03	1.35E-03	5.33E-03	1.83E-03	5.95E-03	2.14E-04	3.91E-03	3.40E-03
C[C>A]G	3.76E-04	2.51E-03	1.83E-03	8.74E-04	1.19E-03	4.26E-03	1.89E-03	1.97E-03	9.12E-04
C[C>A]T	3.93E-04	7.21E-03	1.01E-03	4.86E-03	1.09E-02	6.91E-03	4.28E-03	2.77E-03	3.19E-03
C[C>G]A	6.36E-04	3.59E-03	4.34E-03	3.12E-03	2.15E-03	3.69E-03	2.17E-03	3.00E-03	6.99E-03
C[C>G]C	2.55E-04	5.53E-03	1.11E-03	4.19E-03	2.29E-03	3.86E-03	2.87E-03	3.39E-03	2.21E-03
C[C>G]G	1.35E-04	4.49E-03	2.41E-07	3.69E-03	2.65E-03	0.00E+00	5.08E-03	4.44E-04	7.41E-03
C[C>G]T	1.13E-03	1.49E-03	7.62E-08	5.34E-03	9.30E-03	8.67E-03	4.17E-03	9.27E-04	2.11E-02
C[C>T]A	9.23E-04	3.68E-03	1.19E-03	1.02E-02	2.78E-03	1.00E-03	3.06E-03	6.86E-03	8.11E-03
C[C>T]C	3.29E-04	2.77E-03	5.87E-04	5.79E-03	7.50E-03	8.08E-03	2.01E-03	7.34E-03	2.33E-03
C[C>T]G	1.86E-03	2.98E-03	4.05E-03	6.17E-03	3.49E-03	3.89E-03	1.12E-02	6.03E-03	3.56E-02
C[C>T]T	1.13E-03	3.34E-03	4.42E-03	7.22E-03	7.03E-03	6.17E-03	2.34E-03	5.36E-03	5.17E-03
C[T>A]A	2.28E-04	1.62E-03	2.82E-03	3.53E-03	1.54E-03	9.41E-04	2.82E-03	4.41E-03	2.53E-03
C[T>A]C	3.33E-04	4.66E-03	1.03E-03	3.13E-03	3.56E-03	3.08E-03	9.55E-12	3.90E-03	4.37E-03
C[T>A]G	1.55E-04	2.73E-03	3.86E-07	3.32E-03	1.74E-03	2.41E-03	3.86E-03	5.30E-03	5.87E-03
C[T>A]T	0.00E+00	1.25E-03	0.00E+00	6.52E-03	1.31E-03	5.03E-03	1.46E-03	2.72E-03	5.02E-03
C[T>C]A	2.40E-04	1.25E-03	1.98E-03	8.75E-04	1.80E-03	2.60E-03	2.13E-03	3.06E-03	3.25E-04
C[T>C]C	1.69E-04	4.55E-03	3.10E-18	5.97E-03	6.08E-03	2.69E-03	2.96E-03	2.86E-03	2.13E-03
C[T>C]G	3.75E-04	3.65E-03	5.51E-03	3.54E-03	4.86E-03	2.62E-03	4.67E-03	3.75E-03	3.57E-03
C[T>C]T	1.40E-04	3.87E-03	4.49E-04	3.26E-03	1.74E-03	2.29E-03	1.19E-03	2.67E-03	4.58E-04
C[T>G]A	0.00E+00	2.55E-03	2.44E-07	6.78E-04	9.96E-04	6.30E-04	1.24E-07	1.25E-03	1.68E-03
C[T>G]C	2.12E-04	6.74E-04	2.67E-03	2.73E-03	1.17E-03	2.48E-03	2.99E-03	4.88E-04	4.79E-03
C[T>G]G	1.59E-04	2.59E-03	1.84E-03	4.56E-03	4.01E-03	4.68E-03	1.73E-03	1.09E-03	2.70E-03
C[T>G]T	0.00E+00	2.82E-03	1.00E-07	3.62E-03	6.32E-03	1.46E-03	1.04E-03	2.19E-03	2.44E-03
G[C>A]A	3.49E-04	2.78E-03	4.00E-03	4.55E-03	2.56E-03	5.36E-03	3.14E-03	2.29E-03	6.45E-03
G[C>A]C	2.97E-04	6.11E-03	8.69E-04	2.49E-03	5.02E-03	5.37E-03	2.46E-03	7.17E-03	3.44E-03
G[C>A]G	3.18E-04	1.33E-03	1.99E-03	1.46E-03	8.64E-04	0.00E+00	2.53E-03	3.79E-06	3.48E-03
G[C>A]T	2.42E-04	1.65E-03	1.40E-03	3.68E-03	9.38E-03	6.70E-03	2.53E-03	6.67E-03	4.21E-03
G[C>G]A	4.87E-04	2.67E-03	1.74E-03	2.00E-03	1.15E-03	3.97E-03	2.69E-03	0.00E+00	4.07E-03
G[C>G]C	1.85E-04	9.53E-04	9.60E-04	3.15E-03	3.51E-03	4.55E-03	2.65E-03	2.70E-03	1.18E-03
G[C>G]G	3.11E-04	1.64E-03	7.89E-04	1.37E-03	1.63E-03	2.37E-03	1.21E-03	8.35E-04	1.53E-03
G[C>G]T	4.41E-04	5.01E-03	1.32E-03	9.44E-03	3.26E-03	8.99E-03	2.23E-03	1.50E-03	6.23E-03
G[C>T]A	6.46E-04	5.81E-03	5.10E-03	2.73E-03	4.47E-03	5.35E-03	6.03E-03	1.15E-02	9.00E-03
G[C>T]C	4.86E-04	4.06E-03	4.66E-03	5.89E-03	3.67E-03	8.56E-03	3.62E-03	3.01E-03	2.35E-03
G[C>T]G	5.58E-04	1.57E-23	6.57E-03	6.72E-03	1.74E-02	5.44E-03	2.04E-02	7.32E-03	1.40E-02
G[C>T]T	2.88E-04	3.84E-03	1.05E-03	2.95E-03	3.40E-03	5.70E-03	5.10E-03	5.28E-03	3.04E-03
G[T>A]A	7.58E-05	9.43E-04	1.93E-03	3.45E-03	1.78E-03	2.67E-03	2.54E-03	1.79E-03	1.15E-03
G[T>A]C	0.00E+00	2.07E-03	1.42E-07	2.15E-03	2.60E-03	2.86E-03	1.86E-03	1.15E-03	8.77E-04
G[T>A]G	2.75E-04	4.06E-03	2.05E-03	2.34E-03	1.97E-03	1.53E-03	2.40E-03	5.87E-04	3.70E-03
G[T>A]T	8.35E-05	1.03E-03	6.24E-04	2.85E-03	2.41E-03	4.07E-03	1.51E-03	1.53E-04	4.27E-03
G[T>C]A	1.02E-04	4.13E-03	1.58E-03	1.52E-03	2.46E-03	1.41E-03	2.27E-03	5.53E-03	3.85E-03
G[T>C]C	2.35E-04	1.91E-03	1.36E-03	4.32E-03	3.58E-03	2.98E-03	3.74E-03	1.35E-03	5.10E-03
G[T>C]G	2.66E-04	2.16E-03	9.88E-04	3.13E-03	3.98E-03	1.10E-03	1.78E-03	1.90E-03	8.22E-03
G[T>C]T	1.07E-04	3.29E-03	9.44E-04	1.98E-03	9.01E-03	2.65E-03	7.25E-03	4.24E-03	3.80E-03
G[T>G]A	0.00E+00	3.38E-03	7.44E-04	2.03E-03	7.01E-04	1.48E-03	1.88E-03	1.60E-03	2.47E-03
G[T>G]C	1.00E-04	1.03E-03	2.38E-03	2.30E-03	1.60E-03	1.18E-03	3.48E-03	3.82E-04	4.88E-04
G[T>G]G	3.40E-04	1.16E-03	2.64E-03	2.43E-03	1.50E-03	3.40E-03	1.32E-03	3.06E-03	2.00E-03
G[T>G]T	2.27E-04	2.47E-03	1.31E-03	3.67E-03	3.13E-03	3.19E-03	4.83E-04	1.77E-03	2.27E-07
T[C>A]A	6.69E-04	4.22E-03	3.14E-03	3.23E-03	4.95E-03	8.28E-03	3.74E-03	3.27E-03	2.51E-02
T[C>A]C	1.91E-03	4.83E-03	8.22E-03	6.57E-03	2.18E-03	4.26E-03	5.39E-03	2.98E-03	3.39E-03
T[C>A]G	2.73E-04	0.00E+00	2.33E-03	6.84E-04	1.46E-03	4.89E-03	5.20E-03	2.50E-03	1.28E-03
T[C>A]T	1.21E-03	3.07E-03	7.01E-03	8.38E-03	9.47E-03	7.83E-03	7.15E-03	3.26E-03	3.12E-03
T[C>G]A	4.49E-03	2.46E-07	2.30E-02	4.57E-03	7.80E-03	8.31E-03	8.26E-03	7.74E-03	3.70E-03
T[C>G]C	2.23E-03	4.14E-03	7.46E-03	4.23E-03	5.58E-03	1.21E-02	1.20E-02	1.18E-02	2.29E-03
T[C>G]G	1.41E-03	1.06E-03	3.99E-03	1.36E-03	1.32E-03	1.76E-03	2.70E-03	1.43E-03	9.39E-04
T[C>G]T	2.66E-03	7.15E-03	6.35E-03	4.76E-03	8.54E-03	7.51E-03	1.13E-02	8.26E-03	5.71E-03
T[C>T]A	4.80E-03	6.82E-03	1.25E-02	8.30E-03	7.36E-03	3.61E-10	1.25E-02	3.95E-03	1.70E-02
T[C>T]C	8.47E-04	4.77E-03	1.19E-02	4.47E-03	5.94E-03	3.17E-03	1.00E-02	8.65E-03	1.46E-02
T[C>T]G	2.55E-03	1.91E-03	7.59E-03	3.53E-03	3.50E-03	4.72E-03	8.42E-03	3.40E-03	2.64E-02
T[C>T]T	3.69E-03	5.08E-03	1.37E-02	9.37E-03	7.33E-03	9.27E-03	9.49E-03	7.02E-03	5.62E-03
T[T>A]A	2.30E-04	3.62E-03	4.58E-03	1.05E-03	3.95E-03	2.46E-03	5.87E-03	4.88E-03	8.24E-03
T[T>A]C	4.91E-05	2.46E-03	2.03E-03	1.91E-03	5.01E-03	2.11E-04	1.20E-03	5.29E-03	2.42E-03
T[T>A]G	4.52E-04	1.42E-03	1.98E-03	2.99E-03	7.08E-04	1.40E-03	5.34E-03	3.88E-03	1.11E-02
T[T>A]T	1.13E-04	6.98E-03	2.09E-03	6.92E-03	3.62E-03	3.12E-03	7.85E-04	2.82E-03	4.14E-26
T[T>C]A	0.00E+00	1.97E-03	6.84E-08	2.00E-03	1.62E-03	2.17E-03	6.51E-03	5.48E-03	5.86E-03
T[T>C]C	9.69E-05	3.91E-03	8.43E-04	1.08E-03	5.96E-03	1.50E-03	5.34E-03	3.75E-03	3.97E-03
T[T>C]G	3.92E-04	2.10E-03	6.23E-03	6.81E-04	1.53E-03	3.51E-03	5.69E-03	6.34E-03	1.80E-19
T[T>C]T	3.84E-05	3.64E-03	4.83E-03	2.63E-03	3.28E-03	2.96E-03	5.19E-03	4.21E-03	5.68E-03
T[T>G]A	5.52E-04	3.53E-03	6.18E-03	2.95E-03	1.88E-07	8.36E-03	2.31E-03	7.49E-04	2.21E-03
T[T>G]C	1.36E-04	2.78E-03	1.15E-03	2.44E-03	1.27E-03	1.19E-03	2.23E-03	1.11E-03	1.02E-05
T[T>G]G	0.00E+00	2.61E-03	1.05E-07	3.81E-03	1.04E-03	3.99E-03	1.69E-03	1.19E-03	9.21E-04
T[T>G]T	1.86E-04	3.43E-03	2.80E-08	3.76E-03	1.91E-03	3.75E-03	2.74E-03	6.08E-03	5.13E-03
