MutationType	SBS96A	SBS96B	SBS96C	SBS96D	SBS96E	SBS96F	SBS96G	SBS96H	SBS96I	SBS96J
A[C>A]A	0.0015365552622824906	0.0034455320117558587	0.010712519846856594	0.028306649439036845	0.01707897540181875	0.016589618381112815	0.029682302754372357	0.020338065179237693	0.014541268721222878	0.02129087783396244
A[C>A]C	0.00025609793261196503	0.0023455709040661075	0.008958304300904274	0.001757882578984038	0.022368056513369084	0.018315291311591864	0.004271600711120982	0.024246439710259436	0.012446361543698003	0.00554852976025586
A[C>A]G	0.00014881238057569136	0.001307798270136118	0.0004976961761713028	1.377048647555057e-07	0.009789904346689582	0.004482119808199059	0.01378799327249074	0.003965673409402371	0.004451191587361336	0.00397297777235508
A[C>A]T	0.0004441800267622819	0.003880917467176914	0.005073258206539322	0.024341816455125807	0.001497801916411845	0.020179245734652795	0.013973748357966543	0.013820475712418557	0.020768644381314517	0.009909508097916842
A[C>G]A	0.0012486846622778102	0.009258408006280661	0.009781154617667199	0.017253134958446027	0.006760274097428009	0.0029163247905671596	0.01255924274565814	0.010110651239506297	0.01833094600588083	0.009469305537641049
A[C>G]C	0.0005804259344586171	0.009494786243885786	0.007760804239660501	0.006979188695549965	0.003224463881315387	0.010561697260914115	0.002567759621888399	0.002728971932083368	0.01675154995173216	0.007292855344712734
A[C>G]G	0.00042345470061491144	0.007105695050120176	0.0015873897820711136	0.001314937727437382	0.0014481144309968386	0.011634847335517406	0.0008177099820613875	0.005898666162238442	0.006626438528996914	0.0059379546153650155
A[C>G]T	0.002256511151790619	0.0007511815751513496	0.01739092580974102	0.028068330697715284	0.006560950912535191	0.011497497372329236	0.0013387068366171207	0.05420045703649521	0.0028651768807321787	0.007983837462961673
A[C>T]A	0.006419871188700199	0.006525859693104907	0.007950259186327458	0.038401778787374496	0.0075888927243795475	0.0035349709447473287	0.011621170490980149	0.004706148757531991	0.013841360807418823	0.004797974950633943
A[C>T]C	0.000599743495695293	0.0067092541605234144	0.01797042414546013	0.0051116380115075796	0.011348211579024792	0.013001298066228628	0.009091903921216726	0.010370857454978125	0.01234315950423479	0.009742534754332155
A[C>T]G	0.0036941603576941874	0.01617423750708181	0.020032429741695522	0.012276302557438612	0.06149971857666969	0.0146381870795949	0.04714517183601856	0.02058074586093426	0.05467283241450786	0.0762960821390152
A[C>T]T	0.0004937848956615198	0.006189350422937423	0.014013646024977788	0.02959432825446129	0.018592778779566287	0.012892498914152384	0.0073461135849356655	0.0015986872371286155	0.007265688851479003	0.011569233983755112
A[T>A]A	0.00022231804905459315	0.0012696988647803663	0.00800323693578683	3.656580247479724e-07	0.0023875180166214706	0.0035521764308214187	0.0069667803375750735	0.004549912736865736	0.000789847403893873	0.002646816301785293
A[T>A]C	0.000715534423943609	0.004997212253510952	0.0062706041615456344	0.00340127176605165	0.014052605571755805	0.005716274533296151	0.010212975088506937	0.002515079514967056	0.014711330636578169	0.003347710194066167
A[T>A]G	0.00025387179902622845	0.0020996517851017416	0.02028802875429392	0.009303904231637716	0.006464292109012604	0.010760206077247859	0.003110178880666581	0.00211037161786351	0.005086865823705012	0.006582712509452904
A[T>A]T	0.0	0.0010541342198848724	0.01544827464967966	0.0005702988549103338	0.013254123460501432	0.0029190184127742213	0.010082865133881569	0.0032664933474734425	0.004932555171103558	0.025670812651515006
A[T>C]A	0.00010194904170930385	0.0016025200951844455	0.02235222551971674	0.0018103739337988604	0.0027206346392631532	0.021521493047475814	0.021514603309333323	0.0039506473477784534	0.02132253684103489	0.008895689100677373
A[T>C]C	0.001508215395733714	0.004376121981260894	0.0080026849297127	0.004689157479739486	0.011738624796271325	0.012323774583637714	0.007404762925580144	0.012622207961976528	0.0029513444751501083	0.001376235089586779
A[T>C]G	0.001024178008149669	0.007215132017154247	0.004391259606927633	0.010116130765527486	0.02068118192255497	0.013245474913266974	0.005756327578842502	0.012562605641619484	0.014065393479540944	0.018818333598619574
A[T>C]T	0.0009245611843653023	0.0040923278323928515	0.022114305198192595	0.0093544851988554	0.00046117804013192656	0.03078887816518545	0.003871627151966095	0.0013068722216985408	0.015608730623569045	0.008947418536990881
A[T>G]A	4.823492781724971e-05	0.002173030353907279	0.0034859980281908066	0.00885410076849521	0.006310812788433396	0.0	0.011467372346669436	0.009115407922331542	0.008845545641247555	0.0019597330932128896
A[T>G]C	7.656240160258676e-05	0.0005541138118132949	0.0018901532678910371	0.007448675875667732	0.0007947245613460823	0.003922676062211394	3.8326743379002437e-07	0.002601783268255531	0.0009272698032759763	0.0017644644796064313
A[T>G]G	0.00013899243203923105	0.005544734094291926	0.001637044831267076	0.001530766482017043	0.005598283730068943	0.009600390493869782	0.0071618713046234465	0.01766718691214919	9.296107691625366e-07	0.0015944847835896781
A[T>G]T	0.0004808174906884233	0.0010884994708433738	0.009080223585279157	0.0044740956344380845	0.006620523240417242	0.007731984043493867	0.004355925028448837	0.003372165424207196	0.002119492997735506	0.0010189851745963097
C[C>A]A	0.0005008332201321293	0.005385268274994815	0.011913701426237822	0.027268456295132637	0.022350233420729636	0.007841214537620544	0.013986148126423358	0.009302397092642422	0.011413016263395548	0.011941533535718918
C[C>A]C	0.0001905176505147211	0.0008444800972938537	0.03833080045878887	0.00928924847394228	1.0896405001403763e-06	0.01728034596890211	0.0029723743342401575	0.018153066001832485	0.01141195222735405	0.0013384978880139915
C[C>A]G	0.0016092550242319704	0.002425670857921094	0.0002799500841376812	0.001452056597918272	0.004301527701319086	0.002730660466477275	0.0019836063166621897	0.014278007135726512	0.0011592062279902394	0.0016718120272969372
C[C>A]T	0.0005363479804515236	0.004131516130291857	0.033323112316429614	0.018868463486433028	0.0074069847189093705	0.009272429160776554	3.4467100249457874e-07	0.026452979269060962	0.014406287111341953	0.01808475162833929
C[C>G]A	0.0016704799141734838	0.015027620044207879	0.011557304905727817	0.008646977320313453	0.011065160110592841	0.006954523961274184	0.0027338396990671753	0.015720388665795327	0.008780960430654261	0.0034238715321407653
C[C>G]C	0.0004506815221290594	0.0020412313537974567	0.004186794906854639	0.014684898126870394	0.005232475413410498	0.010828697495162487	0.007962121406012556	0.013083432707935572	0.013117500557564199	0.006396795064210892
C[C>G]G	0.0004357475979020364	0.00883635776117444	0.007460048142820597	8.704858032615447e-07	0.005578292709833477	0.00348931010812521	0.0029859282076358795	0.017256735981402472	0.0017249944154173135	0.00368933610365616
C[C>G]T	0.0057944457046687605	0.004997803428705083	0.025222527235746382	0.011287420522421598	0.008255242835730314	0.0035228922608723677	0.0	0.02453503916040063	0.0025684941560029984	0.015666901392796716
C[C>T]A	0.011907852347940206	0.009843094810693741	0.014029505290091037	0.025503148697316645	0.010911084176041187	0.013294387573836275	0.008022077335044741	0.012925277464091778	0.015114595694467426	0.010145448008552193
C[C>T]C	0.0027109251309656197	0.01131065029569811	0.03720070272684097	0.009059584513306618	0.008663332741707563	0.009198661055741264	0.0028720882721245287	0.010520420549437404	0.0167776083573699	0.0024271948263049127
C[C>T]G	0.01151789051364176	0.023093702085316182	0.006223862673186887	0.004345796070992947	0.06710910573601722	0.02344539323821664	0.01608696524128812	0.013709684024797752	0.02605528086423874	0.02255466692149639
C[C>T]T	0.005261836061254144	0.007843577841413207	0.022372332867234945	0.03075127340853214	0.011433158256113529	0.019486137293279172	0.007128787040710449	0.0036383674014359734	0.018138662911951542	0.028061122447252274
C[T>A]A	0.000176555713022708	0.002438747731503099	0.0015187010169029286	0.014393246360123157	0.0011835507224191133	0.0016260156762996302	0.00060536117571246	0.003489350713789467	0.005308164588859654	0.001543710907537843
C[T>A]C	0.0004000971210189164	0.0007761246119198064	0.011691192537546158	0.018271694704890252	0.0007768488489091397	0.007521335128694772	0.0008533858694136146	0.017051848769187927	0.006489837914705277	0.0042640948107987246
C[T>A]G	0.0001995491329580546	0.005278001639919694	0.003547153941417491	0.0027373968157917263	0.01625647284090519	0.015343183744698763	0.00800579345116148	0.020267042117848178	0.008231673069849422	0.0015884101659764838
C[T>A]T	0.0	0.0	0.011603258829563857	0.0005106825281245619	0.008978565176948904	0.009157998021692038	0.0030397065722979734	0.00862301466986537	0.0073147779796272515	0.0028272254244427588
C[T>C]A	0.00025113661341293894	0.0018194791162489926	0.005512546468526125	0.0030155050102621318	0.00685168132185936	0.003483914403477684	0.0010644180767656053	0.0036462796619161964	0.0029896119170530256	0.0018314399498422062
C[T>C]C	9.756660889621571e-05	0.0030851293820887806	0.01873821234330535	0.002396944157771989	0.016854003775915772	0.0032879012171179054	0.011597456224262715	0.009800856094807386	0.007712176402480964	0.01021549543365836
C[T>C]G	0.0004371267277747416	0.0019166105308272563	0.007921159639954567	0.01011143871772049	0.00026632651635516424	0.01290781919960864	0.02221421026624739	0.01741974870674312	0.009235568344593048	0.007784259352516187
C[T>C]T	0.0004191664462155131	0.00011829935643845602	0.010938167851418257	0.01055443985387683	0.00829512716481986	0.003955591408743864	0.009147746860980988	0.0030272908275946974	0.017432334087789058	0.0038283800532326493
C[T>G]A	7.490473308280343e-09	6.675301165159908e-08	0.005129431184406031	0.0035663502756506206	8.260951744887279e-07	1.7427916532142262e-07	0.0016421218543655413	0.0035712839620032355	0.005410222261176935	0.0008829783689975557
C[T>G]C	0.000634266110137105	0.0033892647828906775	0.005330384336411953	0.0027516629427395854	0.0069287960301153365	0.003065015561878681	0.003949179872870445	0.007751864800229669	0.0028394385409654887	0.015804498270154
C[T>G]G	0.0004067851475156203	0.006041390914469957	0.010320821682535097	0.01691270787268877	0.0036409901541446742	0.011257932242006063	0.00886421874165535	0.01569507544791122	0.006777982041239738	0.011306756185930586
C[T>G]T	0.0	0.0	0.01836687372997403	0.01029161037877202	0.007155324132213536	0.0037325354292988776	0.005850436585023999	0.004060454790487718	0.011733409938847217	0.004638652641824592
G[C>A]A	0.001347331750728009	0.0031478501581846284	0.018225659243762495	0.009626182354986667	0.012823796039447189	0.011606164794648067	0.004798757378011942	0.012100138980895282	0.00460207879104928	0.008459698595106601
G[C>A]C	0.000668137326062812	0.0016543027944862843	0.008943147584795951	0.027817463502287865	0.0026635550921128015	0.004878002963960171	0.015151909179985523	0.01658219685778022	0.01634778348961845	0.008777799922972918
G[C>A]G	0.00177604352356866	0.0017916418612003327	0.001970820687711239	0.003879940090700984	0.005718007916584611	0.00015939383301883937	0.0019675745628774167	0.00373359295120963	0.0015515475999563933	0.005083301425486297
G[C>A]T	0.001568638870958239	0.0013788442360237276	0.023515390790998937	0.005577529221773148	0.009669050853699446	0.011717833392887319	0.005682953493669629	0.010264992620795966	0.00823572389781475	0.003340272605419159
G[C>G]A	0.001570835151784422	0.004057229578029365	0.008464527642354369	0.018388239666819572	0.003222880605608225	0.009709885530173778	1.8921490118373184e-05	0.007156650506385631	0.0007476424973575972	0.0085795342456699
G[C>G]C	0.0004859037642745534	0.0010192618239670992	0.0072825663723051545	0.0023863443593199916	0.010463095968589187	0.011296891793608665	0.012726914323866367	0.004068490583449602	0.005633600832436514	1.527860149508342e-08
G[C>G]G	0.0008137781547830514	0.0016015292524116486	0.0016590173356235028	0.0017616246755778775	2.6188995434495154e-07	0.0016030661530521684	0.002012920930155815	0.00970783461816609	0.0014463638421148063	0.0021929436836217063
G[C>G]T	0.0034976206719875337	0.0016835677198699273	0.016847587492520688	0.016126166842877866	9.414466921456917e-08	0.0247335908934474	0.0025221202745512985	0.026352372393012045	0.002972992602735758	0.004669113830843315
G[C>T]A	0.001928862603381281	0.014398172218352556	0.00976298145542387	0.026840180903673173	0.006731839422081975	0.013473225943744182	0.01807366535067558	0.018066554924007504	0.02001930046826601	0.010053182542135986
G[C>T]C	0.00359875881113112	0.00740286111831665	0.007644082186743617	0.015476117376238108	0.0079937313683331	0.009779373183848838	0.009860322531312703	0.019089554250240327	0.011127461958676577	0.006735920952633023
G[C>T]G	0.006925929174030901	0.03500882787629962	0.013751286105252803	8.088257570629483e-30	0.08725751340389251	0.022421965189278126	0.007537477277219297	0.013040950521826744	0.03226749487221241	0.051486951485276225
G[C>T]T	0.00407536877049014	0.0022140415345745625	0.014835181832313537	0.014137402921915055	0.007671544840559363	0.00488325678743422	0.015397389393667993	0.007956992089748382	0.01039518932811916	0.010106864338740706
G[T>A]A	0.00016025233489926904	0.001761094620451331	0.002615928091166202	0.000443495437502861	0.013861026154700085	0.0037701502325944622	0.0037416355122786627	0.0038560372525807906	0.009850210439020657	0.0011451849977220264
G[T>A]C	0.0	0.002523900382220745	0.007638052292168141	8.525406645456674e-05	0.00498113993962761	0.0029570597583642665	0.0026109791277121987	0.003447100121741187	0.0008276069508440287	0.006678472738713026
G[T>A]G	0.0002112238103244124	0.0018606997095048428	0.002327017020434141	0.0070178035110984634	0.0008837102037205114	0.008515197038650512	0.002115381592778931	0.015761934127658604	0.002821437692540485	0.008301626052707433
G[T>A]T	0.00012083427282050252	0.002436357643455267	0.006902052224177169	0.008608191684592726	0.003613324887010094	0.003648487851023674	0.001988614241713549	0.0034460442674117075	0.005645748181268573	0.010277904663279191
G[T>C]A	7.713200175203383e-05	0.0037576716393232347	0.0040779379196465015	0.012678605690598487	0.005439281366625437	0.016670504584908485	0.00927016045898199	0.014095807634294032	0.01363232871517539	0.005425938684493303
G[T>C]C	0.0006728938111336902	0.0036997852381318807	0.004781195979740005	0.004820872165288393	0.01103193536400795	0.007841167598962783	0.0026902884244918825	0.012889919988811015	0.006525493040680885	0.007778347237035632
G[T>C]G	0.0001481767951133861	0.0025171262212097647	2.9547342705882328e-08	0.000853446275439751	0.010261381097575396	0.009405872505158185	0.00161223542938842	0.0035693224908982303	0.005389530248953634	0.009785287687554956
G[T>C]T	0.00030773848411627533	0.0030098313232883884	0.007429090049117804	0.007807473978027701	0.011731711591872649	0.006042455974981325	0.011124035583532078	0.011709805922680516	0.011764556728303432	0.00398573305015546
G[T>G]A	0.0	0.0013255250462918867	0.003689785208553076	0.0098372514359653	0.009541783109307289	0.001225919835269451	0.003882586267422994	0.0076475986279547215	0.002703383096741163	0.0010195928099392404
G[T>G]C	0.0003836810647044331	0.0032429153337716343	0.0020509627345631997	0.0009768469259142875	0.0005709484357339534	0.0027308432385325433	0.005680595524609089	0.0007191344280727208	0.0013203367358073591	0.006751847773831798
G[T>G]G	0.0021218544337898494	8.704257084021621e-08	0.0114646200905554	0.01708758734166622	0.0022362661606166513	0.007312409952282906	0.0038866044487804174	0.006236886754720672	0.0037671548232316	0.005777661176398397
G[T>G]T	0.00014239773154485553	0.0010155775584280492	0.010294525689437251	0.005274026561528445	0.0009073186142984468	0.0036673884373158217	0.0074987303465604786	0.001231782001764259	0.010013121853376106	0.004013021538730755
T[C>A]A	0.017122934014189344	0.0313695352524519	0.028292794525623322	0.008998365141451359	0.011415118537843227	0.0054459722712636	0.007454450812656432	0.017167153675109147	0.01851690523326397	0.03552781967446208
T[C>A]C	0.009858999419410708	0.029967974312603472	0.0042383608408272265	0.035924405232071875	0.0007091260515282131	0.03366975281387567	0.019248347729444504	0.00611686890515557	0.007683917507529258	0.01419974721843532
T[C>A]G	0.0015236029401421553	0.011687234044075012	0.004767426894977689	0.0019605724708299022	0.004487538430839777	0.00014574525412172079	0.005009702793347515	1.0834078238985967e-07	0.00225692761555365	0.013677152893592393
T[C>A]T	0.01201663026586175	0.02144079115241766	0.03869996480643749	0.006692900881171226	0.024387622997164727	0.023633258417248726	0.016502205468714237	0.014478606823831796	0.02171560637652874	0.01210215464234352
T[C>G]A	0.15579115152359008	0.0763930020679254	0.009342715330421924	0.012949546243225996	1.7276251936024885e-21	0.018112714402377605	0.054836183041334155	1.5774586472616947e-07	0.017340273736044763	0.0032839573765539145
T[C>G]C	0.030381449786820315	0.055393537133932115	0.0021218279376626014	0.04138515144586563	0.009196111653000116	0.007577571913447606	0.06438013575971127	0.01359521560370922	0.017461732029914856	0.022569070942699908
T[C>G]G	0.008319329563528299	0.023372788913547993	0.0009170215765834655	0.00189426951110363	0.0	0.004496236955537825	0.014901867136359215	0.000658882909920093	0.0036101116333156825	6.25126270192844e-12
T[C>G]T	0.1696946680545807	0.16178037226200104	0.029084966331720353	0.01606641560792923	0.010375125202920426	0.0640996240079403	0.07499098852276802	0.004766353345166863	0.018512293579260587	0.028366046223163723
T[C>T]A	0.23909310400485992	0.09970550909638405	0.006670859790894832	0.0112657157733974	0.014566437781129987	0.031989174988120796	0.045795618742704394	0.011271907027396194	0.03708056136965752	0.01939995102584362
T[C>T]C	0.06858982890844345	0.03966173902153969	0.017310636304318904	0.01691108299419284	0.02551879547536373	0.012830891547514451	0.024422825872898103	0.014640734344720841	0.01826728105661459	0.032785299234092236
T[C>T]G	0.05735761560499668	0.04326970875263214	0.014376083045499399	0.020268679969012736	0.01378897015844589	0.009804797871038318	0.008834610320627689	0.021339555585291235	0.01145504675978636	0.04734810348600149
T[C>T]T	0.12606179416179658	0.04226718562291733	0.016152424179017542	0.01578251365572214	0.043389969319105146	0.04197751814499497	0.03229357525706291	0.0010865137184737279	0.021342455968260766	0.03807131834328174
T[T>A]A	0.0002614988770801574	0.006893602397212817	0.005979480035603046	0.00577636337839067	0.016104939114302396	0.006547912850737703	0.007856636308133602	0.0042938113445416095	0.013277807272970676	0.018669649213552474
T[T>A]C	6.067839858587831e-05	0.0016740591963753104	0.00717369187623691	0.002202492474702922	0.005813354137353599	0.006140672648325562	0.00378328999504447	0.020612139024888166	0.006206660890973126	0.007943040225200093
T[T>A]G	9.88406967962874e-05	0.004357758443802595	0.005223659798502922	0.004001724161207676	0.004134546080604195	0.00618062037974596	0.012351717287674546	0.010178655432537199	0.010398156102746725	0.0047368576750159265
T[T>A]T	0.00042540861759334805	0.0007178620050297014	0.01204648045822978	0.010821089826367824	0.0	0.014926194213330746	0.0025154982937579005	0.015773564018309115	0.010424568667076528	0.000762416422367096
T[T>C]A	0.0	0.001671046344563365	0.002662763549324154	0.001954718492925167	0.009221079479902982	0.004145456166277484	0.003895169824659206	0.006416721611697085	0.015317397192120552	0.009532799711450934
T[T>C]C	8.555838139727712e-05	0.002451836573405608	0.0022065693150523204	0.015367475710809231	0.012737460248172284	0.00626023169606924	0.008061864785850048	0.013677756767719984	0.00913251128513366	0.011989770084619522
T[T>C]G	0.0004941172664989314	0.00479735741391778	0.0008954364108000251	0.010325350612401963	2.178332124458393e-07	0.003026745654642582	0.011645866092294455	0.0	0.001437422585445347	0.008679823440252222
T[T>C]T	5.815507029183209e-05	0.0008335363474543556	0.011403415910899639	0.005907326256055967	0.024456761404871942	0.003451855315756802	0.016395728662610055	0.016972566954901624	0.020952635630965232	0.008701236643946685
T[T>G]A	0.00023993329352834706	0.00464526611904148	0.0	0.006914606764007658	0.013177089765667916	0.005361400824040174	0.008667057030834258	0.010142280100518519	0.0027806696016341448	0.004627047296918363
T[T>G]C	0.00028822764638221105	0.0009785325488337548	0.002588446528284294	0.00894284974783659	0.0026471731715901115	0.008331207931041718	0.0018730875104665755	0.002220623301491287	0.003863226020189359	0.005849798396229744
T[T>G]G	0.0	0.0	0.004006499045897271	0.0020389333025150336	0.009126964874963051	0.010096054710447788	0.0029188124819029327	0.01028379718773067	0.008177165993546964	2.4359151667790145e-07
T[T>G]T	0.0003664745624654144	0.0022612672359684895	0.010253673233091832	0.006507822033017874	0.017131447419524194	0.006688214517203051	0.009834516048431396	0.009387859422713519	0.004770425229799003	0.012397601370008716
