MutationType	ID83A	ID83B	ID83C	ID83D	ID83E	ID83F	ID83G	ID83H	ID83I	ID83J	ID83K	ID83L	ID83M
1:Del:C:0	2.48E-03	1.86E-06	1.56E-03	1.66E-06	2.73E-03	1.17E-03	1.02E-07	1.79E-04	7.55E-04	1.91E-03	8.87E-04	1.56E-03	1.51E-03
1:Del:C:1	1.76E-02	1.32E-02	2.46E-06	3.62E-06	1.39E-02	2.63E-02	7.96E-08	3.89E-06	5.22E-07	1.27E-06	4.17E-07	1.21E-02	1.47E-06
1:Del:C:2	1.57E-02	3.26E-06	1.62E-02	2.08E-02	5.22E-02	1.98E-06	6.87E-08	1.09E-02	7.52E-07	1.56E-06	4.51E-07	1.67E-06	1.48E-06
1:Del:C:3	3.03E-02	6.92E-02	3.00E-02	2.92E-02	1.49E-02	1.84E-06	2.23E-03	2.69E-02	5.42E-07	1.07E-06	1.85E-02	1.39E-06	3.33E-02
1:Del:C:4	2.49E-02	7.29E-02	2.25E-02	8.93E-03	1.39E-02	1.63E-06	7.55E-03	3.36E-06	1.23E-06	1.24E-06	1.70E-06	1.64E-06	1.91E-06
1:Del:C:5	2.16E-03	9.03E-03	9.54E-03	2.73E-03	1.65E-03	1.64E-06	6.85E-03	2.55E-06	1.38E-06	1.98E-03	1.49E-02	1.82E-03	1.81E-06
1:Del:T:0	1.42E-06	1.92E-06	1.73E-04	3.93E-04	1.89E-06	2.12E-06	2.19E-07	1.46E-06	3.07E-04	7.39E-04	1.31E-04	8.50E-04	7.39E-04
1:Del:T:1	7.88E-03	2.50E-06	6.00E-03	4.15E-06	2.74E-03	1.70E-02	4.69E-07	4.76E-02	6.01E-07	7.54E-07	8.34E-07	1.45E-06	1.63E-06
1:Del:T:2	5.67E-03	1.35E-02	1.91E-06	5.60E-02	1.23E-02	1.20E-06	9.35E-08	2.22E-02	4.64E-07	7.61E-07	1.69E-06	1.25E-02	1.66E-06
1:Del:T:3	6.08E-02	5.46E-06	6.41E-03	2.29E-02	1.55E-02	1.52E-06	2.84E-03	3.71E-06	8.64E-07	1.00E-06	8.61E-07	1.50E-06	1.90E-06
1:Del:T:4	2.29E-02	5.18E-06	7.07E-02	1.84E-02	2.34E-02	1.32E-06	8.39E-03	8.00E-03	8.83E-07	7.73E-07	2.30E-06	1.15E-06	1.09E-03
1:Del:T:5	1.11E-02	1.73E-02	2.30E-02	1.14E-02	9.38E-03	8.02E-07	1.45E-02	4.19E-06	2.49E-07	1.57E-06	3.41E-07	6.92E-03	2.60E-06
1:Ins:C:0	2.17E-03	2.72E-03	1.42E-03	1.76E-06	5.44E-03	1.94E-06	8.11E-08	1.46E-06	9.13E-04	1.65E-03	1.47E-03	4.53E-03	2.72E-03
1:Ins:C:1	7.89E-03	3.93E-06	5.10E-03	2.10E-06	1.56E-06	2.03E-06	1.29E-08	1.66E-06	3.13E-03	1.48E-02	5.35E-03	1.94E-02	7.01E-03
1:Ins:C:2	5.94E-04	1.33E-06	6.35E-03	8.10E-04	2.06E-06	1.78E-06	1.25E-03	4.61E-03	2.30E-03	5.89E-03	2.56E-03	3.92E-03	7.57E-03
1:Ins:C:3	1.56E-05	5.98E-03	2.95E-03	6.05E-03	6.57E-03	2.02E-06	6.21E-04	3.66E-03	1.08E-03	7.39E-03	1.44E-03	1.62E-03	6.36E-03
1:Ins:C:4	5.96E-03	2.92E-06	7.05E-03	9.07E-03	2.27E-06	3.47E-03	5.48E-04	9.44E-03	1.48E-03	1.68E-02	4.02E-03	8.12E-03	1.20E-02
1:Ins:C:5	1.24E-06	8.38E-03	1.45E-06	2.03E-06	2.68E-06	2.56E-06	7.29E-03	1.71E-02	1.35E-06	8.66E-03	4.24E-03	1.28E-02	2.78E-02
1:Ins:T:0	5.68E-07	1.44E-02	3.44E-03	1.47E-06	2.84E-06	1.05E-03	4.58E-04	1.32E-06	1.68E-03	5.89E-03	4.14E-03	4.80E-03	1.40E-03
1:Ins:T:1	7.07E-07	4.81E-06	4.22E-02	2.31E-02	1.75E-06	1.08E-02	8.15E-08	5.32E-07	6.76E-03	3.25E-02	4.67E-03	1.96E-02	3.59E-02
1:Ins:T:2	1.12E-06	1.69E-06	1.09E-02	9.06E-03	1.00E-06	4.67E-03	2.46E-03	1.56E-06	1.70E-03	8.18E-03	4.38E-03	4.54E-03	1.15E-02
1:Ins:T:3	4.66E-03	1.42E-02	6.32E-03	3.24E-06	7.50E-03	2.81E-03	2.46E-03	8.26E-03	1.90E-03	4.50E-03	2.68E-03	8.91E-03	5.82E-03
1:Ins:T:4	3.77E-03	4.32E-03	3.71E-04	2.10E-06	1.81E-06	2.02E-03	7.83E-04	3.16E-06	7.93E-04	3.52E-03	3.46E-04	3.04E-03	1.91E-03
1:Ins:T:5	4.02E-09	4.15E-06	1.02E-06	1.65E-06	4.74E-07	1.06E-06	1.09E-02	2.56E-06	8.00E-03	3.32E-03	1.32E-02	1.69E-02	5.11E-02
2:Del:R:0	3.33E-07	1.01E-06	1.05E-06	4.66E-07	8.22E-07	4.28E-08	2.79E-03	5.30E-07	1.10E-02	3.10E-03	2.96E-02	1.06E-06	1.19E-06
2:Del:R:1	2.41E-03	2.33E-03	5.29E-03	3.05E-06	1.30E-06	2.03E-03	3.82E-04	1.85E-06	1.39E-03	3.98E-03	2.27E-03	3.55E-03	3.78E-03
2:Del:R:2	1.81E-06	9.33E-04	2.94E-06	2.17E-06	3.38E-04	2.36E-06	2.53E-07	1.74E-06	6.90E-07	3.50E-04	8.36E-05	2.13E-04	1.29E-04
2:Del:R:3	5.04E-04	2.22E-06	7.42E-04	2.18E-06	2.01E-06	3.26E-06	2.81E-07	1.62E-06	1.30E-04	1.78E-04	1.91E-04	3.83E-04	2.01E-04
2:Del:R:4	1.33E-06	1.68E-04	2.69E-06	1.85E-06	2.12E-06	5.27E-04	2.46E-07	1.46E-06	4.74E-04	3.13E-04	5.54E-04	3.07E-04	1.55E-06
2:Del:R:5	1.81E-06	2.39E-06	3.08E-06	2.47E-06	2.37E-06	2.35E-06	2.83E-07	1.92E-06	3.33E-07	9.49E-07	9.55E-07	1.41E-06	1.51E-06
3:Del:R:0	7.86E-04	1.29E-05	4.39E-03	5.92E-04	9.81E-06	9.75E-03	6.50E-03	6.77E-05	7.50E-03	4.47E-02	1.57E-02	8.99E-03	1.53E-04
3:Del:R:1	1.56E-06	1.47E-06	1.10E-03	9.87E-04	2.06E-06	2.70E-06	7.81E-04	2.41E-04	1.97E-06	2.37E-03	1.08E-03	2.96E-03	1.95E-03
3:Del:R:2	2.21E-06	5.16E-04	2.65E-06	1.80E-04	8.11E-04	2.59E-04	5.92E-05	1.58E-06	2.34E-04	2.49E-04	3.57E-04	1.12E-03	4.18E-04
3:Del:R:3	1.81E-06	2.39E-06	3.08E-06	2.47E-06	2.37E-06	2.35E-06	2.83E-07	1.92E-06	3.33E-07	9.49E-07	9.55E-07	1.41E-06	1.51E-06
3:Del:R:4	1.81E-06	2.39E-06	3.08E-06	2.47E-06	2.37E-06	2.35E-06	2.83E-07	1.92E-06	3.33E-07	9.49E-07	9.55E-07	1.41E-06	1.51E-06
3:Del:R:5	1.81E-06	2.39E-06	3.08E-06	2.47E-06	2.37E-06	2.35E-06	2.83E-07	1.92E-06	3.33E-07	9.49E-07	9.55E-07	1.41E-06	1.51E-06
4:Del:R:0	1.55E-02	2.42E-03	7.66E-06	1.34E-06	9.19E-04	6.37E-03	7.37E-04	2.93E-06	8.53E-03	1.58E-02	8.50E-03	1.67E-02	1.58E-02
4:Del:R:1	1.70E-06	2.23E-06	1.83E-04	5.61E-06	1.96E-06	1.99E-06	1.50E-04	1.66E-06	1.82E-04	5.59E-04	3.60E-04	1.07E-03	2.74E-04
4:Del:R:2	1.81E-06	2.39E-06	3.08E-06	2.47E-06	2.37E-06	2.35E-06	2.83E-07	1.92E-06	3.33E-07	9.49E-07	9.55E-07	1.41E-06	1.51E-06
4:Del:R:3	1.81E-06	2.39E-06	3.08E-06	2.47E-06	2.37E-06	2.35E-06	2.83E-07	1.92E-06	3.33E-07	9.49E-07	9.55E-07	1.41E-06	1.51E-06
4:Del:R:4	1.81E-06	2.39E-06	3.08E-06	2.47E-06	2.37E-06	2.35E-06	2.83E-07	1.92E-06	3.33E-07	9.49E-07	9.55E-07	1.41E-06	1.51E-06
4:Del:R:5	1.81E-06	2.39E-06	3.08E-06	2.47E-06	2.37E-06	2.35E-06	2.83E-07	1.92E-06	3.33E-07	9.49E-07	9.55E-07	1.41E-06	1.51E-06
5:Del:R:0	7.41E-09	6.20E-07	7.13E-07	7.36E-09	4.71E-09	1.55E-07	1.42E-07	1.01E-06	2.70E-02	9.76E-07	6.93E-07	1.88E-06	1.37E-06
5:Del:R:1	1.81E-06	2.39E-06	3.08E-06	2.47E-06	2.37E-06	2.35E-06	2.83E-07	1.92E-06	3.33E-07	9.49E-07	9.55E-07	1.41E-06	1.51E-06
5:Del:R:2	1.81E-06	2.39E-06	3.08E-06	2.47E-06	2.37E-06	2.35E-06	2.83E-07	1.92E-06	3.33E-07	9.49E-07	9.55E-07	1.41E-06	1.51E-06
5:Del:R:3	1.81E-06	2.39E-06	3.08E-06	2.47E-06	2.37E-06	2.35E-06	2.83E-07	1.92E-06	3.33E-07	9.49E-07	9.55E-07	1.41E-06	1.51E-06
5:Del:R:4	1.81E-06	2.39E-06	3.08E-06	2.47E-06	2.37E-06	2.35E-06	2.83E-07	1.92E-06	3.33E-07	9.49E-07	9.55E-07	1.41E-06	1.51E-06
5:Del:R:5	1.81E-06	2.39E-06	3.08E-06	2.47E-06	2.37E-06	2.35E-06	2.83E-07	1.92E-06	3.33E-07	9.49E-07	9.55E-07	1.41E-06	1.51E-06
2:Ins:R:0	4.52E-03	8.08E-03	7.95E-03	7.85E-06	1.67E-06	1.32E-03	1.54E-08	2.30E-03	9.55E-04	4.84E-03	2.66E-03	9.36E-03	1.91E-03
2:Ins:R:1	1.91E-06	2.15E-06	2.09E-05	4.46E-06	6.81E-06	1.61E-06	3.40E-04	2.27E-06	3.37E-03	1.13E-02	5.02E-03	8.17E-03	1.34E-02
2:Ins:R:2	1.68E-06	7.33E-06	2.84E-03	7.08E-03	2.15E-06	2.92E-06	1.35E-03	2.18E-06	2.53E-03	5.49E-03	2.05E-03	8.24E-03	2.71E-03
2:Ins:R:3	1.84E-06	3.50E-04	2.77E-06	2.34E-06	2.38E-06	2.29E-06	2.49E-04	2.61E-05	4.50E-07	8.84E-07	9.17E-07	1.59E-06	6.70E-04
2:Ins:R:4	5.63E-04	1.17E-04	7.18E-04	4.55E-04	9.47E-04	9.52E-05	1.84E-04	1.22E-03	6.89E-07	6.80E-04	3.11E-04	7.81E-04	8.81E-04
2:Ins:R:5	1.49E-03	1.73E-06	4.27E-06	7.41E-04	1.94E-06	1.18E-04	1.84E-04	5.24E-04	3.26E-04	2.98E-03	8.90E-05	9.30E-04	1.24E-03
3:Ins:R:0	1.30E-06	1.40E-06	1.38E-03	2.50E-04	3.49E-06	1.68E-03	1.29E-07	2.13E-06	1.12E-03	1.04E-03	1.85E-03	7.14E-03	2.23E-03
3:Ins:R:1	1.00E-06	7.75E-03	2.72E-03	2.47E-04	1.57E-03	7.60E-04	4.88E-07	2.03E-06	4.02E-04	3.48E-03	1.01E-03	1.10E-03	2.47E-03
3:Ins:R:2	1.75E-03	2.41E-04	9.02E-04	1.90E-06	1.53E-06	1.56E-04	4.72E-04	1.42E-03	1.03E-03	7.19E-04	3.38E-04	1.46E-03	1.86E-03
3:Ins:R:3	1.81E-06	2.39E-06	3.08E-06	2.47E-06	2.37E-06	2.35E-06	2.83E-07	1.92E-06	3.33E-07	9.49E-07	9.55E-07	1.41E-06	1.51E-06
3:Ins:R:4	1.69E-06	2.38E-06	2.00E-04	2.20E-06	2.05E-06	8.70E-05	3.85E-04	1.74E-06	1.62E-04	4.23E-04	1.04E-06	1.93E-04	5.04E-04
3:Ins:R:5	5.19E-04	7.80E-04	1.19E-03	1.95E-04	5.48E-04	2.38E-06	2.55E-04	3.76E-04	1.84E-04	3.44E-04	3.71E-04	5.51E-04	7.76E-04
4:Ins:R:0	1.16E-03	6.25E-03	3.17E-03	1.11E-03	1.90E-03	2.60E-06	1.16E-07	6.74E-04	9.14E-04	7.97E-04	1.08E-03	4.10E-03	1.52E-03
4:Ins:R:1	1.44E-06	1.07E-02	3.94E-03	4.13E-03	4.73E-03	2.10E-03	3.62E-08	4.82E-03	1.45E-03	3.89E-03	1.61E-03	3.21E-04	1.98E-03
4:Ins:R:2	2.85E-06	1.99E-06	4.83E-04	1.88E-04	2.01E-06	2.13E-06	2.53E-07	4.50E-04	1.83E-04	1.00E-03	2.26E-04	1.73E-03	2.44E-04
4:Ins:R:3	1.81E-06	2.39E-06	3.08E-06	2.47E-06	2.37E-06	2.35E-06	2.83E-07	1.92E-06	3.33E-07	9.49E-07	9.55E-07	1.41E-06	1.51E-06
4:Ins:R:4	1.81E-06	2.39E-06	3.08E-06	2.47E-06	2.37E-06	2.35E-06	2.83E-07	1.92E-06	3.33E-07	9.49E-07	9.55E-07	1.41E-06	1.51E-06
4:Ins:R:5	2.30E-04	3.32E-04	8.55E-05	2.19E-06	2.01E-06	2.05E-06	3.19E-07	1.71E-04	1.24E-04	1.00E-03	1.87E-04	3.17E-04	3.81E-04
5:Ins:R:0	2.13E-03	6.34E-03	4.49E-03	1.98E-06	2.67E-06	1.99E-03	5.98E-04	2.02E-03	1.38E-03	3.57E-03	1.57E-03	5.24E-03	3.06E-03
5:Ins:R:1	9.20E-07	9.54E-03	1.33E-02	6.40E-03	1.72E-06	3.07E-06	2.31E-08	1.20E-06	4.03E-03	7.61E-03	4.29E-03	2.05E-03	5.46E-03
5:Ins:R:2	1.81E-06	2.39E-06	3.08E-06	2.47E-06	2.37E-06	2.35E-06	2.83E-07	1.92E-06	3.33E-07	9.49E-07	9.55E-07	1.41E-06	1.51E-06
5:Ins:R:3	1.81E-06	2.39E-06	3.08E-06	2.47E-06	2.37E-06	2.35E-06	2.83E-07	1.92E-06	3.33E-07	9.49E-07	9.55E-07	1.41E-06	1.51E-06
5:Ins:R:4	1.81E-06	1.03E-03	4.04E-04	1.96E-06	2.13E-06	6.46E-06	8.37E-05	1.72E-06	5.34E-07	1.05E-03	2.93E-04	4.89E-04	1.76E-06
5:Ins:R:5	2.86E-04	3.32E-04	1.71E-04	3.23E-06	1.94E-06	2.11E-06	3.19E-07	3.39E-04	2.19E-04	2.64E-04	1.67E-04	6.09E-04	4.29E-04
2:Del:M:1	1.27E-06	1.51E-02	6.10E-03	1.39E-02	7.65E-07	1.08E-06	8.44E-04	3.88E-07	1.97E-06	2.36E-02	1.59E-02	6.81E-03	7.27E-03
3:Del:M:1	2.19E-02	1.40E-02	2.42E-02	1.25E-06	8.20E-07	7.20E-07	3.26E-03	9.12E-07	4.80E-03	2.12E-02	1.38E-02	9.58E-03	1.49E-02
3:Del:M:2	7.18E-06	1.12E-02	8.79E-03	6.25E-03	2.97E-06	4.09E-06	2.50E-03	1.31E-06	1.89E-03	9.96E-03	4.14E-03	5.98E-03	3.10E-03
4:Del:M:1	7.78E-03	1.87E-02	1.75E-02	1.32E-02	1.90E-06	1.43E-06	6.01E-04	2.90E-06	3.04E-03	1.12E-02	7.44E-03	1.18E-02	4.76E-03
4:Del:M:2	1.42E-06	7.73E-03	2.77E-03	3.11E-03	1.70E-06	1.74E-06	9.08E-09	9.91E-07	6.83E-04	5.24E-03	3.49E-03	2.11E-03	2.29E-03
4:Del:M:3	2.43E-03	1.82E-03	1.70E-03	5.58E-04	1.80E-06	1.18E-04	9.18E-05	6.16E-04	3.73E-04	1.14E-03	8.70E-04	4.24E-04	9.79E-04
5:Del:M:1	1.09E-07	7.24E-07	1.03E-06	1.49E-06	1.36E-06	1.48E-06	1.00E-07	5.65E-09	2.49E-02	1.08E-06	1.68E-02	5.27E-02	1.59E-06
5:Del:M:2	1.47E-06	1.57E-06	2.06E-06	2.52E-06	2.84E-06	7.08E-03	2.10E-07	1.90E-06	7.25E-03	1.05E-02	1.05E-02	2.43E-02	1.09E-02
5:Del:M:3	1.51E-06	3.55E-06	3.14E-06	3.23E-03	1.35E-06	1.67E-04	1.52E-08	2.36E-03	2.04E-03	3.34E-03	2.27E-03	7.71E-03	6.23E-03
5:Del:M:4	1.27E-06	2.55E-03	3.31E-03	2.37E-06	2.02E-06	6.27E-06	1.64E-08	2.85E-06	1.05E-03	2.89E-03	1.31E-03	3.53E-03	2.46E-03
5:Del:M:5	2.68E-04	1.03E-03	1.52E-04	5.58E-04	1.78E-06	2.18E-06	4.11E-04	1.01E-03	3.96E-04	1.34E-03	4.23E-04	8.02E-04	1.65E-03
