MutationType	DBS78A	DBS78B	DBS78C	DBS78D
AC>CA	1.90E-03	1.18E-03	2.66E-03	4.25E-03
AC>CG	1.35E-03	5.73E-07	1.84E-03	1.52E-06
AC>CT	7.96E-03	2.47E-03	4.00E-03	3.09E-06
AC>GA	2.12E-06	2.84E-03	2.41E-03	2.56E-03
AC>GG	3.52E-07	3.22E-07	1.44E-07	1.29E-06
AC>GT	8.83E-04	5.88E-04	2.86E-07	8.71E-04
AC>TA	3.64E-03	2.68E-03	4.83E-03	5.33E-03
AC>TG	6.51E-04	2.13E-03	1.94E-07	8.98E-07
AC>TT	2.97E-03	4.50E-04	2.55E-03	7.72E-03
AT>CA	5.33E-03	7.88E-04	2.35E-03	2.21E-03
AT>CC	3.52E-07	3.22E-07	1.44E-07	1.29E-06
AT>CG	3.52E-07	3.22E-07	1.44E-07	1.29E-06
AT>GA	3.83E-07	2.32E-03	2.85E-07	2.81E-03
AT>GC	3.52E-07	3.22E-07	1.44E-07	1.29E-06
AT>TA	1.09E-03	3.17E-03	1.05E-07	6.31E-03
CC>AA	2.77E-02	3.21E-02	7.34E-03	2.89E-02
CC>AG	8.60E-03	5.32E-03	1.49E-03	2.05E-02
CC>AT	7.86E-03	5.81E-03	5.63E-03	1.24E-02
CC>GA	1.16E-02	6.26E-03	2.88E-03	1.24E-02
CC>GG	2.12E-03	2.27E-07	3.18E-07	2.76E-03
CC>GT	1.28E-02	6.00E-03	1.09E-02	3.95E-03
CC>TA	7.04E-03	3.91E-03	4.52E-03	7.84E-03
CC>TG	4.19E-07	1.77E-03	2.85E-03	4.07E-03
CC>TT	5.96E-03	4.60E-03	2.53E-02	8.86E-03
CG>AT	1.69E-03	1.26E-03	2.66E-07	3.07E-06
CG>GC	3.52E-07	3.22E-07	1.44E-07	1.29E-06
CG>GT	4.06E-03	3.30E-03	3.05E-07	4.07E-03
CG>TA	9.13E-07	1.38E-03	3.64E-03	6.29E-03
CG>TC	3.52E-07	3.22E-07	1.44E-07	1.29E-06
CG>TT	3.52E-07	3.22E-07	1.44E-07	1.29E-06
CT>AA	7.44E-03	5.75E-03	6.32E-03	1.01E-02
CT>AC	1.69E-03	1.12E-03	1.01E-07	1.50E-03
CT>AG	1.20E-02	2.31E-03	4.36E-03	9.63E-03
CT>GA	1.05E-02	1.94E-03	2.19E-07	1.02E-04
CT>GC	2.60E-03	2.89E-07	3.23E-03	1.10E-06
CT>GG	2.25E-03	6.20E-04	2.74E-03	2.57E-03
CT>TA	5.56E-03	6.46E-03	1.15E-02	1.13E-02
CT>TC	4.92E-07	3.45E-03	6.64E-03	6.06E-03
CT>TG	2.45E-03	1.97E-07	4.11E-03	8.79E-03
GC>AA	1.03E-02	1.70E-02	7.81E-03	3.10E-02
GC>AG	1.31E-02	9.14E-03	5.01E-03	1.00E-02
GC>AT	4.48E-03	3.09E-03	3.57E-07	6.62E-03
GC>CA	6.84E-03	4.89E-04	4.45E-03	1.14E-02
GC>CG	3.52E-07	3.22E-07	1.44E-07	1.29E-06
GC>TA	1.83E-03	2.22E-03	1.79E-03	1.36E-03
TA>AT	1.95E-03	2.78E-03	2.14E-03	2.28E-02
TA>CG	3.01E-03	2.05E-07	3.21E-07	2.43E-03
TA>CT	9.02E-03	2.94E-03	1.96E-03	4.25E-03
TA>GC	3.52E-07	3.22E-07	1.44E-07	1.29E-06
TA>GG	8.03E-07	5.27E-07	8.93E-04	1.36E-03
TA>GT	1.88E-03	2.78E-03	9.40E-04	1.42E-03
TC>AA	2.47E-02	1.08E-02	8.03E-03	9.52E-03
TC>AG	1.72E-03	4.03E-03	7.26E-03	1.59E-02
TC>AT	9.38E-03	8.89E-03	1.97E-02	5.10E-03
TC>CA	1.70E-03	7.81E-03	1.10E-02	8.86E-03
TC>CG	5.93E-03	2.74E-03	2.82E-03	1.85E-06
TC>CT	4.35E-03	9.62E-03	1.36E-02	7.29E-03
TC>GA	6.95E-03	8.27E-03	1.87E-03	1.23E-02
TC>GG	2.47E-03	1.81E-03	3.53E-03	4.69E-03
TC>GT	2.32E-03	7.23E-04	4.85E-03	1.57E-02
TG>AA	3.28E-03	3.77E-03	2.45E-07	8.71E-04
TG>AC	3.43E-07	1.37E-03	1.66E-07	3.32E-03
TG>AT	4.97E-03	3.42E-03	1.22E-07	6.38E-03
TG>CA	4.66E-03	8.66E-03	6.41E-03	1.32E-02
TG>CC	1.16E-03	1.83E-03	1.51E-03	1.51E-03
TG>CT	1.83E-02	1.21E-02	3.13E-07	3.08E-02
TG>GA	4.24E-03	3.08E-07	3.26E-07	8.72E-04
TG>GC	7.22E-03	3.94E-07	2.02E-07	3.49E-03
TG>GT	3.94E-03	2.99E-03	3.66E-03	1.08E-02
TT>AA	6.22E-03	6.91E-04	1.44E-03	8.45E-03
TT>AC	3.23E-03	2.01E-07	2.45E-07	1.74E-03
TT>AG	7.80E-03	3.10E-03	2.73E-03	2.68E-06
TT>CA	3.98E-07	3.95E-07	1.38E-03	1.40E-06
TT>CC	1.01E-07	6.21E-04	3.22E-03	2.11E-03
TT>CG	1.83E-03	1.77E-03	3.02E-07	6.17E-03
TT>GA	3.52E-07	3.22E-07	1.44E-07	1.29E-06
TT>GC	8.84E-04	2.92E-07	5.64E-03	1.99E-06
TT>GG	6.51E-04	1.48E-03	3.86E-07	4.83E-07
