MutationType	SBS96A	SBS96B	SBS96C	SBS96D	SBS96E	SBS96F	SBS96G	SBS96H
A[C>A]A	1.81E-04	1.13E-04	4.05E-04	2.42E-03	1.01E-04	2.12E-03	3.21E-03	3.70E-03
A[C>A]C	7.46E-05	1.76E-04	7.96E-04	3.75E-03	2.11E-04	3.30E-03	2.52E-03	6.89E-03
A[C>A]G	1.06E-05	1.24E-05	3.69E-04	1.71E-03	2.10E-04	1.07E-03	1.57E-03	1.29E-03
A[C>A]T	2.19E-05	1.95E-05	4.85E-04	2.02E-03	4.56E-04	2.20E-03	1.68E-03	3.00E-03
A[C>G]A	2.05E-04	1.50E-04	1.22E-04	3.75E-04	4.47E-05	2.46E-03	2.41E-03	2.53E-03
A[C>G]C	1.83E-04	1.93E-04	2.06E-04	2.31E-03	1.20E-04	2.29E-03	1.91E-03	1.75E-03
A[C>G]G	8.15E-05	1.45E-46	5.85E-05	5.45E-04	1.02E-04	1.76E-03	1.56E-03	1.60E-03
A[C>G]T	2.45E-04	4.00E-05	4.79E-06	1.65E-03	1.73E-04	2.36E-03	2.06E-03	1.66E-03
A[C>T]A	2.74E-04	4.03E-04	2.31E-03	5.34E-03	9.42E-04	2.69E-03	3.88E-03	1.78E-03
A[C>T]C	1.20E-05	1.94E-04	1.45E-03	2.89E-03	8.18E-04	2.10E-03	4.66E-03	3.63E-03
A[C>T]G	3.97E-04	3.48E-04	8.58E-03	1.31E-02	2.63E-03	3.00E-03	7.83E-03	7.53E-03
A[C>T]T	1.15E-04	2.22E-04	1.28E-03	3.81E-03	9.13E-04	2.27E-03	3.62E-03	2.81E-03
A[T>A]A	3.44E-05	1.14E-05	1.26E-04	2.02E-03	4.38E-04	9.11E-04	1.82E-03	2.01E-03
A[T>A]C	5.23E-05	2.82E-05	1.07E-03	2.02E-03	4.79E-04	1.41E-03	2.86E-03	2.02E-03
A[T>A]G	2.57E-06	9.37E-05	6.74E-04	2.46E-03	2.74E-04	1.06E-03	2.72E-03	3.13E-03
A[T>A]T	1.89E-05	3.42E-05	3.02E-04	1.87E-03	9.42E-04	6.31E-04	1.45E-03	1.80E-03
A[T>C]A	4.64E-05	1.96E-05	9.75E-04	4.00E-03	1.22E-03	1.15E-03	1.82E-03	2.82E-03
A[T>C]C	9.13E-05	2.22E-05	4.58E-04	1.61E-03	1.02E-03	1.51E-03	2.38E-03	1.55E-03
A[T>C]G	7.21E-06	4.95E-06	1.85E-03	6.50E-03	2.26E-03	1.14E-03	3.19E-03	3.91E-03
A[T>C]T	7.81E-05	6.35E-05	1.57E-03	5.24E-03	8.99E-04	1.26E-03	3.32E-03	6.18E-03
A[T>G]A	3.60E-05	3.77E-05	1.40E-04	8.50E-04	5.82E-05	6.16E-04	1.15E-03	1.18E-03
A[T>G]C	3.20E-05	1.73E-05	2.89E-04	6.18E-04	1.74E-04	6.48E-04	8.38E-04	1.06E-03
A[T>G]G	1.95E-05	4.88E-05	1.36E-04	6.55E-04	1.03E-04	1.06E-03	1.62E-03	8.18E-04
A[T>G]T	3.11E-05	3.23E-05	2.26E-04	1.23E-03	1.95E-04	7.76E-04	1.22E-03	1.45E-03
C[C>A]A	1.82E-04	1.41E-04	3.44E-04	1.12E-03	6.21E-04	3.41E-03	3.48E-03	4.10E-03
C[C>A]C	1.10E-04	5.40E-05	1.36E-03	8.05E-04	1.45E-03	2.60E-03	4.31E-03	2.86E-03
C[C>A]G	6.65E-05	6.93E-05	4.50E-04	1.00E-03	4.55E-04	1.39E-03	1.65E-03	1.48E-03
C[C>A]T	1.88E-04	1.14E-04	2.22E-03	7.73E-04	3.07E-03	1.24E-03	2.71E-03	2.10E-03
C[C>G]A	3.86E-04	1.93E-04	6.05E-05	6.21E-04	5.76E-05	2.58E-03	1.63E-03	2.50E-03
C[C>G]C	1.12E-04	8.91E-05	4.35E-08	2.72E-03	4.67E-47	3.32E-03	2.44E-03	2.69E-03
C[C>G]G	8.82E-06	1.32E-05	4.46E-04	2.11E-03	5.95E-05	2.56E-03	2.12E-03	2.48E-03
C[C>G]T	4.00E-04	3.37E-04	3.04E-05	2.54E-03	6.70E-05	3.54E-03	2.05E-03	2.93E-03
C[C>T]A	1.22E-03	1.56E-03	2.23E-03	7.24E-03	2.85E-04	2.86E-03	7.67E-03	4.44E-03
C[C>T]C	3.69E-04	4.67E-04	2.29E-03	4.11E-03	9.27E-04	1.92E-03	5.96E-03	5.47E-03
C[C>T]G	4.58E-04	1.07E-03	9.73E-03	1.00E-02	2.49E-03	1.25E-03	8.04E-03	6.37E-03
C[C>T]T	6.53E-04	7.75E-04	1.82E-03	3.64E-03	8.00E-04	2.92E-03	5.69E-03	4.69E-03
C[T>A]A	5.68E-05	5.85E-05	1.33E-07	2.94E-04	2.88E-04	8.29E-04	9.81E-04	1.20E-03
C[T>A]C	7.80E-05	4.13E-05	1.19E-04	1.62E-03	4.21E-04	1.90E-03	8.97E-04	2.47E-03
C[T>A]G	2.88E-05	5.24E-05	5.93E-04	2.12E-03	3.61E-04	2.18E-03	1.39E-03	3.00E-03
C[T>A]T	2.72E-05	4.95E-05	1.45E-04	1.14E-03	2.36E-04	1.94E-03	2.31E-03	1.90E-03
C[T>C]A	2.81E-05	1.04E-05	2.39E-05	7.41E-04	1.44E-03	5.88E-04	8.77E-04	1.03E-03
C[T>C]C	4.38E-05	4.56E-05	2.35E-04	2.11E-03	1.30E-03	2.14E-03	1.90E-03	2.62E-03
C[T>C]G	1.40E-05	1.36E-05	2.66E-07	8.50E-07	2.40E-03	8.13E-04	1.51E-03	6.97E-04
C[T>C]T	1.03E-04	8.33E-05	5.79E-04	1.88E-03	2.03E-03	1.72E-03	2.74E-03	2.31E-03
C[T>G]A	4.32E-06	2.21E-06	7.87E-05	6.94E-04	1.32E-06	6.95E-04	6.71E-04	8.86E-04
C[T>G]C	5.67E-05	6.54E-05	2.84E-04	1.31E-03	5.15E-04	8.45E-04	1.36E-03	1.33E-03
C[T>G]G	2.77E-07	0.00E+00	4.32E-05	1.35E-03	5.54E-04	1.86E-03	1.74E-03	1.70E-03
C[T>G]T	7.90E-05	3.12E-05	3.54E-04	2.30E-03	7.54E-04	2.10E-03	2.19E-03	2.77E-03
G[C>A]A	6.67E-05	6.91E-05	4.11E-04	5.04E-03	5.94E-05	3.79E-03	4.40E-03	5.77E-03
G[C>A]C	1.24E-04	4.67E-47	4.77E-04	2.87E-03	4.59E-04	3.48E-03	4.35E-03	3.89E-03
G[C>A]G	0.00E+00	4.67E-05	9.70E-04	1.11E-03	5.90E-05	6.29E-04	1.67E-03	2.05E-03
G[C>A]T	1.32E-04	6.49E-05	5.39E-04	1.74E-03	3.74E-04	3.41E-03	3.07E-03	3.94E-03
G[C>G]A	1.81E-04	1.31E-04	0.00E+00	1.39E-03	1.38E-04	1.52E-03	9.77E-04	1.72E-03
G[C>G]C	1.15E-04	9.53E-05	4.63E-04	1.31E-03	3.90E-04	1.97E-03	1.85E-03	2.00E-03
G[C>G]G	9.99E-05	5.61E-05	9.75E-05	1.00E-03	4.16E-05	1.20E-03	1.15E-03	1.11E-03
G[C>G]T	2.02E-04	2.70E-04	1.28E-04	1.84E-03	1.61E-04	2.58E-03	1.86E-03	8.00E-04
G[C>T]A	7.59E-04	6.88E-04	2.92E-03	2.65E-03	2.55E-03	1.50E-03	5.02E-03	3.63E-03
G[C>T]C	3.95E-04	5.76E-04	5.50E-03	4.07E-03	3.92E-03	1.84E-03	6.14E-03	2.77E-03
G[C>T]G	4.11E-04	4.84E-04	5.03E-03	1.08E-02	4.24E-03	8.15E-04	4.36E-03	4.58E-03
G[C>T]T	2.91E-04	4.28E-04	3.76E-03	1.69E-03	3.16E-03	1.77E-03	4.23E-03	1.67E-03
G[T>A]A	5.56E-05	7.23E-05	1.27E-04	5.92E-04	2.84E-04	8.45E-04	7.46E-04	8.19E-04
G[T>A]C	7.92E-05	1.25E-04	2.80E-04	1.57E-03	5.89E-04	1.15E-03	1.45E-03	1.77E-03
G[T>A]G	1.40E-05	1.51E-05	5.72E-08	1.23E-03	7.34E-04	1.51E-03	1.17E-03	1.92E-03
G[T>A]T	2.31E-05	3.69E-08	1.00E-04	1.19E-03	2.59E-04	8.54E-04	1.23E-03	1.91E-03
G[T>C]A	4.34E-05	3.09E-05	7.01E-07	4.32E-03	4.02E-03	2.27E-07	3.63E-03	8.51E-07
G[T>C]C	3.24E-05	2.83E-05	4.12E-04	1.07E-03	1.51E-03	1.14E-03	1.57E-03	1.56E-03
G[T>C]G	5.61E-05	2.35E-07	3.15E-04	1.81E-03	2.12E-03	1.36E-06	1.41E-06	1.93E-04
G[T>C]T	1.25E-05	5.79E-05	9.83E-04	3.67E-03	2.89E-03	5.59E-04	3.56E-03	1.47E-03
G[T>G]A	2.03E-05	0.00E+00	5.52E-05	4.86E-04	1.59E-04	6.51E-04	3.23E-04	9.78E-04
G[T>G]C	4.20E-06	0.00E+00	3.26E-04	6.62E-04	2.61E-04	9.91E-04	9.75E-04	1.21E-03
G[T>G]G	1.15E-05	3.28E-09	8.65E-05	1.25E-03	2.05E-04	1.52E-03	1.18E-03	1.09E-03
G[T>G]T	0.00E+00	0.00E+00	1.90E-04	1.35E-03	2.85E-04	8.95E-04	1.18E-03	1.15E-03
T[C>A]A	3.17E-03	3.30E-03	6.91E-04	4.28E-03	1.34E-04	1.72E-03	6.43E-03	3.25E-03
T[C>A]C	1.49E-03	2.03E-03	1.14E-03	4.13E-03	3.86E-04	2.77E-03	7.98E-03	3.72E-03
T[C>A]G	7.64E-04	8.50E-04	6.85E-04	2.18E-03	0.00E+00	6.96E-04	3.36E-03	1.57E-03
T[C>A]T	1.92E-03	2.07E-03	6.82E-04	2.39E-03	5.00E-04	5.40E-03	9.68E-03	3.88E-03
T[C>G]A	1.06E-02	2.62E-03	1.53E-07	1.68E-02	8.90E-06	4.43E-07	3.03E-04	2.38E-07
T[C>G]C	3.89E-03	7.85E-04	2.11E-07	8.72E-03	1.72E-05	3.20E-03	4.71E-03	2.37E-03
T[C>G]G	1.52E-03	1.78E-04	1.06E-04	3.10E-03	9.14E-05	1.19E-03	1.78E-03	7.72E-04
T[C>G]T	1.13E-02	5.32E-04	2.22E-05	1.42E-02	1.92E-04	2.40E-04	2.68E-03	9.05E-05
T[C>T]A	1.25E-02	2.29E-02	1.34E-07	5.19E-04	3.15E-04	2.80E-07	8.81E-04	5.21E-05
T[C>T]C	1.65E-03	6.18E-03	3.22E-03	1.20E-02	1.32E-04	3.71E-03	1.28E-02	3.95E-03
T[C>T]G	9.35E-04	7.78E-03	1.00E-02	2.70E-02	8.42E-04	5.02E-04	4.90E-03	3.35E-03
T[C>T]T	2.78E-03	1.63E-02	6.64E-06	2.59E-02	7.64E-05	2.79E-03	2.07E-02	4.00E-03
T[T>A]A	3.27E-05	4.57E-05	6.32E-04	2.04E-03	2.12E-04	9.03E-04	1.73E-03	1.81E-03
T[T>A]C	4.45E-05	4.24E-05	2.34E-04	1.71E-03	2.98E-04	1.06E-03	1.78E-03	1.14E-03
T[T>A]G	1.34E-09	1.26E-05	7.92E-08	2.34E-04	2.37E-04	9.95E-04	7.91E-04	1.23E-03
T[T>A]T	4.82E-05	2.58E-06	1.75E-04	1.52E-03	2.20E-04	1.23E-03	1.52E-03	2.05E-03
T[T>C]A	5.77E-05	4.05E-05	9.24E-04	7.87E-04	9.05E-04	8.22E-04	1.47E-03	1.77E-03
T[T>C]C	1.06E-04	1.00E-04	8.11E-04	2.42E-03	1.77E-03	1.16E-03	3.00E-03	2.17E-03
T[T>C]G	5.87E-05	5.12E-05	9.89E-04	8.04E-04	1.43E-03	8.06E-04	1.51E-03	8.59E-04
T[T>C]T	1.82E-05	2.45E-05	8.18E-04	1.98E-03	9.53E-04	6.48E-04	2.65E-03	2.10E-03
T[T>G]A	3.96E-05	3.02E-05	9.85E-05	9.04E-04	1.36E-05	1.03E-03	8.03E-04	1.08E-03
T[T>G]C	5.31E-05	3.80E-05	2.68E-04	9.97E-04	1.32E-04	9.50E-04	1.32E-03	1.53E-03
T[T>G]G	3.96E-05	5.94E-05	4.37E-04	7.00E-04	2.05E-04	1.06E-03	1.00E-03	1.34E-03
T[T>G]T	3.59E-05	1.39E-05	1.04E-04	9.45E-04	2.32E-04	2.01E-03	1.99E-03	2.02E-03
