MutationType	SBS96A	SBS96B	SBS96C	SBS96D	SBS96E	SBS96F	SBS96G	SBS96H	SBS96I	SBS96J	SBS96K	SBS96L
A[C>A]A	4.87E-04	3.01E-03	5.26E-03	3.04E-03	2.38E-03	5.11E-03	4.36E-03	5.74E-03	1.43E-03	9.07E-03	9.53E-03	8.78E-03
A[C>A]C	1.38E-04	4.98E-18	2.99E-03	1.68E-03	3.70E-03	7.62E-03	5.57E-03	4.92E-03	6.78E-03	3.60E-03	3.98E-03	4.82E-03
A[C>A]G	8.28E-04	9.96E-04	1.69E-04	1.13E-03	2.03E-03	1.05E-03	3.22E-03	2.51E-03	0.00E+00	7.65E-03	3.91E-03	1.86E-03
A[C>A]T	1.51E-03	3.21E-03	1.02E-02	3.95E-03	1.90E-03	9.41E-08	3.63E-03	5.18E-03	1.78E-02	5.37E-03	5.84E-03	5.67E-03
A[C>G]A	8.10E-04	1.37E-03	2.09E-03	4.15E-03	4.23E-03	3.26E-03	4.46E-03	2.63E-03	3.23E-03	3.10E-03	3.17E-03	4.87E-03
A[C>G]C	8.86E-04	8.08E-04	2.82E-03	1.61E-03	2.33E-03	2.17E-03	2.72E-03	1.93E-03	3.19E-03	2.04E-07	1.13E-06	3.16E-03
A[C>G]G	7.55E-04	1.70E-07	2.57E-03	3.98E-04	1.44E-03	6.78E-08	2.75E-03	3.27E-03	3.71E-03	5.29E-03	0.00E+00	1.28E-03
A[C>G]T	5.23E-04	4.52E-03	8.59E-03	6.34E-03	3.67E-03	2.71E-03	1.29E-02	4.07E-03	1.04E-02	2.24E-03	5.53E-03	2.60E-03
A[C>T]A	1.74E-03	1.85E-03	6.89E-03	2.77E-03	1.94E-04	2.43E-03	8.07E-03	6.63E-03	1.03E-02	4.86E-03	2.92E-03	6.75E-03
A[C>T]C	6.04E-04	2.63E-03	2.36E-03	6.73E-03	1.44E-03	4.18E-03	7.16E-03	2.71E-03	5.50E-03	4.55E-03	3.52E-03	2.66E-03
A[C>T]G	7.78E-03	5.40E-03	3.71E-03	3.11E-03	7.17E-03	1.79E-02	8.07E-03	9.21E-03	1.46E-02	1.10E-02	1.20E-02	3.44E-02
A[C>T]T	2.91E-04	2.82E-03	3.21E-03	3.90E-03	1.78E-03	6.43E-03	4.47E-03	3.57E-03	4.16E-03	2.97E-03	2.39E-03	1.63E-03
A[T>A]A	4.32E-04	1.78E-04	2.24E-03	3.21E-03	1.90E-03	1.47E-03	8.98E-04	2.55E-03	2.71E-03	1.36E-07	2.04E-03	2.02E-03
A[T>A]C	4.70E-04	1.70E-07	4.08E-03	1.72E-03	1.59E-03	5.46E-03	3.39E-03	1.43E-03	4.15E-03	6.48E-03	2.26E-03	6.59E-04
A[T>A]G	2.01E-04	6.76E-04	1.68E-03	2.99E-03	5.12E-03	5.19E-03	3.26E-03	3.39E-03	2.19E-03	2.84E-03	5.23E-03	2.55E-03
A[T>A]T	3.11E-03	1.93E-03	2.88E-03	4.04E-03	2.58E-03	5.19E-03	4.05E-03	4.85E-03	1.21E-03	2.74E-03	2.08E-03	1.72E-07
A[T>C]A	7.64E-04	7.34E-04	2.96E-03	7.66E-03	1.59E-03	4.27E-03	4.85E-03	4.47E-03	2.42E-03	6.47E-03	8.48E-03	9.71E-03
A[T>C]C	4.45E-04	1.23E-03	2.54E-03	2.98E-03	4.97E-03	1.80E-03	4.29E-03	1.43E-03	7.29E-03	1.54E-03	7.74E-03	1.32E-03
A[T>C]G	1.41E-03	1.53E-03	1.99E-03	2.36E-03	5.12E-03	2.94E-03	3.58E-03	6.51E-03	6.04E-03	3.13E-03	4.44E-03	6.70E-03
A[T>C]T	8.69E-05	1.48E-03	2.06E-03	1.27E-02	3.50E-03	1.55E-03	7.36E-04	5.04E-03	8.78E-03	3.04E-03	5.79E-03	5.47E-03
A[T>G]A	6.29E-05	1.44E-03	3.35E-03	3.65E-03	5.58E-04	1.21E-03	3.11E-03	5.28E-03	4.31E-03	3.03E-03	4.86E-03	5.55E-14
A[T>G]C	1.14E-04	8.05E-04	2.43E-03	4.48E-04	1.45E-03	1.43E-07	1.59E-03	2.50E-03	1.72E-03	1.43E-07	1.49E-07	1.01E-03
A[T>G]G	2.06E-04	9.05E-04	1.29E-03	1.46E-03	2.72E-03	3.36E-07	3.16E-03	2.83E-03	2.89E-03	1.00E-07	7.13E-08	4.29E-04
A[T>G]T	1.57E-04	1.63E-03	1.01E-03	2.44E-03	5.06E-03	4.23E-03	2.76E-03	5.69E-08	1.12E-03	1.06E-07	2.89E-03	4.01E-25
C[C>A]A	7.36E-04	1.62E-03	4.08E-03	2.71E-03	3.00E-03	3.28E-03	4.02E-03	7.96E-03	5.25E-03	7.91E-03	8.21E-03	1.38E-03
C[C>A]C	4.18E-04	1.49E-03	7.58E-03	7.09E-03	4.84E-03	1.16E-07	8.14E-03	4.34E-03	4.56E-03	3.07E-08	2.91E-03	5.44E-03
C[C>A]G	7.95E-04	1.10E-03	2.34E-03	5.62E-04	1.03E-03	1.10E-03	2.74E-03	1.25E-03	2.47E-07	2.25E-03	1.55E-03	1.98E-03
C[C>A]T	8.22E-04	8.72E-04	3.39E-03	6.59E-03	3.76E-03	4.08E-03	7.17E-03	4.92E-03	1.29E-03	1.65E-03	9.25E-03	3.67E-03
C[C>G]A	2.88E-03	1.23E-03	2.24E-03	5.78E-03	2.22E-03	2.52E-03	4.64E-03	3.66E-03	2.62E-03	2.07E-03	3.41E-03	4.80E-03
C[C>G]C	4.25E-04	1.53E-03	3.97E-03	4.05E-03	3.67E-03	2.24E-03	8.22E-03	5.08E-03	4.93E-03	6.24E-03	2.36E-03	2.77E-03
C[C>G]G	1.09E-03	8.19E-04	1.10E-03	8.45E-04	3.43E-03	2.02E-03	6.32E-03	1.27E-03	4.55E-03	2.73E-03	1.50E-03	1.48E-03
C[C>G]T	1.82E-03	1.86E-03	4.70E-03	1.01E-02	4.01E-03	1.30E-02	4.06E-03	4.61E-03	2.63E-03	1.60E-03	6.30E-03	2.72E-03
C[C>T]A	4.33E-03	3.71E-03	1.23E-03	4.62E-03	2.00E-03	3.60E-03	4.95E-03	5.99E-03	9.27E-03	9.38E-03	2.05E-03	3.48E-03
C[C>T]C	1.86E-03	1.36E-03	2.71E-03	5.00E-03	9.88E-04	2.12E-03	5.33E-03	4.72E-03	2.69E-03	3.12E-03	6.88E-03	1.72E-02
C[C>T]G	7.93E-03	6.53E-03	1.95E-03	3.18E-03	8.51E-03	1.02E-02	6.60E-03	2.96E-03	6.38E-03	1.08E-02	5.98E-03	1.24E-02
C[C>T]T	1.36E-03	2.83E-03	4.36E-03	4.95E-03	2.05E-03	2.34E-03	6.55E-03	3.19E-03	3.71E-03	3.02E-03	7.03E-03	7.99E-03
C[T>A]A	1.23E-04	8.12E-04	2.43E-03	4.02E-03	4.51E-04	2.24E-03	2.41E-03	3.90E-03	1.79E-03	8.43E-04	3.47E-03	4.83E-03
C[T>A]C	5.59E-04	1.31E-03	4.29E-03	4.48E-03	5.38E-04	0.00E+00	6.18E-03	1.99E-03	3.37E-03	1.58E-03	2.88E-03	5.12E-03
C[T>A]G	5.68E-04	7.93E-04	1.30E-03	1.42E-03	8.03E-04	7.77E-03	8.08E-03	2.10E-03	3.67E-03	4.69E-03	2.01E-07	1.12E-03
C[T>A]T	3.03E-08	0.00E+00	2.75E-03	3.47E-03	2.42E-04	2.63E-03	2.91E-03	3.71E-03	2.15E-03	9.42E-04	3.27E-03	5.00E-04
C[T>C]A	3.60E-04	9.83E-05	1.49E-03	1.54E-03	2.30E-03	2.56E-03	9.52E-04	1.67E-03	2.16E-07	1.78E-03	2.72E-03	6.61E-03
C[T>C]C	1.36E-04	2.80E-44	2.71E-03	4.06E-03	1.27E-03	1.75E-03	3.85E-03	5.27E-03	1.28E-03	5.89E-03	4.18E-03	3.73E-03
C[T>C]G	4.62E-04	2.31E-03	2.15E-03	3.92E-03	2.77E-03	1.26E-24	5.23E-03	5.62E-03	8.90E-04	9.16E-03	1.00E-02	6.40E-03
C[T>C]T	1.31E-04	6.77E-04	2.49E-03	5.45E-03	2.67E-39	8.95E-04	2.02E-03	4.24E-03	1.27E-03	3.02E-03	7.20E-03	4.93E-03
C[T>G]A	4.36E-08	1.36E-03	5.09E-04	3.56E-04	7.85E-04	1.40E-03	3.43E-03	8.24E-04	5.49E-04	5.92E-04	9.54E-08	6.10E-04
C[T>G]C	1.34E-03	2.06E-03	1.60E-03	3.43E-03	3.93E-03	3.14E-03	9.48E-04	2.81E-03	2.67E-03	4.66E-04	9.44E-03	7.16E-03
C[T>G]G	9.08E-04	6.68E-04	1.08E-03	7.20E-03	3.99E-03	3.03E-03	2.28E-03	4.53E-03	3.47E-03	2.92E-03	4.07E-03	3.73E-03
C[T>G]T	1.10E-16	2.19E-03	3.43E-03	3.21E-03	2.51E-03	7.64E-03	4.28E-03	4.94E-03	5.30E-03	4.38E-03	1.44E-03	3.41E-03
G[C>A]A	8.74E-04	2.51E-03	3.22E-03	4.25E-03	5.91E-03	1.00E-02	4.05E-03	1.80E-03	4.28E-03	8.10E-04	4.64E-03	3.11E-03
G[C>A]C	4.50E-04	4.49E-03	2.12E-03	5.74E-03	8.98E-04	1.19E-03	4.74E-03	3.73E-03	3.05E-03	1.47E-03	4.87E-03	4.31E-03
G[C>A]G	1.43E-03	1.42E-03	1.33E-03	2.37E-03	1.62E-03	2.01E-03	6.54E-03	4.32E-04	2.99E-03	2.52E-04	3.87E-04	6.36E-03
G[C>A]T	1.07E-03	1.58E-03	2.08E-03	1.49E-03	3.22E-03	2.74E-03	7.37E-03	3.73E-03	2.52E-03	4.88E-03	7.25E-03	5.77E-03
G[C>G]A	5.00E-04	2.10E-03	5.66E-03	1.77E-03	1.31E-03	9.01E-04	2.98E-03	1.66E-03	0.00E+00	8.01E-08	2.50E-03	1.53E-03
G[C>G]C	2.73E-04	1.58E-03	2.17E-03	2.03E-03	1.10E-03	6.88E-04	3.34E-03	1.76E-03	3.36E-03	2.02E-03	3.37E-03	5.13E-04
G[C>G]G	4.95E-04	3.64E-07	1.03E-03	1.04E-03	7.80E-04	1.91E-07	1.76E-03	1.09E-03	1.99E-07	8.05E-04	2.66E-09	1.54E-03
G[C>G]T	4.74E-04	1.76E-03	7.00E-03	5.43E-03	3.65E-03	0.00E+00	9.68E-03	3.14E-03	3.55E-03	3.98E-08	2.98E-03	3.11E-03
G[C>T]A	1.77E-03	6.52E-03	4.85E-03	3.46E-03	5.61E-04	6.10E-03	1.25E-02	8.67E-03	4.89E-03	4.06E-03	1.04E-02	4.51E-03
G[C>T]C	1.16E-03	1.64E-03	5.62E-03	6.24E-03	6.48E-04	5.14E-03	3.03E-03	4.47E-03	3.20E-03	5.94E-03	7.54E-03	1.98E-02
G[C>T]G	5.20E-03	3.94E-03	5.98E-03	4.74E-03	1.05E-02	1.16E-02	6.17E-03	4.70E-03	1.11E-02	1.21E-02	7.55E-03	9.10E-03
G[C>T]T	2.16E-03	3.06E-03	1.30E-02	3.72E-03	2.97E-03	6.23E-03	5.96E-03	3.88E-03	3.81E-03	5.34E-03	1.77E-03	2.72E-03
G[T>A]A	9.64E-05	4.67E-04	1.70E-03	1.10E-03	1.10E-03	2.45E-03	3.87E-03	8.69E-04	2.14E-03	3.71E-03	3.51E-03	1.52E-03
G[T>A]C	7.75E-09	2.05E-08	2.64E-03	3.23E-03	2.04E-03	1.84E-03	1.63E-03	2.55E-03	2.54E-03	1.63E-03	3.30E-07	6.89E-04
G[T>A]G	3.57E-04	4.94E-03	6.19E-03	1.80E-03	1.31E-03	2.06E-03	5.01E-03	2.24E-03	3.98E-03	1.85E-03	8.31E-04	6.64E-03
G[T>A]T	4.54E-05	9.97E-04	4.17E-03	5.21E-03	2.11E-03	2.98E-03	3.25E-03	1.67E-03	1.28E-03	1.76E-07	2.24E-03	1.80E-03
G[T>C]A	1.16E-03	2.02E-03	9.38E-03	2.50E-03	2.69E-03	4.46E-04	3.07E-03	1.06E-02	4.93E-03	9.50E-04	3.28E-03	3.93E-03
G[T>C]C	9.48E-04	1.40E-03	1.81E-03	1.60E-03	3.57E-03	1.93E-03	4.15E-03	4.68E-04	3.56E-03	2.93E-03	5.07E-03	2.94E-03
G[T>C]G	4.82E-04	9.62E-04	4.20E-03	8.40E-04	2.44E-03	3.32E-07	2.48E-03	1.19E-03	8.29E-03	1.89E-07	5.23E-04	1.97E-03
G[T>C]T	7.24E-05	7.22E-04	2.11E-03	1.80E-03	2.17E-03	4.30E-03	5.31E-03	2.81E-03	1.13E-07	3.91E-03	3.40E-03	2.65E-03
G[T>G]A	1.65E-42	3.50E-03	4.60E-03	2.71E-03	1.16E-03	6.30E-03	3.90E-03	4.61E-03	5.90E-04	5.09E-04	3.41E-03	8.50E-04
G[T>G]C	8.56E-04	9.52E-04	2.29E-03	1.63E-03	1.07E-03	3.06E-03	1.01E-06	2.33E-03	1.07E-07	3.29E-03	3.28E-03	5.02E-03
G[T>G]G	5.95E-04	3.84E-03	2.16E-03	3.50E-03	0.00E+00	1.07E-03	1.74E-03	2.55E-03	2.90E-03	2.46E-03	5.26E-03	2.63E-03
G[T>G]T	5.39E-04	1.96E-03	1.93E-03	2.58E-03	1.13E-03	3.49E-03	3.09E-03	4.65E-03	3.49E-03	2.25E-03	2.61E-03	4.46E-03
T[C>A]A	6.29E-03	7.80E-03	3.27E-03	6.56E-03	9.02E-03	7.77E-03	1.01E-02	1.81E-03	3.51E-03	1.65E-03	6.18E-03	1.06E-02
T[C>A]C	4.18E-03	3.56E-03	7.61E-03	4.01E-04	5.38E-03	2.26E-03	3.58E-04	5.32E-03	1.35E-02	3.49E-03	2.11E-03	1.04E-03
T[C>A]G	1.39E-03	9.76E-04	7.81E-04	1.86E-03	1.01E-03	4.97E-03	4.82E-07	8.24E-04	6.32E-04	5.14E-03	9.82E-03	4.47E-03
T[C>A]T	3.85E-03	3.75E-03	4.31E-03	1.29E-02	4.32E-03	3.73E-03	3.67E-03	7.05E-03	7.50E-03	5.59E-03	7.90E-03	8.67E-03
T[C>G]A	1.59E-02	3.56E-02	5.23E-03	4.25E-03	8.70E-03	3.32E-03	3.68E-03	5.17E-03	2.54E-03	8.94E-03	2.85E-02	8.74E-03
T[C>G]C	7.09E-03	1.35E-02	6.04E-03	6.32E-03	1.41E-03	5.60E-03	8.82E-03	8.32E-03	3.04E-03	1.46E-02	8.57E-03	1.48E-02
T[C>G]G	1.80E-03	6.21E-04	6.49E-04	1.47E-03	1.89E-03	9.49E-08	3.05E-05	2.08E-03	1.72E-03	1.92E-03	4.38E-03	5.57E-03
T[C>G]T	1.58E-02	2.66E-02	1.18E-02	9.21E-03	2.22E-02	2.03E-33	4.02E-03	9.82E-03	1.08E-02	1.40E-02	2.14E-02	2.57E-02
T[C>T]A	1.13E-02	3.47E-02	8.03E-03	6.42E-03	1.24E-02	1.12E-02	8.61E-03	4.95E-11	1.08E-02	1.40E-02	8.46E-03	3.52E-02
T[C>T]C	4.60E-03	1.33E-02	4.41E-03	3.96E-03	2.98E-03	1.31E-02	5.07E-03	4.16E-03	5.90E-03	5.56E-03	1.65E-02	6.81E-03
T[C>T]G	8.53E-03	1.21E-02	4.30E-03	6.72E-03	4.25E-03	1.31E-02	6.02E-03	3.64E-03	9.06E-03	3.85E-03	5.28E-03	2.62E-02
T[C>T]T	1.87E-02	1.18E-02	4.58E-03	7.11E-03	6.74E-03	8.62E-03	3.15E-03	4.00E-03	1.02E-02	9.09E-03	1.41E-02	3.44E-02
T[T>A]A	1.97E-03	2.13E-03	1.32E-03	2.41E-03	3.31E-03	1.03E-02	2.32E-03	6.42E-07	4.53E-04	3.47E-03	3.65E-03	8.00E-03
T[T>A]C	8.32E-04	1.95E-03	1.73E-03	3.52E-03	7.46E-04	2.60E-03	6.28E-03	2.21E-03	2.11E-03	1.69E-03	1.56E-03	2.13E-03
T[T>A]G	7.46E-04	6.48E-09	4.31E-03	3.53E-03	3.94E-21	4.62E-03	3.18E-03	3.34E-03	3.74E-03	6.01E-03	1.34E-03	1.41E-03
T[T>A]T	7.75E-04	5.29E-03	8.56E-03	3.71E-03	9.48E-04	4.00E-04	5.25E-03	2.57E-03	3.44E-03	8.66E-08	3.71E-41	7.06E-03
T[T>C]A	1.40E-03	3.00E-03	1.02E-03	2.56E-03	0.00E+00	4.57E-03	4.20E-03	4.91E-03	5.22E-03	3.00E-03	3.64E-03	3.21E-03
T[T>C]C	5.12E-04	8.39E-04	1.99E-03	3.91E-03	4.33E-03	3.88E-03	2.07E-03	3.93E-03	1.20E-03	4.67E-03	3.40E-03	3.88E-03
T[T>C]G	7.14E-04	3.38E-03	2.05E-03	1.22E-03	1.76E-03	5.49E-03	7.97E-04	5.71E-03	2.25E-16	1.18E-02	3.28E-03	5.02E-03
T[T>C]T	2.17E-05	2.15E-03	3.84E-03	1.92E-03	1.41E-03	2.02E-03	3.10E-03	3.49E-03	1.72E-03	6.58E-03	1.46E-02	5.85E-03
T[T>G]A	3.44E-04	8.46E-04	1.56E-03	4.39E-03	4.05E-03	2.20E-03	3.82E-03	5.08E-03	4.01E-03	5.19E-03	1.85E-03	2.94E-03
T[T>G]C	1.70E-04	2.94E-03	4.79E-03	5.15E-04	3.58E-03	8.79E-04	1.35E-03	2.73E-03	2.58E-08	2.06E-03	1.11E-03	3.05E-03
T[T>G]G	1.22E-08	0.00E+00	3.26E-03	3.53E-03	2.42E-03	7.64E-04	1.33E-03	4.15E-03	3.10E-03	4.46E-03	6.73E-07	2.61E-03
T[T>G]T	1.27E-04	3.82E-04	2.59E-03	4.37E-03	3.61E-03	3.31E-03	2.13E-03	6.57E-03	4.78E-03	2.34E-03	1.91E-03	4.46E-03
