MutationType	DBS78A	DBS78B	DBS78C	DBS78D	DBS78E	DBS78F	DBS78G	DBS78H
AC>CA	0.10843350085924612	1.8696104899618148e-05	2.80589468729886e-05	0.028567985094468895	3.854799724649638e-05	4.437885072547942e-05	4.034450394101441e-05	5.89034374570474e-05
AC>CG	2.7915909595321863e-05	3.104993520537391e-05	3.988430071331095e-05	6.306813302217051e-05	4.248008990543894e-05	5.5017889098962766e-05	4.059405364387203e-05	6.634980090893804e-05
AC>CT	2.7915909595321863e-05	3.104993520537391e-05	3.988430071331095e-05	6.306813302217051e-05	4.248008990543894e-05	5.5017889098962766e-05	4.059405364387203e-05	6.634980090893804e-05
AC>GA	2.7915909595321863e-05	3.104993520537391e-05	3.988430071331095e-05	6.306813302217051e-05	4.248008990543894e-05	5.5017889098962766e-05	4.059405364387203e-05	6.634980090893804e-05
AC>GG	2.2662644914849694e-05	1.77296685522063e-05	0.04609346336320641	4.67822212339811e-05	2.4337252173189937e-05	3.482170577626675e-05	0.2989476584691147	4.655217252427235e-05
AC>GT	2.7915909595321863e-05	3.104993520537391e-05	3.988430071331095e-05	6.306813302217051e-05	4.248008990543894e-05	5.5017889098962766e-05	4.059405364387203e-05	6.634980090893804e-05
AC>TA	2.7915909595321863e-05	3.104993520537391e-05	3.988430071331095e-05	6.306813302217051e-05	4.248008990543894e-05	5.5017889098962766e-05	4.059405364387203e-05	6.634980090893804e-05
AC>TG	2.7915909595321863e-05	3.104993520537391e-05	3.988430071331095e-05	6.306813302217051e-05	4.248008990543894e-05	5.5017889098962766e-05	4.059405364387203e-05	6.634980090893804e-05
AC>TT	0.03990424763360352	1.6094260695354022e-05	2.0322582327025884e-05	0.09968907575021149	3.5115342473091e-05	0.028563068640141864	2.4849584639241586e-05	6.203993616509252e-05
AT>CA	2.7915909595321863e-05	3.104993520537391e-05	3.988430071331095e-05	6.306813302217051e-05	4.248008990543894e-05	5.5017889098962766e-05	4.059405364387203e-05	6.634980090893804e-05
AT>CC	2.7915909595321863e-05	3.104993520537391e-05	3.988430071331095e-05	6.306813302217051e-05	4.248008990543894e-05	5.5017889098962766e-05	4.059405364387203e-05	6.634980090893804e-05
AT>CG	2.7915909595321863e-05	3.104993520537391e-05	3.988430071331095e-05	6.306813302217051e-05	4.248008990543894e-05	5.5017889098962766e-05	4.059405364387203e-05	6.634980090893804e-05
AT>GA	2.7915909595321863e-05	3.104993520537391e-05	3.988430071331095e-05	6.306813302217051e-05	4.248008990543894e-05	5.5017889098962766e-05	4.059405364387203e-05	6.634980090893804e-05
AT>GC	2.7915909595321863e-05	3.104993520537391e-05	3.988430071331095e-05	6.306813302217051e-05	4.248008990543894e-05	5.5017889098962766e-05	4.059405364387203e-05	6.634980090893804e-05
AT>TA	2.7915909595321863e-05	3.104993520537391e-05	3.988430071331095e-05	6.306813302217051e-05	4.248008990543894e-05	5.5017889098962766e-05	4.059405364387203e-05	6.634980090893804e-05
CC>AA	0.31653527576563645	0.2850553515418646	8.040516691360124e-07	3.340893288032724e-05	1.0141619645765102e-05	0.18980863990447006	2.412891815537152e-05	3.018084850690937e-05
CC>AG	1.076565250073011e-05	1.0642488789613935e-05	0.044251582684956506	4.030997650630534e-05	2.2437528605223635e-05	0.3222091164994708	2.5665420344012092e-05	5.33369806362316e-05
CC>AT	1.5643454935388266e-05	0.028540990369047226	1.8930684046931586e-05	5.3148244478506965e-05	0.04994272454638499	0.13316440873750252	3.787150053540245e-05	6.246358097996562e-05
CC>GA	2.7915909595321863e-05	3.104993520537391e-05	3.988430071331095e-05	6.306813302217051e-05	4.248008990543894e-05	5.5017889098962766e-05	4.059405364387203e-05	6.634980090893804e-05
CC>GG	2.7915909595321863e-05	3.104993520537391e-05	3.988430071331095e-05	6.306813302217051e-05	4.248008990543894e-05	5.5017889098962766e-05	4.059405364387203e-05	6.634980090893804e-05
CC>GT	0.03990833205804769	1.4227568160835036e-05	1.0053187973824152e-05	3.1862938521953764e-05	0.049760118871402435	0.0662171604848799	2.6162739959545434e-05	0.2649532363317121
CC>TA	1.171911528225928e-05	0.08550822301003791	0.03529123740281648	0.057072881479874125	3.607607904996257e-05	3.4494364887693864e-05	0.11409554955098429	4.662882420234382e-05
CC>TG	0.0798587133132969	1.671399309246674e-05	2.494622713129502e-05	3.8554562524950595e-05	2.915115714130414e-05	4.0581321251309534e-05	0.1497622886334284	5.869554879609495e-05
CC>TT	1.7666715211817064e-05	1.686043087829603e-05	0.5682429015636444	2.958024117667435e-05	2.1971228066171e-05	2.7205464615495248e-05	2.594167931089443e-05	5.4396050836658104e-05
CG>AT	2.7915909595321863e-05	3.104993520537391e-05	3.988430071331095e-05	6.306813302217051e-05	4.248008990543894e-05	5.5017889098962766e-05	4.059405364387203e-05	6.634980090893804e-05
CG>GC	2.7915909595321863e-05	3.104993520537391e-05	3.988430071331095e-05	6.306813302217051e-05	4.248008990543894e-05	5.5017889098962766e-05	4.059405364387203e-05	6.634980090893804e-05
CG>GT	2.7915909595321863e-05	3.104993520537391e-05	3.988430071331095e-05	6.306813302217051e-05	4.248008990543894e-05	5.5017889098962766e-05	4.059405364387203e-05	6.634980090893804e-05
CG>TA	2.7915909595321863e-05	3.104993520537391e-05	3.988430071331095e-05	6.306813302217051e-05	4.248008990543894e-05	5.5017889098962766e-05	4.059405364387203e-05	6.634980090893804e-05
CG>TC	2.7915909595321863e-05	3.104993520537391e-05	3.988430071331095e-05	6.306813302217051e-05	4.248008990543894e-05	5.5017889098962766e-05	4.059405364387203e-05	6.634980090893804e-05
CG>TT	2.7915909595321863e-05	3.104993520537391e-05	3.988430071331095e-05	6.306813302217051e-05	4.248008990543894e-05	5.5017889098962766e-05	4.059405364387203e-05	6.634980090893804e-05
CT>AA	0.11407808512007758	8.394666366005345e-06	9.213369232744738e-06	0.2349643427762203	2.595238039191372e-05	3.4981334283656904e-05	2.9242362725767634e-05	4.8601624075672587e-05
CT>AC	1.6680678812974746e-05	0.05709734903175558	1.0128883227626737e-05	5.15389798238175e-05	0.024970242556931765	0.16620730136564815	3.460089865257032e-05	5.942222924204543e-05
CT>AG	2.7915909595321863e-05	3.104993520537391e-05	3.988430071331095e-05	6.306813302217051e-05	4.248008990543894e-05	5.5017889098962766e-05	4.059405364387203e-05	6.634980090893804e-05
CT>GA	2.7915909595321863e-05	3.104993520537391e-05	3.988430071331095e-05	6.306813302217051e-05	4.248008990543894e-05	5.5017889098962766e-05	4.059405364387203e-05	6.634980090893804e-05
CT>GC	2.1841978741576896e-05	2.6966073710354978e-05	1.8711739172339037e-05	4.359166826830574e-05	3.0308459362772543e-05	2.1729650754126473e-05	0.02854831941986049	0.1991004779236391
CT>GG	2.7915909595321863e-05	3.104993520537391e-05	3.988430071331095e-05	6.306813302217051e-05	4.248008990543894e-05	5.5017889098962766e-05	4.059405364387203e-05	6.634980090893804e-05
CT>TA	2.7915909595321863e-05	3.104993520537391e-05	3.988430071331095e-05	6.306813302217051e-05	4.248008990543894e-05	5.5017889098962766e-05	4.059405364387203e-05	6.634980090893804e-05
CT>TC	2.7915909595321863e-05	3.104993520537391e-05	3.988430071331095e-05	6.306813302217051e-05	4.248008990543894e-05	5.5017889098962766e-05	4.059405364387203e-05	6.634980090893804e-05
CT>TG	2.7915909595321863e-05	3.104993520537391e-05	3.988430071331095e-05	6.306813302217051e-05	4.248008990543894e-05	5.5017889098962766e-05	4.059405364387203e-05	6.634980090893804e-05
GC>AA	1.4372834936261834e-05	1.319861512456724e-05	0.09776108041660336	0.06641047605444328	0.09987004297254316	0.05696233884045796	2.2081095823978104e-05	5.499290782609023e-05
GC>AG	2.7915909595321863e-05	3.104993520537391e-05	3.988430071331095e-05	6.306813302217051e-05	4.248008990543894e-05	5.5017889098962766e-05	4.059405364387203e-05	6.634980090893804e-05
GC>AT	2.7915909595321863e-05	3.104993520537391e-05	3.988430071331095e-05	6.306813302217051e-05	4.248008990543894e-05	5.5017889098962766e-05	4.059405364387203e-05	6.634980090893804e-05
GC>CA	2.7915909595321863e-05	3.104993520537391e-05	3.988430071331095e-05	6.306813302217051e-05	4.248008990543894e-05	5.5017889098962766e-05	4.059405364387203e-05	6.634980090893804e-05
GC>CG	2.7915909595321863e-05	3.104993520537391e-05	3.988430071331095e-05	6.306813302217051e-05	4.248008990543894e-05	5.5017889098962766e-05	4.059405364387203e-05	6.634980090893804e-05
GC>TA	2.7915909595321863e-05	3.104993520537391e-05	3.988430071331095e-05	6.306813302217051e-05	4.248008990543894e-05	5.5017889098962766e-05	4.059405364387203e-05	6.634980090893804e-05
TA>AT	1.868080051967147e-05	1.7372727027487044e-05	0.015370980994788397	5.321073370778214e-05	3.052048480662803e-05	4.270720901899949e-05	0.2989382155614294	5.302412155288039e-05
TA>CG	2.7915909595321863e-05	3.104993520537391e-05	3.988430071331095e-05	6.306813302217051e-05	4.248008990543894e-05	5.5017889098962766e-05	4.059405364387203e-05	6.634980090893804e-05
TA>CT	2.7915909595321863e-05	3.104993520537391e-05	3.988430071331095e-05	6.306813302217051e-05	4.248008990543894e-05	5.5017889098962766e-05	4.059405364387203e-05	6.634980090893804e-05
TA>GC	2.7915909595321863e-05	3.104993520537391e-05	3.988430071331095e-05	6.306813302217051e-05	4.248008990543894e-05	5.5017889098962766e-05	4.059405364387203e-05	6.634980090893804e-05
TA>GG	2.7915909595321863e-05	3.104993520537391e-05	3.988430071331095e-05	6.306813302217051e-05	4.248008990543894e-05	5.5017889098962766e-05	4.059405364387203e-05	6.634980090893804e-05
TA>GT	0.03997308397410961	2.5042091328941753e-05	3.0230831844590965e-05	5.2641706133726984e-05	4.119613295188174e-05	5.077165478724055e-05	0.0285562484197726	6.210074279806576e-05
TC>AA	0.09984534472914675	0.02854460540929722	3.223109515602118e-05	5.512544739758596e-05	3.1480844654652174e-05	3.974563301198941e-05	3.859539756376762e-05	6.307784424279817e-05
TC>AG	2.7915909595321863e-05	3.104993520537391e-05	3.988430071331095e-05	6.306813302217051e-05	4.248008990543894e-05	5.5017889098962766e-05	4.059405364387203e-05	6.634980090893804e-05
TC>AT	1.2849619751538477e-05	0.34222393307334187	0.04886845394501762	3.393465719310539e-05	0.4389798263582634	0.03332906356752612	2.1551168708988654e-05	2.5756989100500504e-05
TC>CA	2.7915909595321863e-05	3.104993520537391e-05	3.988430071331095e-05	6.306813302217051e-05	4.248008990543894e-05	5.5017889098962766e-05	4.059405364387203e-05	6.634980090893804e-05
TC>CG	2.7915909595321863e-05	3.104993520537391e-05	3.988430071331095e-05	6.306813302217051e-05	4.248008990543894e-05	5.5017889098962766e-05	4.059405364387203e-05	6.634980090893804e-05
TC>CT	2.7915909595321863e-05	3.104993520537391e-05	3.988430071331095e-05	6.306813302217051e-05	4.248008990543894e-05	5.5017889098962766e-05	4.059405364387203e-05	6.634980090893804e-05
TC>GA	2.7915909595321863e-05	3.104993520537391e-05	3.988430071331095e-05	6.306813302217051e-05	4.248008990543894e-05	5.5017889098962766e-05	4.059405364387203e-05	6.634980090893804e-05
TC>GG	2.7915909595321863e-05	3.104993520537391e-05	3.988430071331095e-05	6.306813302217051e-05	4.248008990543894e-05	5.5017889098962766e-05	4.059405364387203e-05	6.634980090893804e-05
TC>GT	2.250672405352816e-05	0.05706561156221142	0.022143102767040547	4.419930082804058e-05	0.049759575034113365	3.450773292570375e-05	3.531936090439558e-05	0.0664093886691262
TG>AA	2.7915909595321863e-05	3.104993520537391e-05	3.988430071331095e-05	6.306813302217051e-05	4.248008990543894e-05	5.5017889098962766e-05	4.059405364387203e-05	6.634980090893804e-05
TG>AC	2.7915909595321863e-05	3.104993520537391e-05	3.988430071331095e-05	6.306813302217051e-05	4.248008990543894e-05	5.5017889098962766e-05	4.059405364387203e-05	6.634980090893804e-05
TG>AT	0.15971253017087292	0.05705921570297505	1.8215116324434254e-05	4.404919200169388e-05	2.4888442942798406e-05	2.955060208478244e-05	0.0499458445174071	5.032516855862923e-05
TG>CA	2.7915909595321863e-05	3.104993520537391e-05	3.988430071331095e-05	6.306813302217051e-05	4.248008990543894e-05	5.5017889098962766e-05	4.059405364387203e-05	6.634980090893804e-05
TG>CC	7.404613382491765e-06	0.05698748289526147	0.03989521707555433	0.36448916954796007	2.0809317827286123e-05	3.098845763531699e-05	2.7848955323861446e-05	5.012396795791574e-05
TG>CT	1.3230248202944495e-05	1.5387161511171144e-05	5.476614509918043e-06	2.6591294878519765e-05	2.5922429881575226e-05	2.9003157921991124e-05	0.02854142742116892	0.4649297357420437
TG>GA	1.9755449909553135e-05	1.687806920998014e-05	2.5784167174498307e-05	0.1446972361933149	3.5207598557462916e-05	4.6044405462453145e-05	3.078970112255774e-05	5.3014799777884034e-05
TG>GC	2.0270241389549765e-05	1.3049392106134828e-05	1.9876148349695203e-05	3.565053775673732e-05	0.2640476565975405	3.600540185288992e-05	3.1816243887305975e-05	3.334703384148818e-05
TG>GT	2.7915909595321863e-05	3.104993520537391e-05	3.988430071331095e-05	6.306813302217051e-05	4.248008990543894e-05	5.5017889098962766e-05	4.059405364387203e-05	6.634980090893804e-05
TT>AA	2.500197006156668e-05	2.4600434699095786e-05	0.07969511159171816	5.178929350222461e-05	0.0199343527390738	4.523018706095172e-05	3.6217985143593975e-05	6.400783677236177e-05
TT>AC	2.7915909595321863e-05	3.104993520537391e-05	3.988430071331095e-05	6.306813302217051e-05	4.248008990543894e-05	5.5017889098962766e-05	4.059405364387203e-05	6.634980090893804e-05
TT>AG	2.7915909595321863e-05	3.104993520537391e-05	3.988430071331095e-05	6.306813302217051e-05	4.248008990543894e-05	5.5017889098962766e-05	4.059405364387203e-05	6.634980090893804e-05
TT>CA	2.7915909595321863e-05	3.104993520537391e-05	3.988430071331095e-05	6.306813302217051e-05	4.248008990543894e-05	5.5017889098962766e-05	4.059405364387203e-05	6.634980090893804e-05
TT>CC	2.7915909595321863e-05	3.104993520537391e-05	3.988430071331095e-05	6.306813302217051e-05	4.248008990543894e-05	5.5017889098962766e-05	4.059405364387203e-05	6.634980090893804e-05
TT>CG	2.7915909595321863e-05	3.104993520537391e-05	3.988430071331095e-05	6.306813302217051e-05	4.248008990543894e-05	5.5017889098962766e-05	4.059405364387203e-05	6.634980090893804e-05
TT>GA	2.7915909595321863e-05	3.104993520537391e-05	3.988430071331095e-05	6.306813302217051e-05	4.248008990543894e-05	5.5017889098962766e-05	4.059405364387203e-05	6.634980090893804e-05
TT>GC	2.7915909595321863e-05	3.104993520537391e-05	3.988430071331095e-05	6.306813302217051e-05	4.248008990543894e-05	5.5017889098962766e-05	4.059405364387203e-05	6.634980090893804e-05
TT>GG	2.7915909595321863e-05	3.104993520537391e-05	3.988430071331095e-05	6.306813302217051e-05	4.248008990543894e-05	5.5017889098962766e-05	4.059405364387203e-05	6.634980090893804e-05
