MutationType	SBS96A	SBS96B	SBS96C	SBS96D	SBS96E	SBS96F	SBS96G	SBS96H	SBS96I	SBS96J	SBS96K	SBS96L
A[C>A]A	0.0025815888016950343	0.008886248874478041	0.004957825219624895	0.015527895092964173	0.02773994952440262	0.028094366192817688	0.02294499520212412	0.007851717714220285	0.007042124879899347	0.024610510184954505	0.015079179406166076	0.0062806554138660434
A[C>A]C	9.880720622283744e-05	0.0037084716837853192	0.0012626278200173146	0.006888727750629186	0.02913867514580488	0.012557542975991964	0.00933504831045866	0.008853897778317332	0.015361522464081645	0.0	0.03112353105098009	0.005524203227832913
A[C>A]G	0.00021043021697551013	0.000701027816342048	0.005759438965469599	0.0	0.00231507515886733	0.008231847919523718	0.009739579074084759	2.6363132121787203e-08	0.004243103181943297	0.011394690061820256	0.0075957816394748075	0.004227474507860052
A[C>A]T	0.0017612099298276007	0.000980941578745842	0.006847028896882534	0.015341481566429139	0.03629565518349409	0.03558359835296869	0.002712416593158196	0.010491306577145565	0.0015074433758854866	0.01530195102095604	0.006830685585737228	0.014799795924773207
A[C>G]A	0.002364121012315934	0.0008520567803806352	0.006213336111977696	0.003135994321200997	0.012150265648961068	0.006818520138040185	0.014124027546495199	0.010503699630498886	0.008175532121731522	0.01226816950365901	0.023180510476231576	0.005945755960419774
A[C>G]C	0.0006442751502618203	0.0011610056273639203	0.0015831830134047209	0.00041588074527680873	0.008658864069730043	0.015126161649823189	0.010524067096412182	0.0030518864926762034	0.012063542546787733	0.003969583008438349	0.002329556034419511	0.006204347818624001
A[C>G]G	0.000340826769076763	0.000525262882001698	0.0019412470259567271	0.0	0.011190589657053352	0.01172770606353879	0.002688158303499222	0.00489206068450585	0.0020741614130656673	0.004455708127750313	0.0	0.0045833114596234735
A[C>G]T	0.0009269614005474602	0.005437647039070725	0.004998014092910808	0.0242052567191422	0.042444019392132756	0.010537176833668126	0.005619640368968249	0.025977659691125154	0.010339702034254383	0.010020223446190357	0.000600167005086405	0.018265805765986444
A[C>T]A	0.008897166373208207	0.003479770291596651	0.001747785322368145	0.021957668568938972	0.0045528855407610536	0.007257427461448552	0.010010659135878086	0.018502065818756817	0.013590929424390196	0.016020044591277836	0.009135165438055991	0.010284715704619885
A[C>T]C	0.0014812368981044284	0.007743201916727571	0.008224445208907128	0.007449165266007185	0.015329247527683141	0.009527180157601834	0.007481429586187005	0.009271219710353763	0.004455755198364386	0.009390299415281333	0.00958993342683243	0.011797618679702282
A[C>T]G	0.005632589572269355	0.025369500744051816	0.038259457051754	0.017633403465151787	0.011392877530306577	0.01855626320466399	0.04182095974683762	0.02509500179439783	0.05524158924818039	0.030740942247211932	0.07168209813535213	0.05161361321806908
A[C>T]T	0.001812800543848425	0.00256670634721111	0.005815358273684979	0.03860436081886291	0.00801170915365219	0.00907231904566288	0.005506148302652036	0.017156951129436493	0.0036985733546316623	0.016406176239252092	0.003228853445034474	0.010215214160098185
A[T>A]A	0.00014163109008226974	0.011977826826296223	0.0007469627883494922	0.0038710730790853633	0.004627605434511337	0.0019639395743969875	9.252019488163447e-07	0.009596554329618812	0.008506574667990208	0.0001615711864815239	8.053688191012043e-07	0.0012643694087028478
A[T>A]C	0.00029456620422934064	0.0023737904612801232	0.004242388624697923	0.005948962554746598	0.002936775027774274	0.004878278914839029	0.01722245551645756	0.003042120361180878	0.0026311995904507056	0.00981706278398633	0.0038351647702256743	0.011625796070768501
A[T>A]G	0.00015243921807268636	0.004514754815856526	3.069903584673739e-08	0.006240241322666406	0.002136620134115219	0.019608756899833678	0.004115825475173552	0.018548472062684597	0.007303424132987857	0.010210775481300515	0.0007296113632037305	0.010736563988029958
A[T>A]T	0.0	0.006835701689124107	0.004618771467357874	0.014661944285035134	0.002203150466263288	0.004766546259634197	0.013067143596708774	0.004831787943840027	0.008153877686709166	7.131434831535444e-05	0.012491343783995034	9.502210929213106e-08
A[T>C]A	0.0005301564936732439	0.006363017210869603	0.000439181504771605	0.015634908620268107	1.1506010881369038e-23	0.009574545919895852	0.022321272641420364	0.00785815114795696	0.02677699290215969	0.0113011809922682	0.01771439647513944	0.019623763300478457
A[T>C]C	0.0012305083699861229	0.006834051786205464	0.005275013252876668	0.009150501899421215	0.013890072098001837	0.015675080940127373	0.0043558144941926	0.016270386334508658	0.001771990834203052	1.4869922722665318e-33	0.0034542197541212348	0.004742382466793061
A[T>C]G	0.003547661146149039	0.003031194244977087	0.011369392866618	0.0028140533715486525	0.015886781550943852	0.014937610924243927	0.017666402645409106	0.0029291717102751134	0.0018918955698609351	0.011800730996765197	0.0125496132299304	0.017212921322789045
A[T>C]T	0.0024975985987111928	0.0054037359659560025	0.0037160775161421355	0.01567455120384693	0.0007497456826983301	0.020186724700033666	0.008799034170806408	0.01634624060243368	0.00624595833942297	0.002626817254349589	0.0064915260300040245	0.033361642807722094
A[T>G]A	8.963337849721142e-11	0.000786362960934639	0.0006310263276077422	0.00624732228461653	0.0014722966451728326	0.0014048516533875955	0.0073549321852624415	0.00860420269896719	0.012431529629975558	0.007588762603700161	0.009518735607377949	0.009957095235586166
A[T>G]C	9.228012562516597e-05	0.00017124081109045619	0.0006186505109553764	0.008094934583641588	0.002218610928866838	0.006641450710594654	0.0007407558150589466	7.009935529822541e-08	0.0050268994500356715	0.0018268952611833812	0.002065544513078521	0.0014378257155044593
A[T>G]G	0.0001758485974278301	0.0011702665709890426	0.0022210609340220346	0.0025355245918035505	0.02084548640996218	0.004632524773478508	0.0	0.009366496466100216	0.001848482631908155	0.005193047027273678	6.190844146214402e-08	0.0020453991763815793
A[T>G]T	0.0004949540631741911	0.001621098461919246	1.0268434033982005e-07	0.005579358339309693	0.0039191541261971	0.006685671955347061	0.0006978584772355135	0.006489357436703358	0.0025612314638124188	0.0028023957507684826	0.0023559873735621295	0.002052521508795735
C[C>A]A	0.00014658982078479194	0.0020784386164450553	0.0027473528498575205	0.020190815813839434	0.016420657001435756	0.01779009122401476	0.01394152238726104	0.02022644514217973	0.008670527022331953	0.023937116470187904	0.010438681210871437	0.018348794244229794
C[C>A]C	0.00019463062257658558	0.009610312118229557	0.0028610274195671956	0.025948173087090253	0.01030174406041624	0.01667007814174146	0.003164622001349926	0.016795859159901737	0.016589973773807287	0.005712671182118356	0.0009660753597017901	0.008500187657773495
C[C>A]G	0.0007276101658583855	0.0025842051021754743	0.0051456100119821714	0.0013944982551038266	0.011696059210225939	0.00269572576507926	0.00592064750380814	6.800255505368114e-08	0.00030603234150703427	0.0010749848307867182	0.007982524481457176	0.003911710718148243
C[C>A]T	0.00014259247129757568	0.0005076040517520752	0.0012744512408971787	0.022648116387426854	0.020072821481153368	0.018418155238032342	0.01247337469831109	0.0030388521030545236	0.021800568141043187	0.011424746923148632	0.01151529699176308	0.01857539522461593
C[C>G]A	0.0008248035580960711	0.003374310862272978	0.0063084553927183155	0.009012056095525623	0.006461646221578121	0.025674792751669884	0.010413485066965222	0.008821916952729224	0.01683651941686719	0.007704055134922783	0.0064065711316288795	0.006044334173202515
C[C>G]C	0.00017538219414082497	0.0013733666986809113	0.003239662965533796	0.009539379179477692	0.011198543291538954	0.011727945018719765	0.014138131029903888	0.012012553308159113	0.0008986612111111014	0.01542888544499874	0.00271759510367815	0.005079837930463782
C[C>G]G	0.0008315874635627552	0.0021606781519949436	0.0043071025117001225	0.0012654722668230534	0.012399002760366784	0.00441264333203435	0.0048658432438969616	0.010686865351817686	0.0042882531917257435	0.0013071874156594277	0.00178301426810819	0.010340188629925251
C[C>G]T	0.0011299972424484031	0.00760933726873399	0.006084807775914669	0.026668690517544745	0.008800585381686687	0.005855530221015215	0.003464124817401171	0.011543040565243246	0.0310862734913826	0.004918364394688979	0.02632834810327722	0.006811411637841047
C[C>T]A	0.008756170608118865	0.01364569435827434	0.005721241747960448	0.015751047059893608	0.02049081716686487	0.008526954613626004	0.019480520859360695	0.01689312793314457	0.015266588423401117	0.008445146599953383	0.0072954658418928455	0.03686577193439007
C[C>T]C	0.002785022725448297	0.012968710251152515	0.004607473965734243	0.020200739055871962	0.002780650422090536	0.006296157743781805	0.007970931397971798	0.019292660430073737	0.010894465465463781	0.004235529387369752	1.0718288194766501e-07	0.031948494352400304
C[C>T]G	0.012290310487151146	0.014978865161538124	0.028556616739433594	0.006194018181444249	0.023879116307944058	0.005610722489655018	0.044757382944226265	0.013098740950226784	0.009028470888733865	0.0048020645044744015	0.07028175927698613	0.012064674897536065
C[C>T]T	0.0045910032844403755	0.01433500056155026	0.007421488780528307	0.018305102176964284	0.009936682390980422	0.021702628582725265	0.03182595893740654	0.02430462520569563	0.008249768614768982	0.022760252095758916	0.01146248383447528	0.01412415592931211
C[T>A]A	0.00025620058718801137	0.0011917342781089246	0.0013802384431727433	0.005824434012174607	0.006064105161931366	0.0008986782282590866	0.003479555668309331	0.003732271729631975	0.0025859336583891946	0.014952686429023743	0.0016960072059418962	0.00809675921583448
C[T>A]C	0.0007420575476430713	0.0025900021195411683	0.0005004525650292635	0.0121580402366817	0.025382200814783575	0.007319988432573155	0.006253363424912095	0.012629620544612408	0.006752639077603817	0.004002364724874497	6.988837221675271e-08	0.006329127782373689
C[T>A]G	9.58462893947916e-05	0.004657352552749216	0.0021987462943309664	0.000458843307569623	0.01439176369458437	0.014825638637921657	0.01074507860466838	0.006060621421784163	0.006582837850015721	0.0019861415695800132	0.00741955234921079	0.0133069084957242
C[T>A]T	0.0	0.006879600789397955	1.0078281604819495e-07	0.02285587228834629	0.006194913387298584	0.006490680947899818	0.009851428912952542	0.003838601987808943	0.005934709869325161	5.676079013028357e-07	0.0068653272760002436	2.717556143920774e-05
C[T>C]A	9.775370178925567e-05	0.00020078912652934377	0.003512075208206511	0.007292937813326716	0.006558412406593561	0.006393793877214194	0.007410925626754761	0.004677712544798851	0.002616364290427242	0.003981337649747729	4.0513887524795675e-07	0.00016811532062206426
C[T>C]C	0.00026393806926167346	0.004563568136654794	0.0016889956146371788	0.005801013205200434	0.00713327107951045	0.011962459422647953	0.009212327282875776	0.02050270177423954	0.005681164385570025	0.006137838986603761	0.009136153943836689	0.012694389559328556
C[T>C]G	0.0004330296435909986	0.0010451410431414842	0.0019665458308281815	0.0021499205846339463	0.019995102565735577	0.023899807780981063	0.0060467929477454165	0.0034484788309782745	0.006323554177470214	0.015941148198317025	0.005477095198841653	0.002842644864861654
C[T>C]T	0.0011353840556732806	0.0019066171953454614	0.0008956796023994684	0.015908783487975597	0.0053997878450900315	0.019988746475428344	0.007894779182970523	0.007132221292704344	0.0036993054673082463	0.019130101427435875	0.004754099831188796	0.005490590664339834
C[T>G]A	3.7527627227973426e-08	3.524221710904385e-07	6.310688576149914e-08	1.032903951806474e-07	0.0006510562198229763	0.0013612005411005159	0.00755989421159029	0.0032160561997443436	0.0020038850025230204	0.0032659035176038744	0.0036774704097013	0.0019627371187425522
C[T>G]C	0.0020058110123500226	0.000751469653040799	0.0036548499250784517	0.007058308972045779	0.0037804977968335153	0.005823713727295399	0.004316490981727839	1.2845089436552826e-10	0.005330711789429188	0.004821084532886743	0.016496029467435846	0.021994859632104635
C[T>G]G	0.0006681794533512891	0.003829319286160171	0.0017399565218397584	0.011480868607759476	0.019716953672468663	0.013744549453258514	0.005684477998875082	0.007143318606540561	0.005824489243107681	0.009880161844193935	0.0019463086500763893	0.01197827566329579
C[T>G]T	0.0	0.006651230528950692	0.0003100021034811107	0.0029843385878507434	0.009341067727655172	0.009686853177845478	0.014302146062254906	0.007272991538047791	0.005014127492904663	0.014994319155812263	0.0005764400721169239	0.020148625411093236
G[C>A]A	0.0017535011749714613	0.014142038345016771	0.008565533906221392	0.0124404258094728	0.01265332349576056	0.009573231215134292	0.010143953149731554	0.002455894765717154	0.013558590970933437	0.007905424479395151	0.013719790615141392	0.010203468163786056
G[C>A]C	0.000911125199354501	0.0012570208658644333	0.005828343518078327	0.025424628891050814	0.012685111071914435	0.016762027610093357	0.007781771197915077	0.0029970343015427447	0.014409516887359364	0.018162322416901588	0.002531978576735128	0.009402619488537312
G[C>A]G	0.0013647624873556197	0.001436184998601675	0.002695595717523247	0.0	0.003094812203198671	0.0008264907693369215	0.00380453709512949	0.0031087305912947728	1.0660260159056634e-07	0.0052013753447681665	0.0008621641153638393	0.020312998816370963
G[C>A]T	0.0008986234664916992	0.011847156099975109	0.009662964797661289	0.013299401663243771	0.006938440166413784	0.012545606959611178	0.01130594713613391	0.015572880953550338	0.005553380772471428	0.002603440568782389	0.004262679349631071	0.0045891952495480835
G[C>G]A	0.0013799014210235327	0.004132746372329165	0.006231682747602463	0.014108548499643802	0.01377328047528863	0.009969689603894948	0.0041128928307443855	0.0006779451854526996	0.0036400297190994023	0.014927378855645657	0.0005112330861265946	0.002959030547981456
G[C>G]C	0.0003826942012006918	0.0010313856473658234	0.0001476810544187135	0.006387890130281448	0.00634846999309957	0.022677679546177387	0.006681100185960531	0.00442397715523839	0.005998177360793437	0.004611258907243609	0.0014756099320948125	0.00176614721700048
G[C>G]G	0.00037106720702411166	0.00392337094042432	0.0012665744870901108	0.0009134747087955475	0.0006762745557352901	0.003657524334266782	0.0021083992868852876	0.0007801008412562781	0.005266099929247048	0.0027846095366157895	1.1531092241057195e-07	0.0013288162909475432
G[C>G]T	0.002493483921995221	0.00954382264819742	0.005959817953407764	0.03596350252628326	0.024097318202257155	0.003600407228805125	0.002560548670589924	0.012785091437399388	0.003443088657696025	0.0009338891139134105	3.7386014355433873e-07	0.0020507769310973045
G[C>T]A	0.005194892734289169	0.0015679858624984989	0.0025948860333301128	0.009896461013704538	0.017104116920381784	0.018282588198781015	0.011660270905122162	0.007321888580918312	0.03397849025204778	0.028518208116292954	0.02220568563789129	0.015940406220033766
G[C>T]C	0.004736896558416826	0.0019339392427360738	0.0025509817758575084	0.030400855094194414	0.010808244720101357	0.010355077125132084	0.020846884325146676	0.005332488939166069	0.0028958926979825604	0.01527541857212782	0.011238073464483023	0.011037663475474347
G[C>T]G	0.003970747477336546	0.01677254345268011	0.03434397950768471	0.01176372468471527	0.009983887341111553	0.016204943156524772	0.07418957203626633	0.018330750309542055	0.020661092456430198	0.003207750618457794	0.03962658233940601	0.04422009065747261
G[C>T]T	0.002804634295850848	0.003811571561197322	0.011571189574897289	0.0170219611376524	0.007726308237761259	0.004860146465944126	0.006047417409718037	0.022368712723255156	0.013381770718842745	0.011616737209260463	0.009531273256061467	0.005938401771709323
G[T>A]A	0.0002703561011583675	0.008526372096730484	0.003237581579014659	0.0027547850273549556	0.0026603891048580406	0.010206944216042757	0.007461871020495892	0.00579751692712307	0.0022702320602093094	0.0025299154222011566	0.013217021944001317	0.002910031291037285
G[T>A]C	0.0	0.004065360650020011	0.001145624540313861	0.010980411616492347	0.003779883706010878	0.006036417840505237	0.004896495579532712	0.001171313781378558	0.0034830682910978795	0.0009621467362421754	0.0008393605876449329	0.0017482871129274713
G[T>A]G	0.0011216505314996083	0.0008220251921272848	0.0008875387858935824	0.005029585678130388	0.010046577919274569	0.007565602473914623	0.003971128373206056	0.0010743186384388538	0.008999492807181078	0.00735099679875475	1.47162319308336e-07	0.004817209566567726
G[T>A]T	0.00016281752070881338	0.0043689711717888715	0.004006369637140718	0.016644020844250918	0.003465512301772833	0.003661171393468976	0.0063575834035873415	0.0012995097320526838	0.0057406637748016465	0.0031637809239327907	0.010730897101984738	0.004762128883550076
G[T>C]A	0.00037231773021630945	0.004350420889386461	0.005026368703693151	0.0045924272388219835	0.022082784213125706	0.007243639603257179	0.0019355918603594091	0.016384734213352202	0.0010426114551592037	0.009320477768778802	0.0013196380076131264	0.013141785562038422
G[T>C]C	0.001787574675580572	0.0011058766694973965	0.003356113696707652	0.007575982343405485	0.004431538985863881	0.009001338761299849	0.010846876166760921	0.00648052915930748	0.0066937556024640795	0.0	0.006367610115222533	0.007725152320927009
G[T>C]G	0.00025933652304375445	0.002702854690141976	1.8336303546107048e-05	0.008512321580201387	0.004889848199672997	0.008940117061138153	0.003197907237757428	0.002987584099173546	0.010802569147199393	0.0026980739086866377	0.0008298928234038883	0.006679704412817955
G[T>C]T	8.804361730483379e-05	0.0020428543153684585	0.007038207264031371	0.0026136607908938706	0.015083095710724592	0.007608836609870195	0.00750583247281611	0.0074515586718916895	0.0020971256216949286	0.0035268294624984263	0.024766077753156424	0.022141295671463012
G[T>G]A	0.0	0.004910458624362945	0.0008954548400609497	0.004463141039013863	0.005874819867312908	0.002824609819799662	0.005212727066009393	0.004329653596505523	0.002786000505443553	0.008436532036296285	0.004327302317255999	2.7141989562551315e-07
G[T>G]C	0.0007216609781607985	0.005485022695029196	0.005028197355568409	0.0011373560042557073	0.003980041472618723	0.0023713252944617376	0.0010184366335352023	0.003633888318404388	0.0007978586237290485	0.0029028039604547472	0.0008285454169708828	0.0013912898425331832
G[T>G]G	0.0026656956732949767	0.007159784901887178	0.0027050983277149498	0.011479293555021286	0.016380608920007943	0.006164845451712609	0.003697315463796266	0.006891052983701229	0.0008664832580416101	0.01015723217278719	0.0022089970253546197	0.008496031165122986
G[T>G]T	0.0016705893678590656	0.012467464851215481	0.0018119973596185447	0.003244930971413851	0.004211572464555502	0.004295685142278671	0.014528169529512525	0.005402164347665413	0.0010023750334994474	0.009136570551510204	0.00201973967661786	0.00902609337354079
T[C>A]A	0.011505543071689318	0.02496522068977356	0.028003476560115814	0.010227992106229067	0.011514655919745565	0.015047018881887197	0.020849380642175674	0.010613401303999126	0.04000148996710777	0.011066034249961377	0.012622835072124871	0.014536706823855638
T[C>A]C	0.01517417300492525	0.013943964755338606	0.034691982343792914	0.024919783882796764	0.03380586672574282	0.006306038991760942	0.004074373211199145	0.011183796509826927	0.004000845132395625	0.02521525751799345	0.00557027393952012	0.000758837323016337
T[C>A]G	0.004300943573429095	0.004045530455186963	0.001703515958176638	0.0032239170745015145	0.0019280591979622841	0.0019092697242172108	0.006758771128198759	0.0006635045632719993	0.0035008781589579473	0.0014848732596988157	0.012105942890048026	0.0030649632353743073
T[C>A]T	0.005209246507751475	0.021925174072384833	0.03339238092303276	0.0280906418338418	0.017029426619410516	0.03285013195127249	0.011820263788104057	0.02849535793066025	0.016141461580991744	0.002837000647563167	0.013934678584337234	0.017250560224056244
T[C>G]A	0.1596978187561035	0.07301596403121949	0.08576950505375862	0.00915959129924886	0.005703743887573509	0.004955492168665471	0.0006414954492259151	0.0520092137157917	0.03540528155863285	0.0357106726616621	0.013722365722076066	0.01123754810541869
T[C>G]C	0.03543238379061222	0.01408488687535564	0.04542539212852716	0.01578828888013959	0.010699164494885945	0.021400124533101916	0.007965266145765782	0.030184684321284294	0.0379236426204443	0.07279499918222428	0.014281470887362957	0.010691328719258309
T[C>G]G	0.020138129591941833	0.005065552580708755	0.008435726869441851	0.003386247484013438	0.0035704868379980324	0.004019380349200219	0.0	0.001195661083329469	0.0012402661574697049	0.0010638656592163898	0.0018897910461873834	2.6362848970507e-07
T[C>G]T	0.15949044823646547	0.1646660551428795	0.14191528856754304	0.020813350938268575	0.021090224757790564	0.007850716263055802	0.01120936693623662	0.06820788383483886	0.028433168493665707	0.022363360971237558	0.005974169139270025	0.016771538695320488
T[C>T]A	0.25749364495277405	0.11870336541905999	0.09984170254319906	0.0037131029541342285	0.0017778892070055793	0.00044035728788003323	0.03050115630030632	0.035849806666374204	0.019815269857646006	0.03645325433462858	0.04601471200585365	0.039306541159749034
T[C>T]C	0.05039497539487068	0.0608400858938694	0.04102564537897706	0.01578607404480863	0.009279768111400698	0.012022442277520895	0.021612277394160627	0.02876938581466675	0.031713899970054624	0.017315930407494306	0.026119155064225196	0.01815611157004753
T[C>T]G	0.03406262770295143	0.054825196787714955	0.052418685704469684	0.003376887447666377	0.007491159819166206	0.012565812282264232	0.008721681870520115	0.011511410120874643	0.08125648498535157	0.01031686014030137	0.039522526785731316	0.017451726831495762
T[C>T]T	0.13455834984779358	0.06685553714632989	0.04593332596123219	0.014635749626904726	0.0076222050870374865	0.02142862009322357	0.012621595576708316	0.0348797895014286	0.014174117147922516	0.022072834987228146	0.03822525516152382	0.03005284648388624
T[T>A]A	0.0006613427074626088	0.0008763872736201022	0.007048962302496875	0.004114198015452056	0.007456636475399137	0.0065248319843021815	0.020847625844180585	5.445236274102057e-27	0.019881739374250175	0.007220820710062981	0.016753272712230684	0.01300726030021906
T[T>A]C	0.000259246036875993	0.0015863289287897622	0.0025883247144520283	0.005196054512649925	0.009112899750510634	0.007295674085617066	0.014164692908525466	8.668788495924673e-08	0.012970683604726219	0.0036774034657355513	0.0210354195907712	0.006641124191196468
T[T>A]G	8.364841094141922e-05	0.001980758260470024	0.0005800812039524316	0.009913544077426195	0.002192248124629259	0.0038714323192834852	0.0008390408377636049	0.0071658710017800335	0.00887429416179657	0.014747267588973045	0.012222981825470925	0.006230721437397847
T[T>A]T	0.0003270739988352034	0.004543341550743207	0.006338507797491388	0.010306430328637362	0.011707153869792819	0.01368870004080236	0.0022381020710090767	0.0017114825546741485	0.0069811397947091795	0.002985865902155638	0.004601441914917359	0.004405812155232525
T[T>C]A	0.0	7.140890647860942e-06	0.002260687361467717	0.004625694826245308	0.008772906754165888	0.003773264680057764	0.025083201425150036	0.0019946389093036033	0.012588993273675441	0.00807965211570263	0.004296258732499325	0.007706065103411675
T[T>C]C	7.977427449077368e-05	0.0008800146307336831	0.0025863066664896907	0.003954285569489005	0.01290403176099062	0.0075304055895685455	0.01933576548472047	0.0035143567620934844	0.00813722163438797	0.01295926533639431	0.017487850208951272	0.007090191263705492
T[T>C]G	0.0011641641547839754	0.0007558203014013999	0.005190073745325208	0.006202311860397458	0.00041910491710268617	0.006521868659183383	0.006871018372476101	2.611685658848728e-08	0.0026571099646389485	0.018766739219427227	0.0030690549576490866	0.002771704612317194
T[T>C]T	0.00014338128548843087	0.0033037981904982415	0.0034623923827894034	0.0019410107228253538	0.006511843204498291	0.011958016455173493	0.01620436944067478	0.00930632147938013	0.005925971455872059	0.027888639038428663	0.022875259071588515	0.0060219814764792545
T[T>G]A	0.0001333366625999588	0.0002979792887384215	0.0029587014105175056	0.004409123022514907	0.003924253747609415	0.011245908029377461	0.0066653738729655744	0.0015390052276870847	0.004249566673051675	0.017127957940101624	0.008563863949291317	0.001936347215735168
T[T>G]C	9.912176564057518e-05	0.0002365215215831995	0.0018372119576383738	0.003913430217653513	0.00528964763507247	0.00651587089523673	0.005112699205141644	0.0013662560761872554	0.0023850282773082653	0.008864377913141652	0.0006684188879091835	0.0011281222487696141
T[T>G]G	0.0	3.7615135397572883e-07	4.8872015412371185e-08	0.009044696489070247	0.006978515791706741	0.014637410454452039	0.005488079553470015	0.004017577935087502	0.00208997568115592	0.0004231018553866761	0.0023716834226007676	0.005708191045303579
T[T>G]T	4.652426895290773e-06	0.0011991977008860093	0.002404515410307795	0.007903974689543247	0.01128839454613626	0.008581714285537601	0.004477816540747881	0.01486131027340889	0.005073122641314853	0.01380730620449704	0.015845142770558596	0.0040265331510454415
