MutationType	DBS78A	DBS78B	DBS78C	DBS78D	DBS78E	DBS78F	DBS78G	DBS78H	DBS78I	DBS78J	DBS78K
AC>CA	0.01172140	0.00000159	0.00155611	0.00000243	0.00000111	0.00140649	0.00000275	0.00000433	0.00000535	0.00323735	0.01522865
AC>CG	0.00000126	0.00359065	0.00812783	0.00000169	0.00000090	0.00000260	0.00000410	0.00000364	0.00245835	0.00000513	0.00000315
AC>CT	0.00000068	0.01018994	0.00000081	0.00966303	0.00897436	0.00101967	0.00000422	0.02003828	0.00866282	0.00000313	0.00000403
AC>GA	0.02506100	0.00000072	0.00000023	0.01389772	0.01659103	0.01922425	0.00500581	0.00000210	0.01499611	0.00000309	0.00000202
AC>GG	0.00000155	0.00000191	0.00000118	0.00000229	0.00000165	0.00000361	0.00000500	0.00000442	0.00000687	0.00000589	0.00000399
AC>GT	0.01172253	0.00000202	0.00000070	0.00000164	0.00000180	0.00457889	0.00000320	0.00000318	0.00000600	0.00001844	0.01256622
AC>TA	0.00238668	0.01349848	0.00000075	0.02212071	0.00547194	0.00131597	0.00000373	0.00519078	0.04720171	0.03517093	0.00000129
AC>TG	0.00000114	0.00000168	0.00000086	0.00886319	0.00000142	0.00676019	0.00000442	0.00000319	0.00000601	0.00000404	0.00000351
AC>TT	0.00000103	0.01246477	0.01545865	0.00000090	0.00550227	0.00000196	0.00000234	0.01052820	0.00245739	0.00000186	0.03631489
AT>CA	0.00000093	0.00000061	0.00000103	0.00000149	0.00858941	0.00000200	0.00000444	0.00000353	0.05247920	0.00703741	0.00000263
AT>CC	0.00000155	0.00000191	0.00000118	0.00000229	0.00000165	0.00000361	0.00000500	0.00000442	0.00000687	0.00000589	0.00000399
AT>CG	0.00000155	0.00000191	0.00000118	0.00000229	0.00000165	0.00000361	0.00000500	0.00000442	0.00000687	0.00000589	0.00000399
AT>GA	0.00000099	0.00000076	0.00000130	0.00459343	0.00898979	0.00000246	0.00000909	0.00000471	0.01078378	0.01136577	0.00000329
AT>GC	0.00000155	0.00000191	0.00000118	0.00000229	0.00000165	0.00000361	0.00000500	0.00000442	0.00000687	0.00000589	0.00000399
AT>TA	0.00000112	0.00389219	0.00000100	0.00160815	0.00880857	0.00000285	0.00622890	0.00000375	0.00102062	0.00000509	0.00000314
CC>AA	0.23253534	0.11240370	0.01324682	0.15087290	0.06568069	0.30142828	0.24884534	0.02813271	0.02608190	0.06538342	0.04709135
CC>AG	0.02166772	0.04772900	0.00687518	0.05846112	0.01083678	0.00699666	0.05577678	0.02120635	0.00001888	0.01262732	0.05074824
CC>AT	0.08860702	0.04235142	0.01871209	0.12121920	0.03215734	0.02892803	0.05617105	0.02471350	0.00000000	0.06198161	0.09453737
CC>GA	0.01903921	0.04877073	0.00000000	0.02679057	0.00476948	0.02270772	0.02112672	0.02764184	0.04740552	0.00631622	0.01602876
CC>GG	0.00000124	0.00212890	0.00000098	0.00816534	0.00000150	0.00000277	0.00000460	0.00259870	0.00491230	0.00000527	0.00000339
CC>GT	0.00455818	0.00000033	0.05123471	0.00196606	0.01787042	0.01331447	0.04150729	0.03637293	0.00000050	0.04182774	0.09589624
CC>TA	0.03351222	0.00000032	0.03821842	0.02767709	0.00722555	0.00263005	0.00760763	0.00000272	0.00000214	0.00000112	0.00000574
CC>TG	0.00662614	0.00000144	0.01339063	0.00000156	0.00000070	0.00263279	0.00000475	0.00000315	0.00000313	0.00000375	0.00000313
CC>TT	0.02535055	0.01913784	0.27829170	0.01001331	0.03252259	0.02499294	0.03010825	0.02119388	0.00485642	0.18584203	0.05330299
CG>AT	0.00000147	0.00000123	0.00000114	0.00000201	0.01470142	0.00000351	0.00000500	0.00000378	0.00000943	0.00000523	0.00000408
CG>GC	0.00000155	0.00000191	0.00000118	0.00000229	0.00000165	0.00000361	0.00000500	0.00000442	0.00000687	0.00000589	0.00000399
CG>GT	0.00185316	0.00000189	0.00000104	0.00000174	0.00537382	0.00000296	0.01436378	0.00000371	0.00000582	0.00815780	0.00407540
CG>TA	0.00000054	0.00000058	0.00000087	0.00000147	0.00000061	0.00000240	0.00000471	0.02102935	0.04954740	0.00000945	0.00407209
CG>TC	0.00000155	0.00000191	0.00000118	0.00000229	0.00000165	0.00000361	0.00000500	0.00000442	0.00000687	0.00000589	0.00000399
CG>TT	0.00000155	0.00000191	0.00000118	0.00000229	0.00000165	0.00000361	0.00000500	0.00000442	0.00000687	0.00000589	0.00000399
CT>AA	0.02415383	0.02716556	0.01302274	0.05473431	0.01410159	0.04450646	0.00000283	0.02245216	0.00000358	0.01144070	0.00000245
CT>AC	0.01344076	0.00000141	0.00000096	0.00000197	0.00576216	0.00000301	0.00000523	0.00000436	0.00000691	0.00000536	0.00000402
CT>AG	0.00000011	0.03000731	0.00000075	0.01916741	0.03714360	0.00634829	0.00564008	0.01188822	0.04469984	0.00704152	0.00000313
CT>GA	0.00000122	0.02134452	0.00000092	0.00160809	0.00830958	0.00000244	0.00000346	0.00000278	0.00491150	0.00000525	0.00000280
CT>GC	0.00000134	0.00212901	0.00885581	0.00000171	0.00000097	0.00000307	0.00000496	0.00000346	0.00196605	0.00386806	0.00000647
CT>GG	0.00000107	0.00814707	0.01358176	0.00321350	0.00000014	0.00000153	0.00166762	0.00000314	0.00490927	0.00210825	0.02342296
CT>TA	0.02611103	0.00765445	0.06811258	0.00623157	0.04831181	0.00923361	0.00000118	0.00400382	0.00000126	0.05335844	0.00000233
CT>TC	0.00000090	0.00000139	0.00521882	0.00000076	0.00000028	0.02477360	0.02501081	0.00003873	0.00000440	0.00000171	0.06472190
CT>TG	0.01729527	0.01033739	0.00000069	0.00000148	0.00000070	0.00000187	0.00000231	0.00000318	0.06019606	0.00734098	0.00000209
GC>AA	0.05132630	0.01802309	0.01180714	0.06424408	0.05363555	0.09242560	0.05010555	0.00000000	0.12371517	0.07186927	0.00992097
GC>AG	0.03995132	0.00502921	0.01591176	0.03797451	0.03833949	0.01529147	0.01351167	0.03808939	0.03095459	0.05489677	0.00000151
GC>AT	0.00297835	0.01279191	0.00000045	0.02092453	0.00000042	0.00634736	0.03147529	0.04787362	0.00000428	0.01517668	0.06772304
GC>CA	0.00000094	0.02692959	0.01155750	0.00000121	0.00571725	0.00000177	0.00000296	0.00000164	0.02951279	0.00000338	0.00970803
GC>CG	0.00000155	0.00000191	0.00000118	0.00000229	0.00000165	0.00000361	0.00000500	0.00000442	0.00000687	0.00000589	0.00000399
GC>TA	0.00369365	0.01003691	0.00169002	0.00000148	0.00115235	0.00526264	0.00000422	0.01353696	0.00000399	0.00001425	0.00406848
TA>AT	0.00836117	0.00426498	0.00869377	0.01464086	0.00187098	0.00000185	0.00000430	0.00334408	0.03038872	0.00000322	0.02039366
TA>CG	0.00000062	0.01027477	0.00000089	0.00000137	0.00000120	0.00000188	0.00000437	0.00000347	0.04420551	0.00000507	0.00000279
TA>CT	0.00665124	0.01379992	0.00000036	0.01450621	0.00468888	0.00979890	0.00000231	0.02054503	0.00245919	0.00000403	0.08450074
TA>GC	0.00000155	0.00000191	0.00000118	0.00000229	0.00000165	0.00000361	0.00000500	0.00000442	0.00000687	0.00000589	0.00000399
TA>GG	0.00000129	0.00000124	0.00000100	0.00000174	0.00000124	0.00000298	0.00000488	0.00000387	0.02295656	0.00000488	0.00000355
TA>GT	0.00422758	0.00000037	0.00269071	0.00793060	0.00230529	0.00751530	0.00000358	0.02188722	0.00000344	0.00001354	0.00825257
TC>AA	0.03535967	0.13513071	0.00567156	0.03119725	0.23324295	0.08375993	0.06182366	0.06147115	0.07461135	0.05802428	0.06745400
TC>AG	0.00978248	0.01034855	0.06745185	0.00334493	0.00000000	0.04532828	0.00500229	0.08468325	0.00490902	0.00000071	0.00000149
TC>AT	0.03849864	0.00830428	0.16787409	0.03302953	0.06695186	0.03430137	0.02196177	0.13169643	0.00700473	0.03826223	0.01659913
TC>CA	0.08936043	0.02212101	0.01162124	0.00000000	0.10044970	0.03544027	0.00908075	0.00000050	0.01223572	0.00210393	0.01359685
TC>CG	0.00000170	0.00578007	0.00155630	0.00000193	0.00000105	0.00000428	0.00000438	0.00000390	0.00687228	0.00386992	0.00000290
TC>CT	0.02570427	0.03296846	0.05281776	0.02143992	0.00496879	0.00890958	0.01343211	0.03718216	0.00000054	0.00780206	0.00000027
TC>GA	0.01180752	0.00395304	0.00000034	0.01298207	0.04666767	0.00801834	0.04227154	0.00235118	0.00976364	0.02774813	0.00000168
TC>GG	0.00000115	0.00395415	0.01003603	0.00000170	0.00000036	0.00000177	0.00714759	0.00000382	0.00144421	0.00931556	0.00000263
TC>GT	0.00000064	0.00000014	0.02067775	0.00000022	0.00773918	0.00050637	0.00000254	0.01440690	0.04026522	0.00000395	0.02742755
TG>AA	0.00740681	0.01994560	0.00000082	0.00000122	0.00481378	0.00131541	0.00958901	0.00000218	0.00981553	0.00421288	0.00000203
TG>AC	0.00000111	0.00000177	0.00000121	0.00160823	0.00000066	0.00000308	0.00333562	0.00000460	0.00000645	0.00742372	0.00000344
TG>AT	0.03301570	0.03060614	0.00000000	0.02670167	0.01010854	0.00454900	0.06185484	0.01931880	0.03974311	0.00773041	0.00549665
TG>CA	0.00977110	0.02133311	0.01049060	0.05688293	0.00618458	0.06816411	0.01201490	0.01459036	0.04523161	0.02316204	0.00000057
TG>CC	0.00595662	0.00000175	0.00681736	0.01275847	0.00167865	0.00828215	0.00000288	0.01382701	0.00000226	0.01822778	0.00838246
TG>CT	0.03365885	0.08320764	0.00000000	0.06713815	0.03426433	0.01858550	0.02806370	0.07817494	0.03331507	0.10137234	0.00000022
TG>GA	0.00000116	0.01605484	0.00000092	0.00000189	0.00000144	0.00000271	0.00000413	0.00000344	0.00491162	0.00000554	0.00000306
TG>GC	0.00000137	0.00821069	0.00000081	0.00000190	0.00000108	0.00000286	0.00000380	0.00000303	0.00245904	0.00000518	0.03119328
TG>GT	0.01494477	0.02848376	0.02646970	0.00334597	0.00115165	0.01090114	0.00000231	0.06881279	0.01059735	0.00000271	0.00000354
TT>AA	0.00185215	0.03305042	0.00390275	0.00000047	0.00000023	0.00394601	0.06304277	0.00863965	0.01797209	0.00815372	0.03231519
TT>AC	0.00000117	0.01240389	0.00000092	0.00000194	0.00000162	0.00000275	0.00000423	0.00000358	0.00491161	0.00000556	0.00000355
TT>AG	0.00000097	0.00000090	0.00000094	0.00894353	0.00000054	0.00281494	0.00000352	0.00902408	0.00000544	0.00000378	0.07073463
TT>CA	0.00000138	0.00000190	0.00343839	0.00000223	0.00000157	0.00000334	0.00000455	0.00000404	0.00000639	0.00000574	0.00000395
TT>CC	0.00000139	0.00000183	0.00488246	0.00160804	0.00000115	0.00000257	0.00396642	0.00000392	0.00000560	0.00000502	0.00000360
TT>CG	0.00000109	0.00000207	0.00000099	0.00000152	0.00633227	0.00000317	0.04306539	0.00000374	0.00000539	0.01630935	0.00407571
TT>GA	0.00000155	0.00000191	0.00000118	0.00000229	0.00000165	0.00000361	0.00000500	0.00000442	0.00000687	0.00000589	0.00000399
TT>GC	0.00000148	0.00000199	0.00000093	0.00000244	0.00000128	0.00000323	0.00000443	0.05336280	0.00000612	0.00000526	0.00000321
TT>GG	0.00000126	0.00000116	0.00000100	0.00786483	0.00000157	0.00562805	0.00000435	0.00000408	0.00000596	0.00000477	0.00000317
