MutationType	DBS78A	DBS78B	DBS78C	DBS78D	DBS78E	DBS78F	DBS78G	DBS78H	DBS78I	DBS78J	DBS78K	DBS78L
AC>CA	2.70E-07	8.69E-03	4.88E-07	1.11E-07	1.42E-02	1.12E-02	4.09E-06	6.60E-07	1.96E-06	1.37E-06	6.25E-03	8.31E-03
AC>CG	5.14E-07	6.09E-07	3.65E-03	1.60E-07	4.25E-03	4.51E-07	3.32E-07	1.21E-06	1.06E-02	1.06E-02	7.53E-07	2.34E-06
AC>CT	2.09E-03	4.49E-07	3.40E-08	2.74E-07	3.48E-03	4.29E-03	6.78E-03	2.01E-03	2.64E-03	3.98E-03	2.81E-07	1.77E-06
AC>GA	1.12E-02	3.81E-03	1.89E-07	6.08E-08	8.48E-04	1.96E-06	5.75E-03	1.47E-02	4.74E-02	2.05E-06	9.38E-07	2.30E-06
AC>GG	3.27E-07	4.46E-07	1.16E-07	2.04E-07	3.51E-07	3.44E-07	4.16E-07	9.00E-07	2.03E-06	2.42E-06	6.16E-07	2.01E-06
AC>GT	5.05E-07	4.84E-03	1.03E-07	1.39E-07	7.96E-03	3.75E-03	3.63E-07	8.58E-07	1.65E-06	2.09E-06	6.35E-07	2.08E-06
AC>TA	6.19E-03	2.92E-07	1.94E-07	2.88E-07	9.72E-03	7.90E-03	4.67E-07	4.17E-07	1.55E-02	1.14E-02	2.09E-02	1.25E-02
AC>TG	4.37E-07	2.08E-07	3.20E-08	4.32E-07	5.25E-03	5.62E-07	1.57E-02	2.97E-03	2.27E-06	2.52E-06	7.89E-07	2.03E-06
AC>TT	3.42E-07	3.59E-07	6.61E-03	2.40E-07	7.57E-03	1.86E-02	5.38E-07	3.47E-03	2.64E-03	4.72E-03	1.25E-02	1.16E-02
AT>CA	3.87E-07	1.90E-03	1.29E-07	2.59E-07	3.46E-07	3.53E-07	1.77E-07	3.47E-03	8.01E-03	4.19E-03	1.83E-02	1.25E-02
AT>CC	3.27E-07	4.46E-07	1.16E-07	2.04E-07	3.51E-07	3.44E-07	4.16E-07	9.00E-07	2.03E-06	2.42E-06	6.16E-07	2.01E-06
AT>CG	3.27E-07	4.46E-07	1.16E-07	2.04E-07	3.51E-07	3.44E-07	4.16E-07	9.00E-07	2.03E-06	2.42E-06	6.16E-07	2.01E-06
AT>GA	2.63E-03	3.18E-07	1.44E-07	1.58E-02	3.88E-07	4.40E-07	3.57E-03	6.94E-03	2.23E-06	2.10E-03	4.38E-07	2.13E-06
AT>GC	3.27E-07	4.46E-07	1.16E-07	2.04E-07	3.51E-07	3.44E-07	4.16E-07	9.00E-07	2.03E-06	2.42E-06	6.16E-07	2.01E-06
AT>TA	1.31E-03	1.90E-03	8.79E-08	5.64E-03	6.38E-03	3.97E-07	3.46E-07	3.47E-03	2.64E-03	1.03E-02	3.95E-07	1.30E-06
CC>AA	5.26E-02	3.90E-02	5.14E-03	2.03E-02	3.60E-02	1.62E-02	4.15E-02	6.10E-02	2.79E-21	2.33E-02	4.04E-02	1.87E-02
CC>AG	7.47E-03	9.17E-03	2.92E-03	9.61E-03	2.16E-02	1.49E-02	5.90E-03	1.03E-02	2.75E-02	1.04E-02	2.92E-02	2.22E-02
CC>AT	2.19E-02	1.06E-02	4.80E-03	1.77E-02	1.51E-02	1.29E-02	5.34E-02	1.39E-02	5.59E-06	1.74E-02	3.66E-02	1.47E-02
CC>GA	3.74E-03	1.05E-02	9.07E-08	1.17E-02	1.10E-02	8.85E-03	1.70E-02	1.12E-02	4.20E-03	2.88E-02	8.26E-03	1.19E-02
CC>GG	2.09E-03	3.83E-07	6.32E-08	3.14E-07	4.34E-03	3.92E-07	3.88E-07	7.58E-07	2.64E-03	2.13E-03	8.45E-03	1.58E-06
CC>GT	3.09E-06	1.90E-03	7.26E-03	1.01E-02	6.15E-03	1.15E-02	3.03E-08	5.38E-03	2.49E-02	2.80E-46	1.25E-02	4.78E-02
CC>TA	8.50E-03	1.90E-03	1.03E-02	4.94E-03	7.29E-03	3.51E-07	1.08E-02	6.18E-07	1.12E-02	3.85E-03	1.74E-02	1.32E-06
CC>TG	5.10E-03	4.73E-07	3.40E-03	2.62E-07	5.62E-07	5.88E-07	1.79E-03	9.30E-07	1.27E-06	3.81E-03	7.83E-07	1.63E-06
CC>TT	2.19E-03	3.59E-03	2.10E-02	1.59E-02	1.62E-02	2.87E-02	3.82E-03	6.01E-03	2.28E-02	1.61E-02	1.16E-02	2.35E-02
CG>AT	1.31E-03	5.71E-03	1.49E-07	3.08E-07	3.96E-07	5.25E-03	6.20E-07	3.47E-03	1.91E-06	1.44E-06	5.64E-07	2.10E-06
CG>GC	3.27E-07	4.46E-07	1.16E-07	2.04E-07	3.51E-07	3.44E-07	4.16E-07	9.00E-07	2.03E-06	2.42E-06	6.16E-07	2.01E-06
CG>GT	5.69E-03	6.75E-07	3.01E-07	2.16E-07	4.96E-07	5.60E-07	1.79E-03	8.14E-07	1.69E-02	3.81E-03	7.04E-07	5.19E-02
CG>TA	4.97E-07	4.63E-07	7.18E-08	2.24E-07	5.39E-07	1.58E-02	1.97E-06	1.00E-06	2.21E-02	6.53E-02	5.63E-07	1.37E-02
CG>TC	3.27E-07	4.46E-07	1.16E-07	2.04E-07	3.51E-07	3.44E-07	4.16E-07	9.00E-07	2.03E-06	2.42E-06	6.16E-07	2.01E-06
CG>TT	3.27E-07	4.46E-07	1.16E-07	2.04E-07	3.51E-07	3.44E-07	4.16E-07	9.00E-07	2.03E-06	2.42E-06	6.16E-07	2.01E-06
CT>AA	1.09E-02	3.27E-03	3.08E-03	4.40E-03	4.77E-03	1.63E-02	1.01E-02	1.22E-02	1.59E-02	2.13E-03	1.24E-02	1.37E-02
CT>AC	4.60E-03	1.90E-03	2.02E-07	2.62E-07	3.90E-07	5.25E-03	5.73E-07	6.94E-03	2.53E-06	2.10E-03	3.08E-07	1.88E-06
CT>AG	2.06E-07	5.71E-03	1.65E-07	6.87E-03	8.40E-03	1.30E-02	4.41E-07	2.47E-07	2.44E-02	1.39E-02	1.10E-02	8.31E-03
CT>GA	2.09E-03	5.71E-03	5.54E-08	4.34E-03	2.13E-03	4.23E-07	4.10E-07	6.94E-03	2.64E-03	2.13E-03	6.52E-07	1.48E-06
CT>GC	4.18E-03	2.60E-07	4.69E-03	3.27E-07	2.96E-03	7.49E-03	2.66E-07	2.87E-07	1.75E-06	5.21E-03	5.07E-03	1.97E-06
CT>GG	4.18E-03	4.09E-07	1.91E-03	5.89E-03	2.13E-03	5.52E-07	2.75E-07	9.62E-07	5.28E-03	6.20E-03	1.87E-02	1.82E-02
CT>TA	8.81E-03	9.58E-03	1.61E-02	3.43E-46	1.06E-02	1.06E-02	3.50E-03	3.52E-05	1.69E-02	1.46E-05	1.24E-02	2.05E-02
CT>TC	4.59E-03	3.68E-07	4.76E-03	2.55E-07	5.64E-07	5.03E-07	1.47E-07	1.88E-02	1.92E-06	9.32E-07	1.25E-02	4.10E-02
CT>TG	2.89E-07	3.28E-03	3.39E-03	2.08E-07	5.31E-03	1.50E-02	3.02E-06	4.39E-07	2.21E-02	2.84E-02	4.77E-03	2.14E-06
GC>AA	1.35E-02	1.46E-02	2.59E-03	1.86E-02	1.82E-02	1.04E-02	1.40E-02	2.72E-02	6.07E-03	1.38E-02	1.59E-02	1.34E-02
GC>AG	1.33E-02	1.90E-03	6.21E-03	7.05E-03	6.99E-03	1.03E-02	2.63E-02	6.11E-03	1.01E-02	1.85E-02	5.83E-03	1.49E-02
GC>AT	2.66E-07	8.39E-03	2.34E-07	1.09E-02	2.28E-02	1.38E-06	1.41E-07	4.82E-07	2.06E-02	8.66E-07	1.63E-02	8.05E-03
GC>CA	6.07E-03	1.90E-03	1.59E-03	2.32E-07	1.82E-02	5.24E-03	5.30E-07	3.01E-07	1.39E-02	1.50E-02	4.58E-03	2.52E-02
GC>CG	3.27E-07	4.46E-07	1.16E-07	2.04E-07	3.51E-07	3.44E-07	4.16E-07	9.00E-07	2.03E-06	2.42E-06	6.16E-07	2.01E-06
GC>TA	2.66E-03	4.23E-07	2.69E-07	3.60E-07	3.57E-07	3.29E-07	4.06E-03	4.96E-07	3.60E-06	1.48E-02	7.59E-07	2.05E-02
TA>AT	2.35E-07	3.18E-03	1.02E-02	3.00E-07	1.16E-02	2.84E-07	4.26E-03	3.47E-03	7.38E-03	6.27E-03	4.95E-03	1.24E-02
TA>CG	6.26E-03	2.88E-07	5.16E-08	1.47E-07	2.94E-07	5.23E-07	5.68E-07	9.96E-07	7.19E-03	3.93E-03	9.16E-03	1.46E-06
TA>CT	2.09E-03	5.22E-03	2.02E-07	2.40E-07	1.77E-02	1.72E-02	7.14E-03	6.09E-03	2.64E-03	8.24E-03	1.87E-02	1.82E-02
TA>GC	3.27E-07	4.46E-07	1.16E-07	2.04E-07	3.51E-07	3.44E-07	4.16E-07	9.00E-07	2.03E-06	2.42E-06	6.16E-07	2.01E-06
TA>GG	2.35E-07	4.96E-07	4.75E-08	1.44E-07	4.02E-07	6.11E-07	4.21E-07	5.91E-07	1.48E-02	1.78E-02	9.16E-03	1.93E-06
TA>GT	7.98E-03	3.47E-03	2.04E-07	3.85E-07	5.31E-03	8.59E-03	1.02E-02	5.95E-03	2.25E-06	7.63E-03	5.15E-07	2.15E-06
TC>AA	2.79E-02	3.67E-02	5.06E-03	6.89E-03	2.73E-02	3.78E-02	1.76E-02	4.69E-02	3.03E-02	3.70E-02	2.49E-02	1.31E-02
TC>AG	9.93E-03	4.32E-07	1.62E-02	3.92E-08	1.10E-02	2.90E-02	2.80E-46	1.49E-02	5.63E-03	1.06E-02	1.29E-02	2.07E-02
TC>AT	2.02E-02	1.12E-02	1.79E-02	1.04E-02	1.93E-02	2.98E-02	3.01E-02	1.17E-02	1.03E-02	1.31E-02	2.44E-02	1.50E-02
TC>CA	1.52E-02	1.89E-02	1.81E-03	2.71E-03	1.18E-02	1.56E-03	3.44E-03	1.09E-02	5.32E-03	1.24E-02	6.25E-03	7.59E-03
TC>CG	6.41E-03	3.75E-07	1.66E-07	2.65E-07	2.65E-03	3.75E-03	7.67E-03	7.05E-07	2.64E-03	8.40E-03	7.61E-07	2.05E-06
TC>CT	2.13E-03	3.33E-03	6.74E-03	9.70E-03	2.17E-07	7.57E-03	1.38E-02	1.19E-02	1.26E-06	6.19E-03	6.84E-07	2.05E-02
TC>GA	8.75E-03	1.29E-02	1.35E-07	2.81E-03	4.92E-03	1.84E-02	2.79E-03	2.43E-02	7.93E-03	2.15E-02	4.17E-03	9.93E-03
TC>GG	4.18E-03	3.62E-07	6.00E-03	3.72E-03	2.13E-03	1.47E-07	3.43E-07	9.26E-07	1.98E-06	2.13E-03	6.94E-07	1.16E-06
TC>GT	1.19E-03	1.04E-02	5.40E-03	2.60E-07	1.06E-02	9.00E-07	1.61E-06	3.47E-03	1.29E-06	8.59E-03	1.87E-02	1.23E-02
TG>AA	1.69E-03	1.90E-03	2.00E-07	3.00E-03	2.13E-03	4.11E-07	7.14E-03	3.47E-03	2.30E-06	2.59E-03	4.78E-07	1.56E-06
TG>AC	3.41E-07	4.45E-07	1.41E-07	6.71E-03	3.55E-07	4.08E-07	3.70E-07	8.70E-07	2.03E-06	2.49E-06	6.16E-07	2.07E-06
TG>AT	8.24E-03	1.11E-02	1.06E-07	2.43E-03	1.09E-02	1.25E-02	1.43E-02	5.20E-03	1.46E-04	6.73E-03	1.14E-02	1.43E-02
TG>CA	7.10E-03	1.03E-02	4.96E-03	2.17E-03	9.92E-03	2.38E-07	1.89E-02	1.99E-02	8.14E-03	8.25E-03	2.53E-02	2.79E-03
TG>CC	2.75E-03	1.58E-02	3.75E-03	3.34E-07	3.23E-03	3.75E-03	8.85E-03	2.97E-03	1.28E-02	2.10E-03	1.03E-06	6.85E-03
TG>CT	9.58E-03	2.08E-02	1.76E-26	9.15E-03	2.06E-02	1.81E-02	2.35E-02	2.78E-02	7.13E-02	5.21E-03	2.40E-02	7.23E-03
TG>GA	4.18E-03	3.14E-07	4.02E-08	8.53E-08	3.31E-07	3.17E-07	4.41E-07	1.04E-06	5.28E-03	6.20E-03	7.47E-07	1.60E-06
TG>GC	3.58E-07	3.78E-07	2.32E-07	2.21E-07	1.21E-02	5.21E-07	5.58E-07	7.28E-07	1.69E-06	2.13E-03	6.25E-03	7.40E-03
TG>GT	7.56E-03	5.62E-03	9.14E-03	2.12E-07	9.80E-03	7.49E-03	3.59E-03	7.03E-07	2.64E-03	1.44E-02	1.24E-02	2.15E-06
TT>AA	1.35E-02	5.82E-07	3.97E-03	2.16E-07	6.38E-03	1.19E-06	1.79E-03	5.51E-03	3.96E-02	1.04E-02	6.25E-03	1.02E-02
TT>AC	2.76E-07	5.21E-07	1.31E-07	7.21E-08	2.13E-03	3.43E-07	3.87E-07	9.00E-07	5.28E-03	4.25E-03	5.98E-07	2.04E-06
TT>AG	4.89E-07	1.73E-07	2.50E-07	4.23E-07	9.82E-03	1.28E-02	7.09E-03	2.97E-03	1.44E-06	2.41E-06	9.57E-07	1.24E-02
TT>CA	3.92E-07	4.66E-07	5.47E-03	3.73E-07	5.38E-07	7.01E-07	3.87E-07	9.13E-07	1.15E-06	2.42E-06	8.36E-07	1.53E-06
TT>CC	2.02E-07	3.78E-07	5.60E-03	4.76E-03	4.15E-07	1.45E-07	2.79E-07	9.53E-07	2.02E-06	1.05E-06	6.07E-07	1.51E-06
TT>CG	3.37E-07	2.89E-07	1.58E-07	3.55E-07	4.59E-07	4.56E-07	4.89E-07	8.79E-07	9.82E-03	2.52E-06	6.82E-07	2.20E-06
TT>GA	3.27E-07	4.46E-07	1.16E-07	2.04E-07	3.51E-07	3.44E-07	4.16E-07	9.00E-07	2.03E-06	2.42E-06	6.16E-07	2.01E-06
TT>GC	2.87E-07	5.13E-07	7.83E-08	2.43E-07	3.20E-07	1.33E-02	4.28E-07	8.58E-07	1.87E-06	2.55E-06	3.65E-07	1.79E-06
TT>GG	4.42E-07	3.03E-07	3.14E-08	4.15E-07	2.63E-03	2.52E-07	3.98E-03	2.97E-03	2.13E-06	2.51E-06	7.30E-07	2.02E-06
