MutationType	SBS96A	SBS96B	SBS96C	SBS96D	SBS96E	SBS96F	SBS96G	SBS96H	SBS96I	SBS96J	SBS96K	SBS96L
A[C>A]A	0.00000518	0.00178067	0.00418447	0.00000003	0.00452195	0.00061170	0.00716352	0.00657991	0.00249574	0.04993428	0.00864858	0.02346243
A[C>A]C	0.00016783	0.00007864	0.00658703	0.00047630	0.00274617	0.00068736	0.00971452	0.01893281	0.00467167	0.07784004	0.01100460	0.00816533
A[C>A]G	0.00002724	0.00000000	0.00232390	0.00122643	0.00140897	0.00183818	0.01011434	0.00621906	0.00027315	0.01186467	0.00318352	0.00292080
A[C>A]T	0.00000802	0.00001478	0.00164453	0.00039957	0.00152807	0.00222967	0.00469100	0.00740479	0.00445563	0.02615807	0.00978875	0.01445153
A[C>G]A	0.00025939	0.00171936	0.00459211	0.00007580	0.00425534	0.00000081	0.03944930	0.00102051	0.00120880	0.00549708	0.00324246	0.01027634
A[C>G]C	0.00062050	0.00095959	0.00279663	0.00000016	0.00363643	0.00027764	0.01420276	0.00868321	0.00208796	0.01530638	0.00908430	0.01256829
A[C>G]G	0.00001031	0.00062217	0.00302063	0.00000038	0.00011569	0.00052630	0.02937159	0.00174061	0.00237894	0.00517159	0.00097440	0.00256890
A[C>G]T	0.00000102	0.00306523	0.00514499	0.00000015	0.00284940	0.00051290	0.04250865	0.00124537	0.00073440	0.00910550	0.00213695	0.00545482
A[C>T]A	0.00333330	0.00108731	0.01359419	0.02066272	0.01386327	0.00271117	0.01847544	0.01985113	0.02213456	0.00856783	0.01696289	0.00795018
A[C>T]C	0.00018045	0.00010828	0.02261388	0.00655406	0.00590318	0.00791618	0.00585510	0.02585017	0.02980432	0.01204890	0.01177046	0.00956194
A[C>T]G	0.00034776	0.00253288	0.00981919	0.24400743	0.01408639	0.01172262	0.00154730	0.09286133	0.05835450	0.02124866	0.02330228	0.00985256
A[C>T]T	0.00090361	0.00000026	0.00706259	0.00306326	0.00894168	0.00397407	0.01302576	0.01813531	0.02178777	0.00810671	0.01581301	0.01192032
A[T>A]A	0.00000053	0.00008288	0.00461701	0.00000027	0.00553077	0.00383477	0.00188254	0.00755248	0.00044261	0.00975469	0.00310583	0.00460469
A[T>A]C	0.00001953	0.00012407	0.00954079	0.00294527	0.00509240	0.00173813	0.00375545	0.01183478	0.00735028	0.00888906	0.01093756	0.00696957
A[T>A]G	0.00019798	0.00000001	0.00883024	0.00053308	0.00394691	0.00089539	0.00152824	0.02094203	0.00384851	0.01169417	0.01091419	0.00648159
A[T>A]T	0.00001627	0.00005053	0.00570785	0.00026320	0.00496323	0.01949860	0.00041884	0.00935751	0.00386731	0.00410846	0.00296827	0.00680494
A[T>C]A	0.00000000	0.00003283	0.00904580	0.00393429	0.00911360	0.03560628	0.00471426	0.02279413	0.00804487	0.00307607	0.01341446	0.00663982
A[T>C]C	0.00000912	0.00044236	0.00806124	0.00019142	0.00556795	0.02774595	0.01113957	0.00495191	0.00612107	0.01021115	0.00238075	0.00101678
A[T>C]G	0.00001151	0.00002491	0.01902807	0.00609416	0.00604532	0.06369721	0.00304017	0.01945327	0.00753830	0.01701237	0.00842347	0.00259820
A[T>C]T	0.00003261	0.00013997	0.01177124	0.00411688	0.01126907	0.00811258	0.00206559	0.04369836	0.01286466	0.00720843	0.02101704	0.00312235
A[T>G]A	0.00004460	0.00007588	0.00231318	0.00008908	0.00026182	0.00029568	0.00173064	0.00242258	0.00016488	0.00562968	0.00146790	0.00988671
A[T>G]C	0.00001375	0.00021385	0.00340048	0.00026071	0.00086389	0.00165914	0.00443763	0.00219440	0.00142481	0.00501654	0.00291315	0.00161853
A[T>G]G	0.00008755	0.00005607	0.00353944	0.00007388	0.00165236	0.00025056	0.00840333	0.00054417	0.00237071	0.00445309	0.00186701	0.00903739
A[T>G]T	0.00006192	0.00001525	0.00397345	0.00000055	0.00099045	0.00196076	0.00237089	0.00557804	0.00116716	0.00588591	0.00262238	0.00516559
C[C>A]A	0.00039120	0.00132622	0.00554575	0.00005226	0.00342527	0.00643065	0.02426955	0.00463036	0.00787678	0.02661298	0.01285489	0.02515355
C[C>A]C	0.00017776	0.00021927	0.00422156	0.00022894	0.00157030	0.01019749	0.01981053	0.00405445	0.02474544	0.02097360	0.00565977	0.01596348
C[C>A]G	0.00005719	0.00016260	0.00545526	0.00023202	0.00530414	0.00475159	0.01412873	0.00335561	0.00456657	0.00791888	0.00677667	0.00175506
C[C>A]T	0.00007969	0.00065143	0.00794150	0.00152174	0.00000440	0.03981419	0.00427785	0.00000055	0.03085697	0.00596488	0.00516174	0.01769801
C[C>G]A	0.00011857	0.00447401	0.00579016	0.00000032	0.00421337	0.00030969	0.02303903	0.00707560	0.00361763	0.01033543	0.00466571	0.01337614
C[C>G]C	0.00014838	0.00035086	0.00395280	0.00000134	0.00601293	0.00010231	0.04034809	0.00225024	0.00000040	0.00821013	0.00656472	0.00206401
C[C>G]G	0.00000000	0.00000022	0.00374456	0.00231873	0.00341714	0.00012424	0.02875507	0.00403035	0.00305400	0.01159513	0.00605226	0.00450525
C[C>G]T	0.00066388	0.00416409	0.00381357	0.00000012	0.00199069	0.00004286	0.06348654	0.00402528	0.00291981	0.00619250	0.00377449	0.00991650
C[C>T]A	0.00541820	0.00723373	0.01982595	0.01393574	0.06206680	0.00132705	0.00738633	0.03308737	0.01564528	0.02333627	0.01881337	0.02172023
C[C>T]C	0.00142684	0.00163688	0.01590830	0.00531819	0.00904225	0.00249229	0.01214102	0.01232054	0.03623763	0.03891062	0.02994032	0.00713428
C[C>T]G	0.00333029	0.00150048	0.04349800	0.26163376	0.01558353	0.00932381	0.01058382	0.02085006	0.00611021	0.02013658	0.01848397	0.00776431
C[C>T]T	0.00359359	0.00204447	0.01647295	0.01175793	0.01280539	0.00293910	0.02056575	0.01623087	0.02663110	0.06022758	0.01516967	0.00743105
C[T>A]A	0.00006394	0.00026824	0.00240551	0.00000064	0.00042373	0.00387422	0.00392164	0.00186653	0.00006071	0.00518290	0.00071658	0.00622038
C[T>A]C	0.00000016	0.00022030	0.00434108	0.00004389	0.00080885	0.00454042	0.01937058	0.00359574	0.00317051	0.01602207	0.00377743	0.00297139
C[T>A]G	0.00016132	0.00000000	0.01221055	0.00087177	0.00046245	0.00384596	0.01569753	0.01813034	0.00655044	0.01481366	0.00209013	0.00832372
C[T>A]T	0.00001017	0.00010559	0.00309890	0.00044104	0.00234143	0.00158914	0.01384516	0.00348768	0.00061750	0.01104494	0.00279069	0.01405297
C[T>C]A	0.00001152	0.00008037	0.00274992	0.00000159	0.00061778	0.03206247	0.00122608	0.00052170	0.00350780	0.00488734	0.00102709	0.00086300
C[T>C]C	0.00007352	0.00000000	0.00693878	0.00008119	0.00096489	0.03181299	0.00909706	0.01023468	0.00271872	0.00958723	0.00525624	0.00909526
C[T>C]G	0.00000001	0.00000017	0.00004534	0.00000079	0.00000592	0.10926079	0.00351876	0.00000384	0.01109667	0.00001134	0.00000116	0.00006475
C[T>C]T	0.00006811	0.00032786	0.00633231	0.00262828	0.00140741	0.03785358	0.01534286	0.00628310	0.00720390	0.00210979	0.00330087	0.00737651
C[T>G]A	0.00000002	0.00002135	0.00231971	0.00000031	0.00071662	0.00021641	0.00585454	0.00173546	0.00038336	0.00322789	0.00287764	0.00143303
C[T>G]C	0.00010348	0.00009453	0.00359034	0.00041917	0.00460677	0.00978736	0.00679687	0.00409676	0.00274134	0.00599298	0.00376407	0.00238884
C[T>G]G	0.00000000	0.00000000	0.00363089	0.00006521	0.00136804	0.01018174	0.02270291	0.00119606	0.00155790	0.00707189	0.00130598	0.01007878
C[T>G]T	0.00000000	0.00038384	0.00279774	0.00042628	0.00215510	0.01444927	0.01080230	0.00384670	0.00205907	0.02208575	0.00642248	0.00487639
G[C>A]A	0.00000004	0.00016222	0.00388138	0.00000058	0.00485932	0.00000039	0.01210883	0.01475216	0.00518373	0.02737505	0.02979746	0.02132597
G[C>A]C	0.00005102	0.00075225	0.01230987	0.00052453	0.00583647	0.00211100	0.01280254	0.01485957	0.00260744	0.01973963	0.01796643	0.01914806
G[C>A]G	0.00003877	0.00000000	0.00398013	0.00219306	0.00138874	0.00026318	0.00161099	0.00676895	0.00234203	0.01240407	0.00814696	0.00815269
G[C>A]T	0.00006570	0.00026558	0.00863224	0.00068621	0.00081649	0.00286974	0.00929394	0.00644070	0.00429535	0.02992541	0.00859478	0.02417029
G[C>G]A	0.00025326	0.00140614	0.00107728	0.00000001	0.00090175	0.00038840	0.02720791	0.00421622	0.00150604	0.00732807	0.00524130	0.00116501
G[C>G]C	0.00026406	0.00069665	0.00207558	0.00035068	0.00426802	0.00399779	0.02103694	0.00329057	0.00254363	0.01300490	0.00746504	0.00779071
G[C>G]G	0.00023699	0.00049317	0.00066814	0.00000020	0.00061543	0.00007724	0.01497569	0.00183587	0.00094660	0.00434941	0.00213722	0.00293466
G[C>G]T	0.00101843	0.00058578	0.00389608	0.00015069	0.00215314	0.00052876	0.04876014	0.00240258	0.00334496	0.00244432	0.00505908	0.00719182
G[C>T]A	0.00125429	0.00434924	0.01713656	0.00325929	0.00917999	0.01173942	0.00682184	0.00954108	0.10495274	0.00564499	0.01420348	0.00701767
G[C>T]C	0.00132944	0.00028469	0.00701622	0.00900369	0.00362739	0.01697087	0.00319806	0.00580664	0.16419043	0.00514892	0.00381122	0.00305299
G[C>T]G	0.00066085	0.00269922	0.01368984	0.27153291	0.00504281	0.02712035	0.00613079	0.02187724	0.07059906	0.00473650	0.01062491	0.00361191
G[C>T]T	0.00164251	0.00090700	0.01183212	0.00922273	0.01099680	0.01913662	0.00483015	0.00551915	0.08424018	0.00619636	0.00457670	0.01062530
G[T>A]A	0.00025363	0.00017873	0.00163350	0.00020951	0.00156071	0.00343609	0.00544033	0.00169235	0.00106453	0.00304183	0.00208487	0.00230611
G[T>A]C	0.00024761	0.00019014	0.00354112	0.00024818	0.00252018	0.00406974	0.00640823	0.00684068	0.00368358	0.00776732	0.00215715	0.00561579
G[T>A]G	0.00000296	0.00004210	0.00807746	0.00000007	0.00441001	0.00398540	0.00870332	0.00385875	0.00052100	0.00729025	0.00226542	0.00636100
G[T>A]T	0.00000518	0.00009170	0.00512876	0.00004175	0.00064714	0.00185176	0.00513127	0.00492641	0.00196855	0.01115613	0.00080836	0.00573728
G[T>C]A	0.00001379	0.00019979	0.00000526	0.00000231	0.00121188	0.09644328	0.00000010	0.00000201	0.00736870	0.00000108	0.00000244	0.00000593
G[T>C]C	0.00001525	0.00002708	0.00129851	0.00000015	0.00000049	0.03347860	0.00497297	0.00187280	0.01201466	0.00421336	0.00446294	0.00708860
G[T>C]G	0.00009987	0.00011599	0.00088862	0.00004494	0.00005108	0.07075325	0.00000072	0.00000319	0.01036669	0.00121585	0.00000925	0.00014324
G[T>C]T	0.00003421	0.00000000	0.00311630	0.00122469	0.00247820	0.06092534	0.00101113	0.00372531	0.00831933	0.00284227	0.00617984	0.00838153
G[T>G]A	0.00000000	0.00003415	0.00030707	0.00008268	0.00187124	0.00096818	0.00490408	0.00179673	0.00042499	0.00539317	0.00045257	0.00186165
G[T>G]C	0.00000000	0.00002572	0.00115528	0.00073853	0.00386054	0.00108391	0.00310522	0.00335104	0.00313609	0.00305008	0.00113188	0.00497929
G[T>G]G	0.00000000	0.00000000	0.00167546	0.00001407	0.00087091	0.00145044	0.02042106	0.00308130	0.00191632	0.00425059	0.00329544	0.00266150
G[T>G]T	0.00000000	0.00000000	0.00249697	0.00082830	0.00243894	0.00592154	0.00283215	0.00408616	0.00000029	0.00579870	0.00046824	0.00509579
T[C>A]A	0.00774153	0.05681890	0.03545157	0.00029115	0.01011687	0.00006559	0.00299547	0.00423325	0.00000049	0.01035497	0.01781386	0.08217676
T[C>A]C	0.00367472	0.01446525	0.02265712	0.00099984	0.00650084	0.00141430	0.01245970	0.01381832	0.00822830	0.01221329	0.06035606	0.05256727
T[C>A]G	0.00695869	0.00140302	0.00940856	0.00029402	0.00468086	0.00000000	0.00000009	0.00609887	0.00751668	0.00901804	0.01337963	0.01059651
T[C>A]T	0.00419389	0.01748286	0.00744706	0.00008838	0.00589155	0.00150586	0.00350771	0.00030870	0.00620974	0.00486739	0.01812494	0.15429585
T[C>G]A	0.00431026	0.18165328	0.27904318	0.00000059	0.00035572	0.00000228	0.00000554	0.00000204	0.00000111	0.00000261	0.00250237	0.00000134
T[C>G]C	0.00089008	0.08151306	0.05776806	0.00000004	0.01375285	0.00012122	0.01651156	0.00119996	0.00106811	0.00515393	0.00301724	0.05429207
T[C>G]G	0.00072811	0.02717274	0.02453918	0.00000135	0.00121761	0.00040197	0.01125057	0.00119783	0.00245768	0.00076292	0.00193537	0.00716728
T[C>G]T	0.00869792	0.53696129	0.01150134	0.00000088	0.00352379	0.00039548	0.00033423	0.00003252	0.00342708	0.00010208	0.00000100	0.00276066
T[C>T]A	0.67521356	0.02727844	0.00887065	0.00000104	0.00176242	0.00102749	0.00000099	0.00000102	0.00037148	0.00028442	0.00019479	0.00062764
T[C>T]C	0.08241978	0.00148395	0.01389726	0.00336565	0.04541736	0.00020864	0.00433109	0.02457601	0.00663120	0.00274671	0.27806875	0.01014431
T[C>T]G	0.07926172	0.00004421	0.00539669	0.09078560	0.09155673	0.00165112	0.00014451	0.22620284	0.00181808	0.00000054	0.03641326	0.00515131
T[C>T]T	0.09575046	0.00013143	0.00456891	0.00013142	0.44107214	0.00000254	0.00074356	0.00246519	0.00000152	0.00002204	0.01301351	0.00259926
T[T>A]A	0.00003561	0.00004146	0.00221943	0.00102173	0.00383669	0.00202065	0.00377063	0.00964729	0.00424329	0.00284054	0.00842344	0.00243758
T[T>A]C	0.00010201	0.00027923	0.00412899	0.00031764	0.00461011	0.00250945	0.00691812	0.00437811	0.00116840	0.00763354	0.00550675	0.00390763
T[T>A]G	0.00006426	0.00000000	0.00168111	0.00000008	0.00154956	0.00306878	0.00850386	0.00084505	0.00014531	0.00624672	0.00185593	0.00557810
T[T>A]T	0.00000000	0.00012787	0.00591681	0.00000001	0.00202057	0.00338627	0.01235468	0.00352646	0.00075254	0.00543699	0.00663132	0.00718879
T[T>C]A	0.00002541	0.00011383	0.00477830	0.00104743	0.00503836	0.01479529	0.00323797	0.00547285	0.01180398	0.00471002	0.00164413	0.00233535
T[T>C]C	0.00001002	0.00024361	0.00522291	0.00217647	0.01007978	0.02471198	0.00790832	0.00643242	0.00543439	0.01053458	0.00477934	0.00801577
T[T>C]G	0.00008910	0.00021274	0.00426804	0.00019922	0.00271582	0.01786200	0.00277596	0.00274661	0.01528129	0.00111414	0.00177453	0.00398674
T[T>C]T	0.00001217	0.00002250	0.00189291	0.00053187	0.00629025	0.01168049	0.00448592	0.01065682	0.00980697	0.01077052	0.00569897	0.00710361
T[T>G]A	0.00000630	0.00006937	0.00208516	0.00007241	0.00051650	0.00064618	0.00776354	0.00231667	0.00054252	0.00443739	0.00170240	0.00537033
T[T>G]C	0.00000729	0.00035308	0.00288301	0.00078727	0.00349184	0.00231887	0.00275091	0.00314487	0.00246625	0.00644085	0.00342596	0.00385714
T[T>G]G	0.00006150	0.00011224	0.00210277	0.00051805	0.00180700	0.00233130	0.00784981	0.00520046	0.00123857	0.00847252	0.00366925	0.00253028
T[T>G]T	0.00000000	0.00001400	0.00690688	0.00005779	0.00011760	0.00266768	0.00911184	0.00619064	0.00232576	0.00527331	0.00393210	0.01355708
