Samples	SBS96A	SBS96B	SBS96C	SBS96D	SBS96E	SBS96F	SBS96G	SBS96H	SBS96I
TCGA-3C-AAAU-01	1	2	17	13	4	9	0	0	0
TCGA-3C-AALI-01	320	246	5	47	0	0	0	151	39
TCGA-3C-AALJ-01	9	0	6	6	0	2	29	14	0
TCGA-3C-AALK-01	5	6	17	4	1	6	6	1	18
TCGA-4H-AAAK-01	0	0	5	0	0	4	5	19	0
TCGA-5L-AAT0-01	55	78	2	114	0	0	0	30	0
TCGA-5L-AAT1-01	671	748	0	407	0	0	0	138	22
TCGA-5T-A9QA-01	0	1	24	10	5	5	4	0	4
TCGA-A1-A0SB-01	0	0	3	1	0	4	6	2	0
TCGA-A1-A0SD-01	1	2	9	0	0	0	25	3	0
TCGA-A1-A0SE-01	0	3	1	13	0	5	0	9	5
TCGA-A1-A0SF-01	5	29	7	21	0	2	0	0	0
TCGA-A1-A0SG-01	1	0	6	5	0	1	3	19	0
TCGA-A1-A0SH-01	31	38	7	27	9	6	0	0	20
TCGA-A1-A0SI-01	124	83	6	52	0	3	0	10	0
TCGA-A1-A0SJ-01	4	5	16	2	3	3	0	0	7
TCGA-A1-A0SK-01	2	2	11	1	16	0	44	8	0
TCGA-A1-A0SM-01	0	0	5	0	0	4	0	18	5
TCGA-A1-A0SN-01	17	6	11	8	10	1	0	21	2
TCGA-A1-A0SO-01	13	11	9	18	101	16	75	4	106
TCGA-A1-A0SP-01	0	1	15	17	29	8	0	0	0
TCGA-A2-A04N-01	1	6	7	0	3	2	8	22	4
TCGA-A2-A04R-01	6	1	6	10	17	5	29	1	27
TCGA-A2-A04U-01	3	0	11	4	15	4	15	15	0
TCGA-A2-A04W-01	56	39	7	36	0	9	0	40	0
TCGA-A2-A0CK-01	0	4	12	3	0	1	7	0	0
TCGA-A2-A0CL-01	75	67	25	13	0	0	0	20	0
TCGA-A2-A0CR-01	79	94	5	17	0	3	11	1	0
TCGA-A2-A0CS-01	0	1	17	0	1	6	12	3	8
TCGA-A2-A0CV-01	2	0	9	0	1	2	0	8	2
TCGA-A2-A0CW-01	10	17	12	1	0	0	22	6	16
TCGA-A2-A0D3-01	0	2	24	2	0	0	1	0	3
TCGA-A2-A0EN-01	0	2	4	0	0	1	24	8	0
TCGA-A2-A0EP-01	3	1	0	3	0	4	5	0	0
TCGA-A2-A0ES-01	0	0	2	4	3	1	3	6	0
TCGA-A2-A0EW-01	1	0	5	3	4	6	1	0	0
TCGA-A2-A0ST-01	2	2	5	4	0	4	11	0	0
TCGA-A2-A0SU-01	1	2	8	0	16	4	0	0	4
TCGA-A2-A0SX-01	3	4	8	3	0	6	0	0	17
TCGA-A2-A0SY-01	62	44	7	31	0	0	0	33	0
TCGA-A2-A0T0-01	15	10	10	3	89	40	3	11	36
TCGA-A2-A0T1-01	0	0	5	2	0	5	10	10	0
TCGA-A2-A0T3-01	0	1	12	0	0	0	0	2	29
TCGA-A2-A0T4-01	6	4	10	0	15	6	0	0	0
TCGA-A2-A0T5-01	0	1	7	0	3	0	1	1	0
TCGA-A2-A0T6-01	0	4	15	0	1	0	6	2	0
TCGA-A2-A0T7-01	0	3	10	0	4	1	7	4	0
TCGA-A2-A0YC-01	2	5	8	0	10	1	5	0	1
TCGA-A2-A0YD-01	18	24	4	0	0	0	0	41	0
TCGA-A2-A0YE-01	0	7	14	4	0	1	0	0	17
TCGA-A2-A0YF-01	0	1	8	5	0	1	0	0	24
TCGA-A2-A0YG-01	0	7	14	15	6	7	24	5	0
TCGA-A2-A0YH-01	26	16	10	13	2	0	22	5	6
TCGA-A2-A0YI-01	1	0	0	4	0	1	6	6	0
TCGA-A2-A0YJ-01	6	1	25	0	35	8	9	4	10
TCGA-A2-A0YK-01	218	182	4	47	0	0	0	12	15
TCGA-A2-A0YL-01	10	15	3	5	0	1	9	0	0
TCGA-A2-A0YM-01	19	15	28	20	2	8	13	3	1
TCGA-A2-A0YT-01	1	15	16	8	8	3	0	29	1
TCGA-A2-A1FV-01	0	8	13	3	4	4	15	3	0
TCGA-A2-A1FW-01	4	0	22	15	2	6	2	21	23
TCGA-A2-A1FX-01	0	0	7	7	2	0	0	3	9
TCGA-A2-A1FZ-01	1	0	6	4	0	7	11	0	0
TCGA-A2-A1G0-01	0	3	0	0	2	0	11	7	0
TCGA-A2-A1G1-01	0	4	5	1	9	1	10	1	8
TCGA-A2-A1G6-01	1	0	2	0	5	1	1	0	0
TCGA-A2-A259-01	1	2	4	10	5	0	2	5	0
TCGA-A2-A25A-01	30	39	10	26	7	3	0	0	14
TCGA-A2-A25B-01	3	3	11	26	40	10	6	16	13
TCGA-A2-A25C-01	0	1	0	7	0	10	1	0	20
TCGA-A2-A25D-01	4	5	6	8	0	7	31	1	2
TCGA-A2-A25E-01	2	6	5	0	23	10	2	6	7
TCGA-A2-A25F-01	0	0	0	0	3	0	1	0	2
TCGA-A2-A3KD-01	0	2	5	2	0	1	8	0	0
TCGA-A2-A3XT-01	26	4	3	0	42	14	28	0	5
TCGA-A2-A3XU-01	0	2	12	0	4	5	8	0	0
TCGA-A2-A3XV-01	0	0	7	4	5	10	10	12	0
TCGA-A2-A3XW-01	0	2	3	0	2	3	0	7	0
TCGA-A2-A3XX-01	1	4	11	0	20	4	0	12	0
TCGA-A2-A3XZ-01	13	8	8	4	3	1	0	15	0
TCGA-A2-A3Y0-01	41	11	20	0	104	36	4	10	17
TCGA-A2-A4S1-01	2	4	19	0	12	11	0	0	50
TCGA-A2-A4S2-01	0	7	7	0	1	7	19	0	2
TCGA-A2-A4S3-01	8	7	18	11	11	12	23	0	17
TCGA-A7-A0CE-01	2	3	6	14	22	9	4	0	1
TCGA-A7-A0CH-01	0	0	2	5	2	1	5	2	0
TCGA-A7-A0D9-01	1	2	2	5	0	1	1	0	0
TCGA-A7-A0DA-01	11	10	8	0	90	9	23	14	22
TCGA-A7-A0DB-01	8	10	12	2	0	3	10	0	8
TCGA-A7-A13D-01	13	4	15	11	70	6	16	5	0
TCGA-A7-A13E-01	5	0	38	9	7	4	17	0	0
TCGA-A7-A13F-01	3	0	14	7	0	3	0	16	2
TCGA-A7-A13G-01	2	8	8	0	8	3	0	0	3
TCGA-A7-A26E-01	2	18	13	0	0	2	5	27	0
TCGA-A7-A26F-01	1	3	8	0	0	0	14	13	7
TCGA-A7-A26G-01	8	9	5	0	18	5	0	8	15
TCGA-A7-A26H-01	42	30	26	25	0	0	17	0	10
TCGA-A7-A26I-01	2	5	4	4	11	4	7	6	3
TCGA-A7-A26J-01	1	0	4	13	0	0	16	0	8
TCGA-A7-A2KD-01	2	7	21	4	11	3	2	5	0
TCGA-A7-A3RF-01	0	2	4	0	0	4	30	0	0
TCGA-A7-A425-01	0	0	9	4	0	0	20	0	0
TCGA-A7-A4SC-01	0	2	10	7	0	0	0	7	12
TCGA-A7-A4SD-01	1	1	27	0	5	6	7	9	6
TCGA-A7-A4SE-01	28	11	2	16	45	14	24	0	6
TCGA-A7-A56D-01	43	60	33	41	13	4	0	12	19
TCGA-A7-A5ZV-01	28	6	31	23	82	27	54	1	16
TCGA-A7-A5ZW-01	6	5	4	0	0	7	6	8	0
TCGA-A7-A5ZX-01	0	4	3	9	9	4	0	13	0
TCGA-A7-A6VV-01	8	1	15	8	8	4	20	0	0
TCGA-A7-A6VW-01	5	5	3	0	17	11	40	11	0
TCGA-A7-A6VX-01	12	26	4	25	42	17	48	0	3
TCGA-A7-A6VY-01	13	5	11	21	64	15	0	3	4
TCGA-A8-A075-01	10	13	7	23	16	1	30	0	0
TCGA-AC-A23C-01	21	31	12	18	8	20	9	0	26
TCGA-AC-A23E-01	0	0	9	0	5	0	0	5	5
TCGA-AC-A23H-01	2978	2494	0	392	0	0	0	152	362
TCGA-AC-A2B8-01	38	43	9	22	0	0	3	0	13
TCGA-AC-A2BK-01	5	0	29	4	49	16	0	4	3
TCGA-AC-A2BM-01	3	0	6	0	4	3	4	2	4
TCGA-AC-A2FB-01	0	4	2	2	0	2	7	0	0
TCGA-AC-A2FF-01	2	0	0	8	0	0	1	0	0
TCGA-AC-A2FG-01	2	7	5	0	0	2	13	10	0
TCGA-AC-A2FK-01	0	0	0	3	0	0	0	0	0
TCGA-AC-A2FO-01	4	5	1	10	0	0	4	0	3
TCGA-AC-A2QH-01	1	2	12	0	2	3	0	0	7
TCGA-AC-A3HN-01	2	2	6	0	4	5	1	2	0
TCGA-AC-A3OD-01	0	7	7	1	1	3	0	14	6
TCGA-AC-A3QP-01	1	0	0	0	4	5	9	14	2
TCGA-AC-A3QQ-01	1	0	16	8	4	1	3	0	3
TCGA-AC-A3W5-01	41	22	19	18	91	10	0	10	0
TCGA-AC-A3YI-01	0	0	3	2	1	3	1	6	2
TCGA-AC-A3YJ-01	1	3	13	9	0	3	9	0	0
TCGA-AC-A4ZE-01	0	9	13	1	11	11	16	7	6
TCGA-AC-A5EH-01	14	11	11	15	54	21	39	6	34
TCGA-AC-A5EI-01	0	10	8	3	0	3	16	3	0
TCGA-AC-A5XS-01	244	219	0	204	0	0	0	48	0
TCGA-AC-A5XU-01	5	9	48	31	2	6	0	0	12
TCGA-AC-A62V-01	5	2	45	12	22	8	0	0	12
TCGA-AC-A62X-01	2	0	47	9	0	5	0	0	24
TCGA-AC-A62Y-01	16	13	15	7	3	11	24	0	0
TCGA-AC-A6IV-01	0	0	2	0	0	1	6	18	0
TCGA-AC-A6IW-01	61	27	33	42	41	12	15	0	0
TCGA-AC-A6IX-01	7	25	12	6	3	10	8	0	0
TCGA-AC-A6NO-01	1	1	10	6	0	7	11	7	0
TCGA-AC-A7VB-01	0	0	17	1	0	5	6	0	6
TCGA-AC-A7VC-01	0	0	6	0	0	2	5	13	0
TCGA-AC-A8OP-01	14	9	45	22	47	31	0	30	46
TCGA-AC-A8OQ-01	4	17	23	2	0	3	54	30	4
TCGA-AC-A8OR-01	0	1	10	0	8	4	4	0	5
TCGA-AC-A8OS-01	5	13	10	5	9	9	28	0	0
TCGA-AN-A0XL-01	0	0	8	10	0	4	6	1	11
TCGA-AN-A0XN-01	14	1	7	15	42	26	36	14	20
TCGA-AN-A0XO-01	2	7	0	2	4	7	0	21	0
TCGA-AN-A0XP-01	3	5	6	0	3	10	0	0	7
TCGA-AN-A0XR-01	2	5	7	1	7	0	16	0	0
TCGA-AN-A0XS-01	0	7	3	0	2	1	6	12	1
TCGA-AN-A0XT-01	1	0	9	2	0	1	9	0	0
TCGA-AN-A0XU-01	14	5	4	0	19	5	52	7	31
TCGA-AN-A0XV-01	5	0	9	3	7	8	0	12	0
TCGA-AN-A0XW-01	229	170	5	15	3	0	1	0	0
TCGA-AO-A03M-01	579	395	0	175	0	0	0	1	0
TCGA-AO-A03N-01	36	32	16	40	0	3	0	0	7
TCGA-AO-A03U-01	1	0	0	2	0	0	0	0	2
TCGA-AO-A03V-01	8	6	6	21	0	1	13	11	6
TCGA-AO-A0JG-01	0	2	0	3	5	4	0	0	7
TCGA-AO-A124-01	6	1	13	19	62	12	14	9	42
TCGA-AO-A125-01	1	3	15	0	10	2	0	10	4
TCGA-AO-A126-01	0	3	2	0	0	0	15	5	0
TCGA-AO-A128-01	16	19	477	12	27	633	0	14	12
TCGA-AO-A129-01	20	13	8	7	23	18	40	0	15
TCGA-AO-A12A-01	0	5	11	0	0	1	0	0	2
TCGA-AO-A12B-01	0	1	9	0	3	1	9	0	0
TCGA-AO-A12D-01	7	20	5	15	0	0	0	26	0
TCGA-AO-A12E-01	1	2	11	4	2	0	8	5	0
TCGA-AO-A12F-01	0	0	18	0	8	4	0	2	8
TCGA-AO-A12G-01	4	3	11	6	0	4	14	0	0
TCGA-AO-A12H-01	0	0	6	4	0	2	12	6	0
TCGA-AO-A1KO-01	0	0	0	0	3	3	0	4	0
TCGA-AO-A1KR-01	8	6	8	0	37	8	13	9	0
TCGA-AO-A1KT-01	0	4	12	0	10	13	4	8	0
TCGA-AQ-A04H-01	4	3	37	0	0	6	13	7	11
TCGA-AQ-A0Y5-01	10	11	22	0	11	3	0	13	0
TCGA-AQ-A1H2-01	0	2	10	0	0	3	11	7	1
TCGA-AQ-A1H3-01	0	0	19	0	0	0	8	0	0
TCGA-AQ-A54O-01	0	4	8	0	8	2	0	0	3
TCGA-AQ-A7U7-01	28	32	7	0	1	5	0	23	0
TCGA-AR-A0TP-01	4	5	0	0	24	11	24	1	2
TCGA-AR-A0TQ-01	1	11	10	10	0	1	2	0	14
TCGA-AR-A0TR-01	1	2	11	5	5	9	0	9	0
TCGA-AR-A0TS-01	8	6	16	5	25	5	11	0	14
TCGA-AR-A0TT-01	6	9	15	5	11	10	12	7	0
TCGA-AR-A0TU-01	8	4	10	0	25	6	16	0	21
TCGA-AR-A0TV-01	3	3	17	11	1	3	40	0	1
TCGA-AR-A0TW-01	2	2	15	0	2	2	14	12	18
TCGA-AR-A0TX-01	166	156	0	26	0	0	0	59	0
TCGA-AR-A0TZ-01	11	10	8	0	0	0	0	22	16
TCGA-AR-A0U0-01	7	1	7	9	8	1	1	5	11
TCGA-AR-A0U1-01	12	0	2	16	33	20	9	0	17
TCGA-AR-A0U2-01	0	0	21	5	4	9	7	2	8
TCGA-AR-A0U3-01	0	0	11	8	1	4	0	10	6
TCGA-AR-A0U4-01	39	13	9	22	49	9	0	0	60
TCGA-AR-A1AH-01	5	3	12	0	18	23	4	0	55
TCGA-AR-A1AI-01	13	2	11	15	12	7	0	29	0
TCGA-AR-A1AJ-01	8	17	12	0	0	3	9	4	0
TCGA-AR-A1AK-01	17	14	13	13	0	0	4	8	13
TCGA-AR-A1AL-01	3	4	6	6	0	8	3	0	0
TCGA-AR-A1AN-01	3	0	14	4	1	1	5	3	0
TCGA-AR-A1AO-01	14	10	11	16	47	5	0	13	6
TCGA-AR-A1AP-01	6	3	19	11	0	2	0	10	0
TCGA-AR-A1AQ-01	2	1	11	3	17	7	0	0	0
TCGA-AR-A1AR-01	6	3	13	1	8	2	18	0	12
TCGA-AR-A1AS-01	2	12	6	2	6	5	0	5	3
TCGA-AR-A1AT-01	1	2	9	0	17	3	0	0	0
TCGA-AR-A1AU-01	1	0	7	8	3	4	3	0	0
TCGA-AR-A1AV-01	1	2	18	13	0	5	3	2	5
TCGA-AR-A1AW-01	1	1	11	3	7	9	4	0	5
TCGA-AR-A1AX-01	0	0	3	10	0	1	2	16	0
TCGA-AR-A1AY-01	5	7	15	13	2	7	16	0	7
TCGA-AR-A24H-01	19	7	11	8	50	4	18	0	35
TCGA-AR-A24K-01	0	0	4	0	13	4	2	11	0
TCGA-AR-A24L-01	6	1	3	3	24	4	10	0	2
TCGA-AR-A24M-01	0	1	5	0	1	8	1	0	9
TCGA-AR-A24N-01	0	6	18	3	6	5	5	0	4
TCGA-AR-A24O-01	1	0	5	1	0	1	12	0	2
TCGA-AR-A24P-01	0	0	3	0	1	1	0	14	0
TCGA-AR-A24Q-01	18	17	7	31	94	22	3	0	40
TCGA-AR-A24R-01	0	2	11	0	7	6	0	0	0
TCGA-AR-A24S-01	4	7	16	6	2	9	10	0	3
TCGA-AR-A24T-01	1	1	8	1	0	0	6	5	2
TCGA-AR-A24U-01	9	9	10	9	2	0	0	5	0
TCGA-AR-A24V-01	3	2	9	1	0	3	0	8	2
TCGA-AR-A24W-01	0	0	0	7	2	0	0	5	0
TCGA-AR-A24X-01	0	0	5	2	0	4	6	16	1
TCGA-AR-A24Z-01	3	4	13	4	12	1	15	0	4
TCGA-AR-A250-01	45	15	31	20	2	3	0	33	6
TCGA-AR-A251-01	30	5	7	14	83	15	33	0	18
TCGA-AR-A252-01	0	0	10	4	0	5	0	0	0
TCGA-AR-A254-01	1	3	11	8	0	0	4	13	2
TCGA-AR-A255-01	16	14	6	0	0	6	0	19	28
TCGA-AR-A256-01	15	12	7	34	88	15	44	1	8
TCGA-AR-A2LE-01	104	146	4	132	0	0	0	8	0
TCGA-AR-A2LH-01	13	20	5	26	0	0	0	7	0
TCGA-AR-A2LK-01	0	4	19	9	0	5	11	0	0
TCGA-AR-A2LL-01	0	0	11	3	0	0	21	0	2
TCGA-AR-A2LM-01	0	0	0	1	0	1	8	7	0
TCGA-AR-A2LN-01	3	12	6	26	0	2	0	5	0
TCGA-AR-A2LO-01	1	2	3	0	2	0	6	3	0
TCGA-AR-A2LQ-01	0	0	3	0	0	1	9	0	0
TCGA-AR-A2LR-01	1	1	12	3	11	2	12	11	17
TCGA-AR-A5QM-01	0	0	8	3	0	2	17	6	0
TCGA-AR-A5QN-01	0	5	21	6	0	7	0	10	0
TCGA-AR-A5QP-01	0	3	7	3	0	4	14	3	0
TCGA-AR-A5QQ-01	7	5	10	6	30	18	10	0	10
TCGA-B6-A0I1-01	1	5	11	0	0	0	52	11	0
TCGA-B6-A0IH-01	0	2	14	5	0	7	0	12	1
TCGA-B6-A0RH-01	5	8	5	5	0	0	22	0	0
TCGA-B6-A0RL-01	4	14	23	0	11	5	0	4	8
TCGA-B6-A0RM-01	0	6	11	0	0	4	13	2	0
TCGA-B6-A0RN-01	0	2	12	1	2	5	8	2	1
TCGA-B6-A0RO-01	1	3	0	0	11	6	0	22	0
TCGA-B6-A0RP-01	0	0	7	10	1	3	8	0	1
TCGA-B6-A0RQ-01	3	10	7	19	0	6	11	0	0
TCGA-B6-A0RT-01	17	2	6	0	25	2	10	5	5
TCGA-B6-A0RU-01	1	4	8	7	5	10	0	14	9
TCGA-B6-A0RV-01	21	28	7	0	0	0	11	0	0
TCGA-B6-A0WS-01	1	2	2	1	0	8	0	0	4
TCGA-B6-A0WT-01	0	0	6	4	0	5	0	5	2
TCGA-B6-A0WV-01	4	0	3	9	1	4	16	0	0
TCGA-B6-A0WW-01	3	8	10	2	1	4	0	2	17
TCGA-B6-A0WX-01	1	0	9	0	4	6	6	9	10
TCGA-B6-A0WY-01	2	5	7	0	6	6	0	9	0
TCGA-B6-A0WZ-01	20	47	4	15	5	0	0	2	2
TCGA-B6-A0X0-01	0	2	2	0	0	0	7	6	8
TCGA-B6-A0X1-01	13	2	2	19	25	13	2	16	0
TCGA-B6-A0X4-01	0	0	1	1	0	0	0	18	2
TCGA-B6-A0X5-01	0	3	0	0	0	4	0	21	20
TCGA-B6-A0X7-01	1	3	7	1	0	0	6	5	0
TCGA-B6-A1KN-01	1	1	11	12	0	9	8	0	30
TCGA-B6-A2IU-01	0	13	8	0	0	5	0	28	0
TCGA-B6-A401-01	1	0	9	1	4	2	3	8	0
TCGA-B6-A409-01	3	3	13	5	1	3	23	5	0
TCGA-B6-A40B-01	4	12	11	14	7	7	10	0	1
TCGA-B6-A40C-01	1	3	19	3	0	0	19	0	9
TCGA-BH-A0AU-01	2	1	7	0	0	1	7	0	5
TCGA-BH-A0AV-01	10	2	2	13	34	12	10	4	0
TCGA-BH-A0AY-01	1	5	5	0	0	0	6	19	10
TCGA-BH-A0AZ-01	8	13	0	0	15	6	17	0	11
TCGA-BH-A0B0-01	19	41	3	16	0	0	0	20	0
TCGA-BH-A0B3-01	1	2	6	0	4	0	0	0	5
TCGA-BH-A0B6-01	476	508	8	223	0	0	0	75	0
TCGA-BH-A0B7-01	6	3	10	3	6	0	0	14	0
TCGA-BH-A0B8-01	0	3	2	11	4	1	12	0	1
TCGA-BH-A0BA-01	3	5	7	0	4	4	5	1	0
TCGA-BH-A0BC-01	3	7	11	5	0	0	17	2	0
TCGA-BH-A0BF-01	6	1	7	0	5	4	2	6	2
TCGA-BH-A0BG-01	3	6	7	0	20	3	3	0	3
TCGA-BH-A0BJ-01	0	0	1	2	0	2	1	4	7
TCGA-BH-A0BL-01	2	0	10	0	22	0	9	8	18
TCGA-BH-A0BM-01	0	3	2	0	2	1	0	0	11
TCGA-BH-A0BO-01	4	0	4	1	0	12	1	9	0
TCGA-BH-A0BP-01	28	16	27	30	26	0	10	39	20
TCGA-BH-A0BQ-01	0	3	9	0	2	0	3	6	7
TCGA-BH-A0BS-01	0	2	3	0	4	2	12	0	0
TCGA-BH-A0BT-01	1	4	15	12	7	7	0	2	0
TCGA-BH-A0BV-01	1	3	3	6	0	0	6	5	0
TCGA-BH-A0BW-01	7	10	7	0	22	17	29	11	0
TCGA-BH-A0BZ-01	27	10	19	17	111	26	12	0	74
TCGA-BH-A0C0-01	1	4	4	4	15	11	2	5	2
TCGA-BH-A0C1-01	0	9	19	0	10	8	0	1	3
TCGA-BH-A0C3-01	0	0	1	0	1	4	8	4	0
TCGA-BH-A0C7-01	3	1	13	0	0	3	28	7	3
TCGA-BH-A0DD-01	3	4	15	3	2	5	0	5	0
TCGA-BH-A0DE-01	0	1	2	8	5	0	14	3	0
TCGA-BH-A0DG-01	7	5	0	2	0	4	0	22	7
TCGA-BH-A0DH-01	2	12	16	0	2	5	4	11	0
TCGA-BH-A0DI-01	10	10	14	8	9	2	2	0	7
TCGA-BH-A0DK-01	2	3	8	1	2	4	2	0	31
TCGA-BH-A0DL-01	5	14	22	0	4	9	5	0	6
TCGA-BH-A0DO-01	3	3	3	0	6	2	0	13	0
TCGA-BH-A0DP-01	0	4	2	3	8	1	0	1	0
TCGA-BH-A0DQ-01	1	1	10	0	0	4	18	0	1
TCGA-BH-A0DT-01	0	3	5	0	4	0	3	0	0
TCGA-BH-A0DV-01	0	3	0	0	2	1	9	0	0
TCGA-BH-A0DX-01	13	28	9	0	0	0	10	8	9
TCGA-BH-A0DZ-01	93	69	1	46	0	0	0	8	0
TCGA-BH-A0E0-01	1	0	12	4	3	0	2	2	0
TCGA-BH-A0E1-01	3	1	4	0	0	0	3	8	0
TCGA-BH-A0E9-01	0	1	14	3	7	3	0	0	0
TCGA-BH-A0EA-01	1	3	5	0	0	3	6	14	0
TCGA-BH-A0EI-01	0	0	10	5	2	4	2	0	1
TCGA-BH-A0H3-01	0	1	2	1	0	0	13	0	0
TCGA-BH-A0H5-01	53	57	0	40	0	0	0	19	0
TCGA-BH-A0H7-01	3	1	3	0	0	4	3	3	0
TCGA-BH-A0H9-01	0	4	0	0	7	3	5	4	0
TCGA-BH-A0HA-01	15	21	129	14	0	170	29	4	0
TCGA-BH-A0HI-01	1	5	9	2	0	0	5	3	10
TCGA-BH-A0HK-01	8	20	11	18	1	0	0	5	0
TCGA-BH-A0HN-01	1	4	10	1	0	0	7	11	0
TCGA-BH-A0HP-01	132	119	5	101	0	0	0	0	0
TCGA-BH-A0RX-01	1	4	24	0	1	2	2	15	0
TCGA-BH-A0W3-01	1	2	4	0	7	1	4	0	4
TCGA-BH-A0W4-01	2	5	2	2	0	3	4	21	0
TCGA-BH-A0W5-01	1	0	9	0	4	5	0	5	5
TCGA-BH-A0W7-01	115	110	1	13	0	5	7	10	0
TCGA-BH-A0WA-01	5	9	6	26	35	10	11	0	11
TCGA-BH-A18F-01	0	15	10	12	0	0	9	13	8
TCGA-BH-A18G-01	2	8	514	25	80	903	0	69	67
TCGA-BH-A18H-01	4	5	4	18	0	11	10	2	0
TCGA-BH-A18I-01	2	4	13	2	0	0	0	9	1
TCGA-BH-A18J-01	28	49	6	0	1	10	0	0	17
TCGA-BH-A18K-01	12	14	3	3	14	6	0	16	0
TCGA-BH-A18L-01	3	0	22	8	6	7	0	7	12
TCGA-BH-A18M-01	3	2	8	4	1	0	0	0	0
TCGA-BH-A18N-01	1	0	16	0	8	12	1	5	0
TCGA-BH-A18P-01	144	164	10	88	0	0	0	32	0
TCGA-BH-A18Q-01	7	1	0	13	28	5	47	0	6
TCGA-BH-A18R-01	2	3	1	9	10	3	14	0	0
TCGA-BH-A18S-01	3	0	1	1	8	9	0	10	5
TCGA-BH-A18T-01	11	6	7	2	51	9	8	7	1
TCGA-BH-A18U-01	28	48	26	19	11	12	26	0	8
TCGA-BH-A18V-01	61	24	0	30	71	11	0	0	53
TCGA-BH-A1EO-01	0	7	23	0	2	0	16	2	0
TCGA-BH-A1ET-01	0	1	9	0	6	5	1	0	11
TCGA-BH-A1EU-01	1	0	4	6	0	5	18	0	0
TCGA-BH-A1EV-01	31	27	17	23	4	5	0	22	0
TCGA-BH-A1EW-01	0	2	1	10	1	3	0	4	0
TCGA-BH-A1EX-01	0	0	5	0	5	5	0	20	0
TCGA-BH-A1EY-01	10	5	7	0	7	6	0	20	0
TCGA-BH-A1F0-01	16	0	6	19	19	4	7	19	5
TCGA-BH-A1F2-01	6	9	25	9	4	3	0	0	15
TCGA-BH-A1F5-01	0	4	9	4	0	0	16	7	4
TCGA-BH-A1F6-01	4	4	15	3	15	6	6	0	0
TCGA-BH-A1F8-01	45	73	15	27	0	0	5	4	23
TCGA-BH-A1FC-01	20	15	20	9	13	12	27	2	12
TCGA-BH-A1FE-01	0	4	2	3	0	0	5	4	8
TCGA-BH-A1FG-01	1	0	7	3	0	3	6	1	0
TCGA-BH-A1FH-01	1	2	7	9	0	0	14	0	0
TCGA-BH-A1FJ-01	0	2	13	10	0	0	20	0	0
TCGA-BH-A1FL-01	0	2	7	4	2	4	0	6	1
TCGA-BH-A1FM-01	8	11	13	0	5	0	0	25	0
TCGA-BH-A1FN-01	41	34	2	0	19	5	26	0	19
TCGA-BH-A1FR-01	1	0	6	3	5	2	0	0	0
TCGA-BH-A1FU-01	14	4	7	12	20	25	11	19	6
TCGA-BH-A201-01	0	2	2	4	0	8	0	2	9
TCGA-BH-A202-01	0	3	7	0	4	3	0	0	11
TCGA-BH-A203-01	11	13	31	0	4	4	5	30	1
TCGA-BH-A204-01	4	1	9	9	2	4	14	4	5
TCGA-BH-A208-01	20	15	11	13	4	0	17	2	0
TCGA-BH-A209-01	54	31	0	16	0	0	0	18	0
TCGA-BH-A28Q-01	1	2	13	1	5	2	0	0	2
TCGA-BH-A2L8-01	262	284	8	72	0	0	0	2	0
TCGA-BH-A42U-01	3	9	0	5	0	0	6	9	0
TCGA-BH-A42V-01	15	22	5	1	0	0	4	8	0
TCGA-BH-A5IZ-01	5	4	12	19	14	5	21	0	16
TCGA-BH-A5J0-01	12	35	12	19	0	5	3	16	0
TCGA-BH-A6R8-01	2	2	12	8	2	2	4	5	0
TCGA-BH-A6R9-01	0	0	4	3	11	0	0	7	0
TCGA-BH-A8FY-01	4	1	5	18	15	5	8	0	0
TCGA-BH-A8FZ-01	5	9	12	0	22	16	9	0	18
TCGA-BH-A8G0-01	0	0	7	2	0	3	0	5	0
TCGA-BH-AB28-01	0	6	15	2	5	9	0	3	3
TCGA-C8-A12K-01	45	12	7	16	53	12	19	0	9
TCGA-C8-A12L-01	4	3	8	2	32	2	23	9	6
TCGA-C8-A12M-01	1	0	18	5	17	8	0	33	0
TCGA-C8-A12N-01	3	1	10	0	1	4	0	0	8
TCGA-C8-A12O-01	1	2	18	6	0	0	15	7	0
TCGA-C8-A12P-01	53	49	20	26	0	9	0	19	26
TCGA-C8-A12Q-01	33	37	1	17	0	7	0	36	8
TCGA-C8-A12T-01	87	69	12	21	0	0	16	3	6
TCGA-C8-A12U-01	5	5	20	0	7	0	22	0	2
TCGA-C8-A12V-01	3	2	0	0	7	8	25	7	0
TCGA-C8-A12W-01	4	2	29	0	0	0	29	13	0
TCGA-C8-A12X-01	2	0	27	10	7	6	1	8	4
TCGA-C8-A12Y-01	1	2	22	1	0	16	0	0	4
TCGA-C8-A12Z-01	11	8	16	18	4	4	0	0	0
TCGA-C8-A130-01	4	3	21	0	0	6	6	14	0
TCGA-C8-A131-01	0	7	8	8	11	8	0	26	6
TCGA-C8-A132-01	22	9	6	8	5	2	30	2	0
TCGA-C8-A133-01	0	5	0	1	3	4	3	8	9
TCGA-C8-A134-01	6	0	5	0	44	9	8	5	40
TCGA-C8-A135-01	5	4	29	0	0	8	12	8	11
TCGA-C8-A137-01	12	8	4	13	0	0	7	18	0
TCGA-C8-A138-01	0	0	13	8	0	3	2	3	23
TCGA-C8-A1HE-01	9	18	7	3	4	2	7	4	0
TCGA-C8-A1HF-01	6	7	6	5	3	4	4	4	0
TCGA-C8-A1HG-01	3	3	28	14	11	9	0	1	0
TCGA-C8-A1HI-01	8	8	14	3	0	1	37	0	1
TCGA-C8-A1HJ-01	12	2	10	0	64	18	0	0	18
TCGA-C8-A1HK-01	21	6	7	0	7	5	0	19	8
TCGA-C8-A1HL-01	0	0	10	5	6	6	0	0	10
TCGA-C8-A1HM-01	206	101	22	90	0	3	0	4	22
TCGA-C8-A1HN-01	1	3	19	10	5	5	17	0	10
TCGA-C8-A1HO-01	3	8	6	1	0	2	14	2	13
TCGA-C8-A26V-01	29	20	9	0	7	7	0	20	4
TCGA-C8-A26W-01	11	14	3	12	3	5	0	21	0
TCGA-C8-A26X-01	2	4	19	3	17	4	0	9	17
TCGA-C8-A26Y-01	317	307	0	75	0	10	0	28	179
TCGA-C8-A26Z-01	0	2	18	3	13	0	0	6	7
TCGA-C8-A273-01	1	0	5	0	1	0	7	7	3
TCGA-C8-A274-01	84	120	18	0	14	13	0	8	24
TCGA-C8-A275-01	53	31	5	27	0	1	0	25	0
TCGA-C8-A278-01	6	7	9	0	5	1	7	13	5
TCGA-C8-A27A-01	2	6	5	0	1	0	0	12	14
TCGA-C8-A27B-01	64	7	6	18	52	11	0	0	4
TCGA-C8-A3M7-01	35	84	22	61	0	1	0	18	0
TCGA-C8-A3M8-01	8	4	9	0	7	10	17	7	0
TCGA-C8-A8HP-01	95	93	6	25	0	0	0	54	0
TCGA-C8-A8HQ-01	128	148	12	0	0	0	0	84	0
TCGA-C8-A8HR-01	3	2	15	9	17	11	3	0	0
TCGA-C8-A9FZ-01	3	1	14	0	8	3	0	0	0
TCGA-D8-A13Y-01	9	10	10	18	9	11	12	3	0
TCGA-D8-A13Z-01	13	3	23	4	34	0	5	4	17
TCGA-D8-A140-01	2	20	26	33	0	15	20	4	14
TCGA-D8-A141-01	0	0	7	3	2	0	8	1	0
TCGA-D8-A142-01	14	1	36	16	31	4	47	17	0
TCGA-D8-A143-01	2	3	14	1	26	0	15	0	0
TCGA-D8-A145-01	3	1	17	0	9	8	9	0	0
TCGA-D8-A146-01	0	4	10	9	0	9	0	9	0
TCGA-D8-A147-01	43	13	2	31	68	12	6	12	13
TCGA-D8-A1J8-01	249	241	91	105	0	128	0	114	33
TCGA-D8-A1J9-01	94	98	0	4	0	0	0	62	20
TCGA-D8-A1JB-01	3	4	4	3	15	5	14	5	10
TCGA-D8-A1JC-01	31	27	7	23	1	0	11	22	0
TCGA-D8-A1JD-01	13	10	4	0	31	9	29	9	17
TCGA-D8-A1JE-01	1	2	9	0	0	4	12	0	12
TCGA-D8-A1JF-01	3	3	11	0	7	8	11	6	0
TCGA-D8-A1JG-01	3	4	14	7	0	0	0	51	90
TCGA-D8-A1JH-01	0	2	4	1	0	5	7	2	3
TCGA-D8-A1JI-01	0	0	3	14	0	7	14	4	0
TCGA-D8-A1JJ-01	16	30	12	0	8	7	0	25	0
TCGA-D8-A1JK-01	7	14	4	38	15	39	60	0	72
TCGA-D8-A1JL-01	10	3	0	4	36	19	30	19	6
TCGA-D8-A1JM-01	1	1	9	2	0	0	14	14	12
TCGA-D8-A1JN-01	43	76	5	24	0	0	0	56	4
TCGA-D8-A1JP-01	10	1	0	21	46	16	26	1	14
TCGA-D8-A1JS-01	0	1	6	8	0	4	5	0	5
TCGA-D8-A1JT-01	0	0	12	3	8	0	17	1	0
TCGA-D8-A1JU-01	0	1	4	0	0	4	10	1	0
TCGA-D8-A1X5-01	4	3	16	4	0	9	0	0	30
TCGA-D8-A1X6-01	0	3	20	0	9	2	0	0	8
TCGA-D8-A1X7-01	1	0	4	13	0	0	8	5	1
TCGA-D8-A1X9-01	6	1	0	0	1	14	32	0	48
TCGA-D8-A1XA-01	0	0	7	6	0	4	2	2	7
TCGA-D8-A1XB-01	1	7	16	0	0	7	0	12	7
TCGA-D8-A1XC-01	0	0	12	10	1	4	0	0	7
TCGA-D8-A1XF-01	2	0	17	10	0	1	0	16	5
TCGA-D8-A1XG-01	0	1	0	0	4	9	4	8	1
TCGA-D8-A1XK-01	11	7	59	0	0	999	224	0	0
TCGA-D8-A1XL-01	5	5	6	0	30	16	13	10	25
TCGA-D8-A1XM-01	5	12	9	14	0	0	4	17	3
TCGA-D8-A1XO-01	4	6	5	0	0	0	10	0	4
TCGA-D8-A1XQ-01	25	20	194	15	104	446	120	62	45
TCGA-D8-A1XR-01	0	2	11	6	2	11	0	0	0
TCGA-D8-A1XS-01	1	4	4	1	0	0	0	14	2
TCGA-D8-A1XT-01	2	1	15	15	9	3	0	0	0
TCGA-D8-A1XU-01	3	10	6	1	9	2	4	0	0
TCGA-D8-A1XV-01	3	1	11	0	0	1	20	0	0
TCGA-D8-A1XW-01	9	8	7	0	50	12	24	12	0
TCGA-D8-A1XY-01	1	5	27	12	0	3	7	0	4
TCGA-D8-A1XZ-01	10	1	35	2	18	1	1	23	5
TCGA-D8-A1Y0-01	10	4	5	7	11	8	22	4	10
TCGA-D8-A1Y1-01	2	19	141	0	0	18	53	0	0
TCGA-D8-A1Y2-01	3	7	7	0	0	0	5	0	0
TCGA-D8-A1Y3-01	0	3	31	0	14	2	14	3	0
TCGA-D8-A27E-01	0	0	1	4	4	0	0	2	0
TCGA-D8-A27F-01	9	2	0	0	9	5	26	2	17
TCGA-D8-A27G-01	462	484	0	197	0	0	0	9	24
TCGA-D8-A27H-01	44	11	7	16	62	9	11	0	0
TCGA-D8-A27I-01	3	5	6	0	0	1	17	4	0
TCGA-D8-A27K-01	1	0	8	0	0	1	6	2	3
TCGA-D8-A27L-01	5	12	8	18	0	0	0	10	0
TCGA-D8-A27M-01	10	3	6	1	25	3	0	12	30
TCGA-D8-A27N-01	1	2	24	7	3	4	0	8	11
TCGA-D8-A27P-01	0	2	10	4	6	7	0	1	0
TCGA-D8-A27R-01	3	2	2	2	7	0	7	12	0
TCGA-D8-A27T-01	0	4	16	5	2	4	0	0	0
TCGA-D8-A27V-01	82	63	0	40	0	0	0	50	0
TCGA-D8-A27W-01	2	3	30	0	1	3	6	8	2
TCGA-D8-A3Z6-01	1	6	10	0	0	7	10	0	3
TCGA-D8-A4Z1-01	6	22	0	0	0	0	0	16	2
TCGA-D8-A73U-01	39	97	13	46	0	7	5	0	0
TCGA-D8-A73W-01	2	3	25	0	9	7	0	0	6
TCGA-D8-A73X-01	0	6	13	0	0	7	19	7	0
TCGA-E2-A105-01	2	5	20	11	15	8	4	0	2
TCGA-E2-A107-01	0	7	7	0	0	5	9	7	1
TCGA-E2-A108-01	68	54	5	9	7	9	15	0	19
TCGA-E2-A109-01	0	0	21	18	14	10	6	0	15
TCGA-E2-A10A-01	3	5	4	6	6	3	0	0	1
TCGA-E2-A10B-01	13	15	8	10	0	11	11	5	0
TCGA-E2-A10C-01	180	228	0	88	0	0	0	23	0
TCGA-E2-A10F-01	1	3	12	4	0	2	0	3	5
TCGA-E2-A14N-01	15	9	4	0	42	4	16	19	0
TCGA-E2-A14O-01	0	2	11	0	0	0	0	19	4
TCGA-E2-A14P-01	7	17	24	18	0	7	0	17	22
TCGA-E2-A14Q-01	1	5	14	0	0	2	10	0	8
TCGA-E2-A14R-01	15	0	5	12	36	16	30	11	18
TCGA-E2-A14T-01	4	4	9	0	0	6	6	14	0
TCGA-E2-A14V-01	34	24	18	0	9	3	15	38	0
TCGA-E2-A14W-01	11	0	3	13	48	6	2	19	0
TCGA-E2-A14X-01	2	6	19	0	2	0	0	8	0
TCGA-E2-A14Y-01	13	14	8	0	3	2	9	0	1
TCGA-E2-A14Z-01	7	20	7	11	14	0	7	18	11
TCGA-E2-A150-01	2	4	18	0	12	9	0	11	35
TCGA-E2-A152-01	51	44	0	23	0	0	0	53	0
TCGA-E2-A153-01	0	7	11	0	1	1	3	3	0
TCGA-E2-A154-01	0	1	14	0	2	0	0	21	20
TCGA-E2-A155-01	4	12	18	0	7	8	1	10	21
TCGA-E2-A156-01	1	3	3	3	0	2	13	0	0
TCGA-E2-A158-01	7	0	5	0	46	6	20	13	0
TCGA-E2-A159-01	75	58	12	27	11	3	15	0	0
TCGA-E2-A15A-01	2	1	13	9	5	3	2	0	27
TCGA-E2-A15C-01	1	1	20	7	3	5	13	0	0
TCGA-E2-A15D-01	1	0	13	0	0	7	0	4	9
TCGA-E2-A15E-01	5	1	9	0	0	8	16	0	1
TCGA-E2-A15F-01	1	0	12	6	6	2	0	1	0
TCGA-E2-A15G-01	0	9	9	0	1	6	33	15	0
TCGA-E2-A15H-01	1	0	14	6	3	5	0	4	0
TCGA-E2-A15I-01	0	4	14	8	0	0	10	0	7
TCGA-E2-A15J-01	0	0	8	5	4	3	0	0	2
TCGA-E2-A15K-01	2	0	14	15	0	4	10	4	4
TCGA-E2-A15L-01	3	0	12	4	0	3	9	2	1
TCGA-E2-A15M-01	15	17	27	9	14	8	10	0	8
TCGA-E2-A15O-01	0	2	5	0	0	0	23	4	0
TCGA-E2-A15P-01	0	2	10	5	3	7	1	0	0
TCGA-E2-A15R-01	0	3	18	9	3	0	0	14	0
TCGA-E2-A15S-01	4	8	4	0	12	10	30	0	0
TCGA-E2-A15T-01	2	1	9	0	0	1	21	6	0
TCGA-E2-A1AZ-01	17	8	0	0	11	5	0	38	0
TCGA-E2-A1B0-01	4	5	11	0	0	12	0	25	3
TCGA-E2-A1B1-01	15	10	9	30	0	0	2	0	0
TCGA-E2-A1B4-01	0	4	4	15	5	4	0	10	0
TCGA-E2-A1B5-01	7	14	8	0	0	2	0	15	0
TCGA-E2-A1B6-01	3	1	11	0	26	3	11	0	1
TCGA-E2-A1BC-01	3	0	10	4	8	5	9	0	2
TCGA-E2-A1BD-01	1	0	18	1	0	0	6	4	13
TCGA-E2-A1IE-01	0	0	6	1	6	2	12	3	0
TCGA-E2-A1IF-01	0	0	3	0	0	5	12	4	0
TCGA-E2-A1IG-01	0	6	7	14	0	0	14	15	1
TCGA-E2-A1IH-01	18	15	7	8	0	12	20	2	3
TCGA-E2-A1II-01	2	0	9	0	13	2	8	0	0
TCGA-E2-A1IJ-01	0	0	5	0	0	0	5	0	8
TCGA-E2-A1IK-01	1	0	0	0	0	1	1	14	0
TCGA-E2-A1IL-01	0	0	7	3	6	2	0	9	4
TCGA-E2-A1IN-01	94	83	15	16	17	10	13	0	0
TCGA-E2-A1IO-01	0	1	7	0	0	0	3	5	0
TCGA-E2-A1IU-01	1	4	0	0	6	0	0	20	0
TCGA-E2-A1L6-01	0	2	0	0	3	4	0	19	0
TCGA-E2-A1L7-01	3	2	1	5	1	6	50	0	13
TCGA-E2-A1L8-01	3	3	5	6	0	5	16	0	0
TCGA-E2-A1L9-01	0	3	8	0	7	4	0	4	2
TCGA-E2-A1LA-01	8	3	9	0	61	19	0	7	0
TCGA-E2-A1LB-01	11	8	4	22	0	3	7	0	0
TCGA-E2-A1LG-01	101	37	3	57	0	0	0	21	0
TCGA-E2-A1LH-01	42	13	11	22	69	17	13	0	44
TCGA-E2-A1LI-01	6	5	1	0	10	1	2	6	6
TCGA-E2-A1LK-01	4	0	31	0	0	2	0	17	0
TCGA-E2-A1LL-01	7	0	12	1	19	7	10	0	5
TCGA-E2-A2P6-01	33	71	23	55	0	4	0	0	0
TCGA-E2-A56Z-01	0	2	11	5	3	10	14	14	1
TCGA-E2-A570-01	1	0	10	9	8	1	1	0	0
TCGA-E2-A572-01	2	1	8	0	0	2	16	0	0
TCGA-E2-A573-01	4	1	14	7	21	11	0	2	12
TCGA-E2-A574-01	28	27	20	34	14	2	0	31	0
TCGA-E2-A576-01	1	0	24	12	5	0	20	8	0
TCGA-E2-A9RU-01	8	6	37	31	0	7	0	5	13
TCGA-E9-A1N3-01	2	1	2	0	0	4	14	0	8
TCGA-E9-A1N4-01	6	3	4	5	0	0	5	11	0
TCGA-E9-A1N5-01	6	9	4	0	10	10	0	0	0
TCGA-E9-A1N8-01	7	3	0	0	0	7	0	14	5
TCGA-E9-A1N9-01	1	8	17	0	18	5	2	0	15
TCGA-E9-A1NA-01	14	5	8	20	20	3	6	16	25
TCGA-E9-A1NE-01	3	4	6	0	32	3	0	0	14
TCGA-E9-A1NF-01	3	19	4	2	2	1	14	16	0
TCGA-E9-A1NG-01	0	1	5	0	0	1	12	2	0
TCGA-E9-A1NH-01	1	2	7	0	0	6	15	3	3
TCGA-E9-A1QZ-01	0	0	3	0	2	3	7	2	6
TCGA-E9-A1R0-01	4	3	13	5	0	0	0	10	0
TCGA-E9-A1R2-01	13	2	3	0	10	11	23	3	1
TCGA-E9-A1R3-01	0	3	5	0	7	4	0	6	0
TCGA-E9-A1R4-01	34	45	11	31	4	6	0	5	17
TCGA-E9-A1R5-01	2	3	9	0	0	3	24	10	0
TCGA-E9-A1R6-01	0	0	10	4	1	0	0	13	8
TCGA-E9-A1R7-01	4	9	10	4	19	6	6	2	3
TCGA-E9-A1RA-01	0	5	5	2	1	0	11	0	1
TCGA-E9-A1RB-01	0	0	10	0	10	11	0	1	6
TCGA-E9-A1RC-01	1	0	17	4	9	9	2	13	0
TCGA-E9-A1RD-01	1	5	7	2	7	1	0	0	0
TCGA-E9-A1RE-01	1	2	25	8	5	9	6	9	1
TCGA-E9-A1RF-01	15	4	25	12	56	3	13	9	33
TCGA-E9-A1RG-01	4	3	5	8	1	4	16	0	0
TCGA-E9-A1RH-01	8	6	18	13	14	7	17	9	19
TCGA-E9-A1RI-01	0	5	6	2	0	1	2	1	12
TCGA-E9-A226-01	22	13	9	26	0	0	0	9	0
TCGA-E9-A227-01	2	0	2	9	6	0	0	0	0
TCGA-E9-A228-01	5	5	24	14	3	1	0	0	0
TCGA-E9-A229-01	5	1	12	4	4	2	0	0	2
TCGA-E9-A22A-01	4	4	4	5	7	0	12	0	0
TCGA-E9-A22B-01	3	8	18	14	5	3	19	3	3
TCGA-E9-A22D-01	2	2	15	4	0	0	0	17	0
TCGA-E9-A22E-01	23	9	9	19	38	5	32	0	9
TCGA-E9-A22G-01	7	1	3	6	34	29	15	0	22
TCGA-E9-A22H-01	0	2	13	3	4	2	0	2	0
TCGA-E9-A243-01	12	4	6	11	26	15	2	3	10
TCGA-E9-A244-01	3	3	21	0	31	11	22	0	30
TCGA-E9-A245-01	0	0	0	1	0	1	2	5	14
TCGA-E9-A247-01	1	0	30	1	9	6	0	0	0
TCGA-E9-A248-01	1	5	14	0	0	3	0	0	5
TCGA-E9-A249-01	0	1	11	0	0	3	7	3	0
TCGA-E9-A24A-01	0	0	5	0	0	0	6	4	7
TCGA-E9-A295-01	1	1	29	1	0	0	14	5	58
TCGA-E9-A2JS-01	0	3	39	0	1	0	0	13	33
TCGA-E9-A2JT-01	12	12	0	0	0	0	0	0	4
TCGA-E9-A3HO-01	6	3	0	0	22	5	28	8	0
TCGA-E9-A3QA-01	14	8	1	0	23	0	7	9	0
TCGA-E9-A3X8-01	5	1	7	9	7	0	8	0	0
TCGA-E9-A54Y-01	3	14	17	12	0	3	1	0	8
TCGA-E9-A5FK-01	1	1	9	6	4	3	7	0	8
TCGA-E9-A5FL-01	18	7	8	0	39	18	12	21	10
TCGA-E9-A5UO-01	1	0	12	4	5	3	12	0	1
TCGA-E9-A6HE-01	0	0	10	7	0	3	0	2	0
TCGA-EW-A1IW-01	24	45	21	0	23	1	0	0	13
TCGA-EW-A1IX-01	13	11	0	8	7	3	0	0	0
TCGA-EW-A1IY-01	2	9	0	10	0	0	0	17	0
TCGA-EW-A1IZ-01	0	9	172	0	8	160	0	82	4
TCGA-EW-A1J1-01	0	0	9	1	2	0	3	5	3
TCGA-EW-A1J3-01	0	0	5	14	4	4	3	0	0
TCGA-EW-A1J5-01	194	249	6	91	0	0	0	0	0
TCGA-EW-A1J6-01	0	2	9	0	5	0	23	0	5
TCGA-EW-A1OV-01	33	66	9	10	5	0	12	5	0
TCGA-EW-A1OX-01	3	2	4	4	4	1	2	1	0
TCGA-EW-A1OZ-01	4	7	27	11	13	5	0	1	8
TCGA-EW-A1P0-01	1	0	1	0	1	5	12	3	5
TCGA-EW-A1P1-01	0	0	0	0	0	0	3	0	0
TCGA-EW-A1P3-01	0	2	7	6	0	0	13	0	0
TCGA-EW-A1P4-01	9	0	6	0	12	9	27	12	2
TCGA-EW-A1P5-01	1	0	13	0	0	2	0	0	4
TCGA-EW-A1P6-01	0	0	5	5	0	1	14	1	0
TCGA-EW-A1P7-01	0	0	1	0	15	3	0	0	0
TCGA-EW-A1P8-01	0	0	7	9	14	5	0	4	0
TCGA-EW-A1PA-01	2	2	3	7	7	2	0	18	0
TCGA-EW-A1PB-01	53	21	4	38	32	0	7	0	27
TCGA-EW-A1PD-01	12	5	1	22	34	11	2	0	6
TCGA-EW-A1PE-01	0	7	10	2	8	6	0	3	2
TCGA-EW-A1PG-01	0	0	1	1	0	1	0	8	0
TCGA-EW-A1PH-01	5	3	17	5	11	6	0	15	0
TCGA-EW-A2FR-01	8	4	11	13	1	0	14	0	3
TCGA-EW-A2FS-01	1	0	12	9	0	10	7	0	6
TCGA-EW-A2FV-01	0	2	0	0	2	1	6	21	0
TCGA-EW-A2FW-01	0	4	16	0	0	0	0	0	6
TCGA-EW-A423-01	9	10	24	20	16	8	0	1	0
TCGA-EW-A6S9-01	0	3	12	2	0	2	6	1	5
TCGA-EW-A6SA-01	7	9	19	15	12	11	6	23	21
TCGA-EW-A6SB-01	6	0	15	11	12	15	3	19	0
TCGA-EW-A6SC-01	0	8	6	0	9	12	3	0	1
TCGA-EW-A6SD-01	14	18	12	0	0	11	0	0	13
TCGA-GI-A2C8-01	15	8	21	0	43	10	18	0	33
TCGA-GM-A2D9-01	196	257	13	179	0	0	0	0	0
TCGA-GM-A2DA-01	5	3	9	0	0	0	12	10	6
TCGA-GM-A2DB-01	7	3	16	16	0	4	56	5	21
TCGA-GM-A2DC-01	0	0	12	0	0	0	15	0	0
TCGA-GM-A2DD-01	3	3	9	1	19	13	3	11	6
TCGA-GM-A2DF-01	5	2	15	7	16	3	2	3	0
TCGA-GM-A2DH-01	68	33	9	0	53	5	3	20	41
TCGA-GM-A2DI-01	28	32	0	3	0	0	0	28	0
TCGA-GM-A2DK-01	0	4	6	2	0	7	4	8	6
TCGA-GM-A2DL-01	3	6	8	6	0	0	0	4	22
TCGA-GM-A2DM-01	0	4	0	2	0	5	5	5	6
TCGA-GM-A2DN-01	0	2	5	5	1	1	3	2	0
TCGA-GM-A2DO-01	68	74	0	39	0	0	0	39	0
TCGA-GM-A3NW-01	29	18	20	28	0	0	0	0	0
TCGA-GM-A3XL-01	33	8	8	11	49	14	7	10	4
TCGA-GM-A4E0-01	0	0	10	2	0	1	11	10	0
TCGA-GM-A5PV-01	1	7	2	2	5	4	18	8	0
TCGA-GM-A5PX-01	3	6	10	1	6	7	0	5	4
TCGA-HN-A2NL-01	7	2	8	2	13	7	32	5	15
TCGA-HN-A2OB-01	1	3	5	0	2	0	6	2	0
TCGA-JL-A3YX-01	5	16	13	4	0	5	0	0	6
TCGA-LD-A66U-01	0	2	15	2	2	10	0	0	13
TCGA-LD-A74U-01	92	146	22	75	0	0	0	17	0
TCGA-LD-A7W5-01	8	9	18	0	2	5	10	11	2
TCGA-LD-A7W6-01	1	2	12	9	2	5	14	1	0
TCGA-LD-A9QF-01	1	2	12	0	0	0	16	8	0
TCGA-LL-A440-01	0	1	3	0	0	0	0	2	0
TCGA-LL-A50Y-01	0	2	12	6	0	6	17	0	0
TCGA-LL-A5YL-01	9	22	13	20	0	0	0	29	0
TCGA-LL-A5YM-01	2	0	10	17	3	3	5	0	0
TCGA-LL-A5YN-01	0	0	10	7	12	4	0	10	0
TCGA-LL-A5YO-01	12	2	3	5	15	9	0	2	13
TCGA-LL-A5YP-01	6	6	3	15	27	9	8	5	26
TCGA-LL-A6FP-01	2	12	3	13	0	5	7	21	12
TCGA-LL-A6FQ-01	0	4	28	12	0	7	9	5	4
TCGA-LL-A6FR-01	2	2	14	3	15	8	6	13	0
TCGA-LL-A73Y-01	88	33	2	6	0	19	1	44	0
TCGA-LL-A73Z-01	1	2	13	5	8	3	16	0	0
TCGA-LL-A740-01	1	5	17	15	14	11	4	0	1
TCGA-LL-A7SZ-01	2	7	14	1	0	10	7	23	11
TCGA-LL-A7T0-01	4	8	26	3	0	6	3	13	14
TCGA-LL-A8F5-01	15	1	11	32	54	25	62	0	0
TCGA-LL-A9Q3-01	0	10	21	1	10	8	0	13	5
TCGA-OK-A5Q2-01	1	5	7	0	0	0	4	26	0
TCGA-OL-A5D6-01	2	5	8	4	0	0	26	12	0
TCGA-OL-A5D7-01	8	6	14	4	28	8	10	0	2
TCGA-OL-A5D8-01	2	3	13	0	11	5	3	0	2
TCGA-OL-A5DA-01	30	26	4	7	0	0	0	47	0
TCGA-OL-A5RU-01	1	0	20	15	5	3	2	0	0
TCGA-OL-A5RV-01	0	0	7	0	4	0	4	2	0
TCGA-OL-A5RW-01	78	31	2	32	63	25	14	8	0
TCGA-OL-A5RX-01	1	1	13	0	0	6	0	9	5
TCGA-OL-A5RY-01	1	1	6	0	2	3	0	0	0
TCGA-OL-A5RZ-01	8	11	46	12	28	6	0	13	28
TCGA-OL-A5S0-01	2	4	17	3	8	4	1	5	0
TCGA-OL-A66H-01	0	0	6	6	8	3	0	0	4
TCGA-OL-A66I-01	2	1	12	19	9	2	6	5	0
TCGA-OL-A66J-01	2	7	18	9	0	10	17	0	5
TCGA-OL-A66K-01	1	1	21	12	7	5	0	0	0
TCGA-OL-A66L-01	21	41	12	7	0	6	0	0	7
TCGA-OL-A66N-01	1	2	22	5	0	5	15	8	0
TCGA-OL-A66O-01	1	1	13	0	4	3	16	0	0
TCGA-OL-A66P-01	0	1	9	10	18	18	7	19	41
TCGA-OL-A6VO-01	1	1	16	2	7	3	0	0	8
TCGA-OL-A6VQ-01	16	31	14	0	0	6	0	4	11
TCGA-OL-A6VR-01	0	1	6	0	1	4	0	1	4
TCGA-OL-A97C-01	1	1	16	8	17	14	8	2	3
TCGA-PE-A5DC-01	9	10	19	20	43	15	31	0	7
TCGA-PE-A5DD-01	15	22	18	24	0	3	3	0	0
TCGA-PE-A5DE-01	173	283	0	125	0	0	0	108	0
TCGA-PL-A8LV-01	27	14	8	16	34	16	33	1	6
TCGA-PL-A8LX-01	0	2	14	0	14	11	6	2	0
TCGA-PL-A8LY-01	0	0	0	0	0	4	3	0	0
TCGA-PL-A8LZ-01	0	11	6	31	26	8	32	5	17
TCGA-S3-A6ZF-01	5	2	25	0	1	0	14	0	5
TCGA-S3-A6ZG-01	0	3	11	0	4	2	0	40	0
TCGA-S3-A6ZH-01	0	2	15	6	10	3	0	8	1
TCGA-S3-AA0Z-01	7	12	19	0	2	8	6	0	23
TCGA-S3-AA10-01	14	8	6	16	63	10	33	0	0
TCGA-S3-AA11-01	0	1	1	19	0	10	12	18	35
TCGA-S3-AA12-01	3	4	12	6	0	1	29	3	2
TCGA-S3-AA14-01	3	3	12	0	4	0	2	0	0
TCGA-S3-AA15-01	18	12	6	15	4	1	0	4	0
TCGA-S3-AA17-01	12	8	7	0	31	15	45	23	0
TCGA-UL-AAZ6-01	11	9	10	3	23	20	17	16	31
TCGA-UU-A93S-01	10	6	27	27	63	20	2	0	41
TCGA-V7-A7HQ-01	4	1	7	0	15	1	0	3	0
TCGA-W8-A86G-01	1	2	8	1	0	3	20	0	0
TCGA-WT-AB41-01	1	19	11	5	6	3	10	7	0
TCGA-WT-AB44-01	0	0	24	8	0	6	8	0	14
TCGA-XX-A899-01	7	17	0	5	1	0	0	30	0
TCGA-XX-A89A-01	116	53	10	42	0	0	0	44	0
TCGA-Z7-A8R5-01	0	1	22	0	0	0	10	0	1
TCGA-Z7-A8R6-01	20	34	16	10	0	6	0	15	6
