MutationType	DBS78A	DBS78B	DBS78C	DBS78D	DBS78E	DBS78F	DBS78G	DBS78H
AC>CA	1.8947129080970627e-05	2.751838683252572e-05	1.4191755513895477e-05	0.06653782302200853	0.028557645331602544	0.03325364564489064	0.0285379416840442	6.235361070139334e-05
AC>CG	2.9658777930308133e-05	4.0819279456627554e-05	3.0026419335626996e-05	3.560552722774446e-05	8.140455756802111e-05	4.513763742579613e-05	5.110233396408148e-05	9.288631990784779e-05
AC>CT	2.9658777930308133e-05	4.0819279456627554e-05	3.0026419335626996e-05	3.560552722774446e-05	8.140455756802111e-05	4.513763742579613e-05	5.110233396408148e-05	9.288631990784779e-05
AC>GA	2.9658777930308133e-05	4.0819279456627554e-05	3.0026419335626996e-05	3.560552722774446e-05	8.140455756802111e-05	4.513763742579613e-05	5.110233396408148e-05	9.288631990784779e-05
AC>GG	1.4037740607177891e-05	1.2305946422304127e-05	1.8864238095372964e-05	1.4819022655387926e-05	6.31128815939519e-05	0.3834552506777982	2.440643323780023e-05	6.199232000199117e-05
AC>GT	2.9658777930308133e-05	4.0819279456627554e-05	3.0026419335626996e-05	3.560552722774446e-05	8.140455756802111e-05	4.513763742579613e-05	5.110233396408148e-05	9.288631990784779e-05
AC>TA	2.9658777930308133e-05	4.0819279456627554e-05	3.0026419335626996e-05	3.560552722774446e-05	8.140455756802111e-05	4.513763742579613e-05	5.110233396408148e-05	9.288631990784779e-05
AC>TG	2.9658777930308133e-05	4.0819279456627554e-05	3.0026419335626996e-05	3.560552722774446e-05	8.140455756802111e-05	4.513763742579613e-05	5.110233396408148e-05	9.288631990784779e-05
AC>TT	0.024982821975572733	3.2419438866782e-05	2.407005231361836e-05	3.1733152354718186e-05	7.561968614027137e-05	4.249302328389604e-05	0.06644050076574785	8.266757140518166e-05
AT>CA	2.9658777930308133e-05	4.0819279456627554e-05	3.0026419335626996e-05	3.560552722774446e-05	8.140455756802111e-05	4.513763742579613e-05	5.110233396408148e-05	9.288631990784779e-05
AT>CC	2.9658777930308133e-05	4.0819279456627554e-05	3.0026419335626996e-05	3.560552722774446e-05	8.140455756802111e-05	4.513763742579613e-05	5.110233396408148e-05	9.288631990784779e-05
AT>CG	2.9658777930308133e-05	4.0819279456627554e-05	3.0026419335626996e-05	3.560552722774446e-05	8.140455756802111e-05	4.513763742579613e-05	5.110233396408148e-05	9.288631990784779e-05
AT>GA	2.9658777930308133e-05	4.0819279456627554e-05	3.0026419335626996e-05	3.560552722774446e-05	8.140455756802111e-05	4.513763742579613e-05	5.110233396408148e-05	9.288631990784779e-05
AT>GC	2.9658777930308133e-05	4.0819279456627554e-05	3.0026419335626996e-05	3.560552722774446e-05	8.140455756802111e-05	4.513763742579613e-05	5.110233396408148e-05	9.288631990784779e-05
AT>TA	2.9658777930308133e-05	4.0819279456627554e-05	3.0026419335626996e-05	3.560552722774446e-05	8.140455756802111e-05	4.513763742579613e-05	5.110233396408148e-05	9.288631990784779e-05
CC>AA	0.47794132828712466	4.227776323872945e-06	0.09150532086114822	0.06655881589787213	0.028508728039967048	3.8506208905872405e-05	0.028523864955349153	2.5360012725172964e-05
CC>AG	5.371525935515819e-06	9.687158556645695e-08	1.636302220000066e-06	6.431447478227963e-06	4.852867382396653e-05	1.854098044712371e-05	1.958127972532253e-05	0.6622710406780243
CC>AT	0.04495710948358465	2.3960663656907855e-05	0.041628681405745736	0.033334235838265155	6.44983840174973e-05	4.2438769378350115e-05	4.0199956492870116e-05	7.944837852846831e-05
CC>GA	2.9658777930308133e-05	4.0819279456627554e-05	3.0026419335626996e-05	3.560552722774446e-05	8.140455756802111e-05	4.513763742579613e-05	5.110233396408148e-05	9.288631990784779e-05
CC>GG	2.9658777930308133e-05	4.0819279456627554e-05	3.0026419335626996e-05	3.560552722774446e-05	8.140455756802111e-05	4.513763742579613e-05	5.110233396408148e-05	9.288631990784779e-05
CC>GT	0.03991099399117957	1.2459643141937703e-05	1.3945725095254602e-05	1.2594695635925746e-05	0.22707918487903953	0.06637774618764279	2.884024817486619e-05	0.06624495706686986
CC>TA	1.8259680291521364e-05	0.11693459635670271	1.311723261618429e-05	0.11883470958237012	0.028539925980294357	0.01824841655616593	0.02853015521322959	5.382934541557916e-05
CC>TG	0.1269337599940627	2.1957581702736205e-05	1.563660726136188e-05	2.0162746029502607e-05	7.979277215781621e-05	2.8604289664713178e-05	0.044320871575837376	8.159945573424921e-05
CC>TT	1.2428002296538399e-05	0.6455850720405578	1.4586797226181635e-05	2.3255305310107752e-05	2.6395101167508982e-05	0.09089607581108794	2.7237757785769644e-05	5.1634403462230714e-05
CG>AT	2.9658777930308133e-05	4.0819279456627554e-05	3.0026419335626996e-05	3.560552722774446e-05	8.140455756802111e-05	4.513763742579613e-05	5.110233396408148e-05	9.288631990784779e-05
CG>GC	2.9658777930308133e-05	4.0819279456627554e-05	3.0026419335626996e-05	3.560552722774446e-05	8.140455756802111e-05	4.513763742579613e-05	5.110233396408148e-05	9.288631990784779e-05
CG>GT	2.9658777930308133e-05	4.0819279456627554e-05	3.0026419335626996e-05	3.560552722774446e-05	8.140455756802111e-05	4.513763742579613e-05	5.110233396408148e-05	9.288631990784779e-05
CG>TA	2.9658777930308133e-05	4.0819279456627554e-05	3.0026419335626996e-05	3.560552722774446e-05	8.140455756802111e-05	4.513763742579613e-05	5.110233396408148e-05	9.288631990784779e-05
CG>TC	2.9658777930308133e-05	4.0819279456627554e-05	3.0026419335626996e-05	3.560552722774446e-05	8.140455756802111e-05	4.513763742579613e-05	5.110233396408148e-05	9.288631990784779e-05
CG>TT	2.9658777930308133e-05	4.0819279456627554e-05	3.0026419335626996e-05	3.560552722774446e-05	8.140455756802111e-05	4.513763742579613e-05	5.110233396408148e-05	9.288631990784779e-05
CT>AA	1.3874973597520246e-05	0.04985878718996659	8.794943846623937e-06	0.11882901567071165	0.057046015787636864	0.09969278182527974	3.941716713597998e-05	3.9790553091928855e-05
CT>AC	0.06991377424274106	2.0713965386676137e-05	0.041622580341697815	0.06663352870273229	6.0796916659455744e-05	4.270430108590517e-05	3.746067341126036e-05	7.628163148183375e-05
CT>AG	2.9658777930308133e-05	4.0819279456627554e-05	3.0026419335626996e-05	3.560552722774446e-05	8.140455756802111e-05	4.513763742579613e-05	5.110233396408148e-05	9.288631990784779e-05
CT>GA	2.9658777930308133e-05	4.0819279456627554e-05	3.0026419335626996e-05	3.560552722774446e-05	8.140455756802111e-05	4.513763742579613e-05	5.110233396408148e-05	9.288631990784779e-05
CT>GC	1.0776512898976887e-05	9.863326722969745e-06	8.438438999294054e-06	2.129659997400779e-05	7.282966922787515e-05	2.6447075616209403e-05	0.4317014035768807	0.04977961076248895
CT>GG	2.9658777930308133e-05	4.0819279456627554e-05	3.0026419335626996e-05	3.560552722774446e-05	8.140455756802111e-05	4.513763742579613e-05	5.110233396408148e-05	9.288631990784779e-05
CT>TA	2.9658777930308133e-05	4.0819279456627554e-05	3.0026419335626996e-05	3.560552722774446e-05	8.140455756802111e-05	4.513763742579613e-05	5.110233396408148e-05	9.288631990784779e-05
CT>TC	2.9658777930308133e-05	4.0819279456627554e-05	3.0026419335626996e-05	3.560552722774446e-05	8.140455756802111e-05	4.513763742579613e-05	5.110233396408148e-05	9.288631990784779e-05
CT>TG	2.9658777930308133e-05	4.0819279456627554e-05	3.0026419335626996e-05	3.560552722774446e-05	8.140455756802111e-05	4.513763742579613e-05	5.110233396408148e-05	9.288631990784779e-05
GC>AA	0.04437333079695236	0.04438646828330093	0.04164026861679137	3.1701198531663975e-05	6.997675554885064e-05	4.185815778328106e-05	3.697992942619521e-05	8.40318840346299e-05
GC>AG	2.9658777930308133e-05	4.0819279456627554e-05	3.0026419335626996e-05	3.560552722774446e-05	8.140455756802111e-05	4.513763742579613e-05	5.110233396408148e-05	9.288631990784779e-05
GC>AT	2.9658777930308133e-05	4.0819279456627554e-05	3.0026419335626996e-05	3.560552722774446e-05	8.140455756802111e-05	4.513763742579613e-05	5.110233396408148e-05	9.288631990784779e-05
GC>CA	2.9658777930308133e-05	4.0819279456627554e-05	3.0026419335626996e-05	3.560552722774446e-05	8.140455756802111e-05	4.513763742579613e-05	5.110233396408148e-05	9.288631990784779e-05
GC>CG	2.9658777930308133e-05	4.0819279456627554e-05	3.0026419335626996e-05	3.560552722774446e-05	8.140455756802111e-05	4.513763742579613e-05	5.110233396408148e-05	9.288631990784779e-05
GC>TA	2.9658777930308133e-05	4.0819279456627554e-05	3.0026419335626996e-05	3.560552722774446e-05	8.140455756802111e-05	4.513763742579613e-05	5.110233396408148e-05	9.288631990784779e-05
TA>AT	1.3017108631385242e-05	1.3749439767707372e-05	2.0459922779991757e-05	2.0444696161714405e-05	7.147522628656589e-05	0.25064750878809716	3.5485168882587456e-05	4.8746446600489436e-05
TA>CG	2.9658777930308133e-05	4.0819279456627554e-05	3.0026419335626996e-05	3.560552722774446e-05	8.140455756802111e-05	4.513763742579613e-05	5.110233396408148e-05	9.288631990784779e-05
TA>CT	2.9658777930308133e-05	4.0819279456627554e-05	3.0026419335626996e-05	3.560552722774446e-05	8.140455756802111e-05	4.513763742579613e-05	5.110233396408148e-05	9.288631990784779e-05
TA>GC	2.9658777930308133e-05	4.0819279456627554e-05	3.0026419335626996e-05	3.560552722774446e-05	8.140455756802111e-05	4.513763742579613e-05	5.110233396408148e-05	9.288631990784779e-05
TA>GG	2.9658777930308133e-05	4.0819279456627554e-05	3.0026419335626996e-05	3.560552722774446e-05	8.140455756802111e-05	4.513763742579613e-05	5.110233396408148e-05	9.288631990784779e-05
TA>GT	2.307107856154289e-05	3.668206181828282e-05	2.5038344126215862e-05	2.5640115435990643e-05	7.785526540828868e-05	4.164463716733735e-05	0.057034662223304625	7.976068372954615e-05
TC>AA	0.06492880298574163	2.6861690548685148e-05	2.4254775871668245e-05	2.9058678410365247e-05	7.283383456524462e-05	3.8367144588846715e-05	0.022185397856083	8.521820200257935e-05
TC>AG	2.9658777930308133e-05	4.0819279456627554e-05	3.0026419335626996e-05	3.560552722774446e-05	8.140455756802111e-05	4.513763742579613e-05	5.110233396408148e-05	9.288631990784779e-05
TC>AT	7.319292614466755e-06	0.0908167058514664	0.6819209933280945	0.06660780230976755	0.06636195308165042	0.05446594604566144	3.237098571844428e-05	0.0001165794466942316
TC>CA	2.9658777930308133e-05	4.0819279456627554e-05	3.0026419335626996e-05	3.560552722774446e-05	8.140455756802111e-05	4.513763742579613e-05	5.110233396408148e-05	9.288631990784779e-05
TC>CG	2.9658777930308133e-05	4.0819279456627554e-05	3.0026419335626996e-05	3.560552722774446e-05	8.140455756802111e-05	4.513763742579613e-05	5.110233396408148e-05	9.288631990784779e-05
TC>CT	2.9658777930308133e-05	4.0819279456627554e-05	3.0026419335626996e-05	3.560552722774446e-05	8.140455756802111e-05	4.513763742579613e-05	5.110233396408148e-05	9.288631990784779e-05
TC>GA	2.9658777930308133e-05	4.0819279456627554e-05	3.0026419335626996e-05	3.560552722774446e-05	8.140455756802111e-05	4.513763742579613e-05	5.110233396408148e-05	9.288631990784779e-05
TC>GG	2.9658777930308133e-05	4.0819279456627554e-05	3.0026419335626996e-05	3.560552722774446e-05	8.140455756802111e-05	4.513763742579613e-05	5.110233396408148e-05	9.288631990784779e-05
TC>GT	1.2276481084086758e-05	1.8296025628447565e-05	6.64243092671768e-06	0.03328315055212503	0.29342287568288156	2.4886894316011876e-05	0.022168602630502635	4.8224438863875285e-05
TG>AA	2.9658777930308133e-05	4.0819279456627554e-05	3.0026419335626996e-05	3.560552722774446e-05	8.140455756802111e-05	4.513763742579613e-05	5.110233396408148e-05	9.288631990784779e-05
TG>AC	2.9658777930308133e-05	4.0819279456627554e-05	3.0026419335626996e-05	3.560552722774446e-05	8.140455756802111e-05	4.513763742579613e-05	5.110233396408148e-05	9.288631990784779e-05
TG>AT	0.10424279065809969	2.4664086049597243e-05	1.9035383652614075e-05	2.696345509320963e-05	7.427924319927114e-05	3.498777196000447e-05	0.022176486052428855	8.235736095230095e-05
TG>CA	2.9658777930308133e-05	4.0819279456627554e-05	3.0026419335626996e-05	3.560552722774446e-05	8.140455756802111e-05	4.513763742579613e-05	5.110233396408148e-05	9.288631990784779e-05
TG>CC	7.048364632566972e-06	1.4281081785161298e-05	0.049850975114235044	6.969844861093311e-06	0.1986505850971298	1.856253751449508e-05	0.10129268276505173	0.09935709946075803
TG>CT	2.0468885284685712e-05	2.3224192199577942e-05	0.049942706013280255	2.664998529979812e-05	6.809707253594734e-05	2.5970670098729442e-05	0.09965874126537529	0.049809011807110434
TG>GA	1.8712083482052068e-05	0.04986827028029563	1.8039045781392814e-05	0.4271338755155739	5.6650472622088446e-05	3.1800467058928914e-05	3.3407834416721015e-05	6.780846615583869e-05
TG>GC	1.792316834325902e-05	2.237135231756395e-05	2.0251015799388483e-05	2.6432485883631784e-05	0.0664546671025164	2.8000264364891336e-05	0.044313940816027755	0.06629465452861041
TG>GT	2.9658777930308133e-05	4.0819279456627554e-05	3.0026419335626996e-05	3.560552722774446e-05	8.140455756802111e-05	4.513763742579613e-05	5.110233396408148e-05	9.288631990784779e-05
TT>AA	2.9658777930308133e-05	4.0819279456627554e-05	3.0026419335626996e-05	3.560552722774446e-05	8.140455756802111e-05	4.513763742579613e-05	5.110233396408148e-05	9.288631990784779e-05
TT>AC	2.9658777930308133e-05	4.0819279456627554e-05	3.0026419335626996e-05	3.560552722774446e-05	8.140455756802111e-05	4.513763742579613e-05	5.110233396408148e-05	9.288631990784779e-05
TT>AG	2.9658777930308133e-05	4.0819279456627554e-05	3.0026419335626996e-05	3.560552722774446e-05	8.140455756802111e-05	4.513763742579613e-05	5.110233396408148e-05	9.288631990784779e-05
TT>CA	2.9658777930308133e-05	4.0819279456627554e-05	3.0026419335626996e-05	3.560552722774446e-05	8.140455756802111e-05	4.513763742579613e-05	5.110233396408148e-05	9.288631990784779e-05
TT>CC	2.9658777930308133e-05	4.0819279456627554e-05	3.0026419335626996e-05	3.560552722774446e-05	8.140455756802111e-05	4.513763742579613e-05	5.110233396408148e-05	9.288631990784779e-05
TT>CG	2.9658777930308133e-05	4.0819279456627554e-05	3.0026419335626996e-05	3.560552722774446e-05	8.140455756802111e-05	4.513763742579613e-05	5.110233396408148e-05	9.288631990784779e-05
TT>GA	2.9658777930308133e-05	4.0819279456627554e-05	3.0026419335626996e-05	3.560552722774446e-05	8.140455756802111e-05	4.513763742579613e-05	5.110233396408148e-05	9.288631990784779e-05
TT>GC	2.9658777930308133e-05	4.0819279456627554e-05	3.0026419335626996e-05	3.560552722774446e-05	8.140455756802111e-05	4.513763742579613e-05	5.110233396408148e-05	9.288631990784779e-05
TT>GG	2.9658777930308133e-05	4.0819279456627554e-05	3.0026419335626996e-05	3.560552722774446e-05	8.140455756802111e-05	4.513763742579613e-05	5.110233396408148e-05	9.288631990784779e-05
