MutationType	ID83A	ID83B	ID83C	ID83D	ID83E	ID83F	ID83G	ID83H	ID83I
1:Del:C:0	1.8694071715212127e-06	0.0005075060013487823	0.002910616305568207	0.00024409642702221863	5.2120865963919034e-08	0.0032602353705546133	0.000711140827024792	0.0027873576362556682	0.005613702804021159
1:Del:C:1	0.02427284287694723	0.014033656858767547	0.015289823368224613	0.8711127241452535	2.2288893575250768e-07	0.009986598211177504	4.0948025912257435e-06	4.733028261701596e-06	4.093727109951336e-06
1:Del:C:2	0.06956638379690123	0.3216378962413501	0.0168220342883122	0.01644079172670748	5.366334515125952e-07	0.03055973461787289	7.202552050481851e-06	7.965662700826214e-06	4.515947118003775e-06
1:Del:C:3	0.08400342821053831	0.23413454815348209	0.024546586013158844	2.4241263571411763e-05	0.013936145822412937	0.024476683264123267	1.7599196335519689e-06	6.583389260110077e-06	5.347345707680991e-06
1:Del:C:4	0.07389977744623094	0.09245457115939644	0.06196696080562371	1.6468235377449975e-05	0.07066541500582085	0.025824674234411305	8.079966626913422e-06	1.0432987858166598e-05	1.4704750098341416e-05
1:Del:C:5	0.015080963952179142	0.007139729886372	0.007477652002180927	1.3554377447633215e-05	0.18615510314702988	0.003745627056025569	7.425398113980464e-06	0.0011809721412419094	1.8722184222497162e-05
1:Del:T:0	0.0005100560076675957	0.00023937192387902447	0.0006729192070575133	7.2802924639366514e-06	9.55266816049516e-07	0.0014423192561563289	0.00165354274395213	0.0008401748757629927	0.00027504391822124794
1:Del:T:1	0.021739442349345002	0.03841443302162588	0.02888116543531396	0.03502242586743034	0.0008905966107808805	0.5333229674577278	4.865667819823708e-06	0.008992273723839617	3.841704496825027e-06
1:Del:T:2	0.07963322991784784	0.04341534765065376	0.30288856823197724	0.015304563712470553	6.654679043549549e-06	0.06864527915523316	5.559582842569929e-06	7.348053243324178e-06	6.9487235020056675e-06
1:Del:T:3	0.3038710360725721	0.028596089102586576	0.007242690958628372	0.00043229488233388716	0.01833993601472912	0.006857123054901612	3.584641841788046e-06	8.194252421844794e-06	4.82766899475943e-06
1:Del:T:4	0.19731049980797857	0.04052508823464602	0.019878329372026826	1.241833684465141e-05	0.07101304620330968	0.008105623022962997	5.868655241935509e-05	9.99318970400509e-06	5.588169343203238e-06
1:Del:T:5	0.09699300503440705	0.016274295632820214	0.009664330687875615	7.548769856195274e-06	0.412170750896136	0.01236814814507549	1.4947183619464715e-45	3.4593561565543497e-06	1.698996211037714e-06
1:Ins:C:0	5.132150109924775e-07	0.0009271722923036425	1.490973653612097e-05	7.343543982803643e-06	0.00026699492617462777	0.0029862407950664266	0.0033226800077197065	0.0034930449998076558	0.00718899267752325
1:Ins:C:1	2.6751677552061536e-07	0.008879578041316567	0.008615322451509044	0.0036102594664937965	3.924917516921293e-09	0.00761022506260609	0.0027964726058295735	0.021084932626745	0.023045724275986383
1:Ins:C:2	3.938632130662256e-07	0.001082811782346512	0.012813971297081632	0.004958438403634932	0.001744750362986262	0.0032581187375261204	0.0026487281101708502	0.006425941120990804	0.0190234459247525
1:Ins:C:3	1.6210784439844398e-06	0.0071821562377641845	0.0078121424522380545	7.241847070623327e-06	0.001109319038263834	0.011291379001170773	0.002538130328131653	0.011848413516190703	0.008469185717194705
1:Ins:C:4	1.3102790354935223e-06	0.002675321039653156	0.009472531550272122	0.0032747074353357184	0.005689785223574617	0.0018930011072977035	0.010278292010400491	0.012567863293224946	0.017974115563940057
1:Ins:C:5	3.0552407155326476e-07	3.465035879718359e-06	0.00026821173159206067	0.003040102547986597	0.04853088358314608	0.017033578483142263	1.9965958297992378e-05	0.03982236306176977	0.0235380261336104
1:Ins:T:0	1.4721006425707135e-07	0.003624653390374988	0.011283443425857817	0.00294553884019099	0.0015138490148492187	0.0055078721000069684	0.003454451564497655	0.01861532704745817	0.015121846854109814
1:Ins:T:1	1.1577509321606764e-08	1.5387188714299782e-06	0.09497352860472799	3.7014059285430296e-06	5.1836615456106e-05	0.014899181443591184	0.02516283089573411	0.09475082818984314	0.04286708194274714
1:Ins:T:2	3.915584321963668e-07	1.8784037206269014e-06	0.016965879168674935	0.005659615404320561	0.007278544556061206	0.0048370271034533134	0.003097861945442067	0.028625241587557564	0.016465767733939173
1:Ins:T:3	1.2860318513515287e-06	0.007231968176734564	0.014831327905676516	8.199245948488828e-06	0.005322896064623232	0.01778184922733838	0.005392079370312786	0.016852603519510012	0.007205302254108877
1:Ins:T:4	0.0018676724636672284	0.00045614282636824064	0.009749380003702453	0.0011081377825111834	0.0020226201735721243	0.0029416390316216717	0.0009472087166007744	0.0019375683335965733	0.005104870260068613
1:Ins:T:5	1.7154615079562062e-07	7.401281877742841e-07	7.2208138369315535e-06	5.0317033498004095e-06	0.06650813104168284	1.0220097688791915e-05	0.005912493776103626	0.28916342413141743	0.013706021653107806
2:Del:R:0	1.0599236242766115e-07	0.007066973627631038	2.7098186014503275e-06	2.1208674551094948e-06	0.01441746256924527	3.269943806571973e-06	0.023982695485310877	0.000708694301685379	0.3783922158815585
2:Del:R:1	5.801479267357005e-07	0.0011857595951666393	0.007970561632821217	0.001445572154461298	0.0006302393853123552	0.002614892264737989	0.0026715575163204146	0.007725628806239607	0.008709899577631101
2:Del:R:2	6.755119477711939e-07	9.76681328097584e-06	0.0011802262457270747	0.00025499878042107107	1.1927784052308728e-06	1.4141956250905234e-05	0.00012911095606492988	0.00015573619263401875	0.0007942186773410261
2:Del:R:3	7.282431404576073e-07	0.00044386552478978085	0.0005999972611936262	8.06080987939851e-06	9.997783270894918e-07	0.000360888108060801	0.000338189509602671	0.0007361103305205082	0.0008485523458451401
2:Del:R:4	6.803871997362875e-07	7.748544646683324e-05	0.0004887597842374211	0.0004890405216651553	0.00024172845058452927	0.00011762664705846267	0.0014127716491808922	0.0013492271715222159	0.0004257020321347227
2:Del:R:5	1.1234016663289974e-06	5.834873788401751e-06	1.6848567799835715e-05	1.0920434541124753e-05	1.8384699861447493e-06	1.6446227585239135e-05	2.3505083178558076e-05	2.7287626653560438e-05	2.7922406055343647e-05
3:Del:R:0	0.02429144200104929	0.0063104532926285374	0.05501662425683283	2.109726718420764e-06	0.01199784222981748	0.01861877977453332	0.028254392092906262	0.04638657480151185	0.051012059648557324
3:Del:R:1	0.0014012254774570464	4.5149904369878865e-06	0.0015200103597346507	0.0005924453976774658	0.0047656179478413685	0.000537303333849574	0.00119314444112509	0.004268986177733799	0.0032415414728651135
3:Del:R:2	7.34542564823452e-05	7.031814612901144e-06	0.0005128832672350351	0.00040818301541965715	0.00021528529045535075	1.3608551230011775e-05	0.000365001632720426	0.0005426160191746021	0.001563915550711196
3:Del:R:3	1.1234016663289974e-06	5.834873788401751e-06	1.6848567799835715e-05	1.0920434541124753e-05	1.8384699861447493e-06	1.6446227585239135e-05	2.3505083178558076e-05	2.7287626653560438e-05	2.7922406055343647e-05
3:Del:R:4	1.1234016663289974e-06	5.834873788401751e-06	1.6848567799835715e-05	1.0920434541124753e-05	1.8384699861447493e-06	1.6446227585239135e-05	2.3505083178558076e-05	2.7287626653560438e-05	2.7922406055343647e-05
3:Del:R:5	1.1234016663289974e-06	5.834873788401751e-06	1.6848567799835715e-05	1.0920434541124753e-05	1.8384699861447493e-06	1.6446227585239135e-05	2.3505083178558076e-05	2.7287626653560438e-05	2.7922406055343647e-05
4:Del:R:0	9.530424963342114e-07	4.83172231036851e-06	0.03781336677322637	4.7786627786668605e-06	0.00203051307361856	0.012078156710167912	0.008054765115385483	0.028606107617959727	0.06394924118151266
4:Del:R:1	7.77559828198567e-07	4.323343281361266e-06	0.001554381058724156	0.00027094873461711206	6.484597491862587e-07	0.0017047489174482659	0.0002330462324001322	0.0009175769113426213	0.001612471520153728
4:Del:R:2	1.1234016663289974e-06	5.834873788401751e-06	1.6848567799835715e-05	1.0920434541124753e-05	1.8384699861447493e-06	1.6446227585239135e-05	2.3505083178558076e-05	2.7287626653560438e-05	2.7922406055343647e-05
4:Del:R:3	1.1234016663289974e-06	5.834873788401751e-06	1.6848567799835715e-05	1.0920434541124753e-05	1.8384699861447493e-06	1.6446227585239135e-05	2.3505083178558076e-05	2.7287626653560438e-05	2.7922406055343647e-05
4:Del:R:4	1.1234016663289974e-06	5.834873788401751e-06	1.6848567799835715e-05	1.0920434541124753e-05	1.8384699861447493e-06	1.6446227585239135e-05	2.3505083178558076e-05	2.7287626653560438e-05	2.7922406055343647e-05
4:Del:R:5	1.1234016663289974e-06	5.834873788401751e-06	1.6848567799835715e-05	1.0920434541124753e-05	1.8384699861447493e-06	1.6446227585239135e-05	2.3505083178558076e-05	2.7287626653560438e-05	2.7922406055343647e-05
5:Del:R:0	1.6328178039278403e-08	2.1046672186194896e-06	1.5093123915121964e-06	3.554744656260785e-07	8.516554960541119e-05	2.294984923641626e-06	0.5752585341533025	6.358073492560041e-06	4.632022329253971e-06
5:Del:R:1	1.1234016663289974e-06	5.834873788401751e-06	1.6848567799835715e-05	1.0920434541124753e-05	1.8384699861447493e-06	1.6446227585239135e-05	2.3505083178558076e-05	2.7287626653560438e-05	2.7922406055343647e-05
5:Del:R:2	1.1234016663289974e-06	5.834873788401751e-06	1.6848567799835715e-05	1.0920434541124753e-05	1.8384699861447493e-06	1.6446227585239135e-05	2.3505083178558076e-05	2.7287626653560438e-05	2.7922406055343647e-05
5:Del:R:3	1.1234016663289974e-06	5.834873788401751e-06	1.6848567799835715e-05	1.0920434541124753e-05	1.8384699861447493e-06	1.6446227585239135e-05	2.3505083178558076e-05	2.7287626653560438e-05	2.7922406055343647e-05
5:Del:R:4	1.1234016663289974e-06	5.834873788401751e-06	1.6848567799835715e-05	1.0920434541124753e-05	1.8384699861447493e-06	1.6446227585239135e-05	2.3505083178558076e-05	2.7287626653560438e-05	2.7922406055343647e-05
5:Del:R:5	1.1234016663289974e-06	5.834873788401751e-06	1.6848567799835715e-05	1.0920434541124753e-05	1.8384699861447493e-06	1.6446227585239135e-05	2.3505083178558076e-05	2.7287626653560438e-05	2.7922406055343647e-05
2:Ins:R:0	5.063809895252309e-07	0.005176227401280661	0.007433602808841518	0.003634278499573895	5.6342143987346084e-08	0.018081456031234212	0.00253752374716593	0.008670826565336635	0.006974683454063779
2:Ins:R:1	4.1228658655967363e-07	0.003483860546903491	0.009872798556602192	5.179893975792993e-06	0.0012842130635741947	0.015483484856980716	0.004011061357175549	0.014893522320547466	0.012539613749625762
2:Ins:R:2	0.003902664754907696	6.495376176000415e-06	0.001795790669515091	0.0029522500346764956	0.0016647881397073997	0.017042647950298424	0.003493704838274425	0.010969483991236	0.007366651450077673
2:Ins:R:3	7.952567278775765e-07	5.295988988448149e-06	1.5592407484158834e-05	1.0353637340661711e-05	0.0009065409995926643	0.00015255887923757428	2.1740961832013756e-05	0.00014499645246056995	3.077324181504082e-05
2:Ins:R:4	6.076958328549154e-07	4.450391527536605e-06	0.0013170435758742846	0.00013158186214639044	0.0011590946975940616	0.0007498302909979771	0.00012321115764279966	0.000987369111104878	0.001123121985741212
2:Ins:R:5	5.680968873396826e-07	4.338558003524895e-06	0.00172956562934606	0.0005821582173808793	0.0007980901370369035	0.0001238703191244628	0.0005763268564502748	0.003447687351460142	0.0007125224535532956
3:Ins:R:0	5.581082947495968e-07	0.0005559546797928868	0.0054964420873668965	0.0028706839308071607	0.0009286835538290461	0.003961296832237219	0.0014772869218480386	0.0028637823204614205	0.003871096777220373
3:Ins:R:1	0.0010190405312888136	0.0013624999318075333	0.003562765502470929	0.000512192902843367	0.00019008752971766779	0.0020920691360957495	0.001255291509884652	0.004810081564755819	0.0018889393629554737
3:Ins:R:2	4.508766437538725e-07	0.0003126085398103366	0.0003672362765428261	0.0009773651688590236	0.0009807600606781838	0.0012715450073239746	0.001407572306622266	0.003785215505801413	0.0019812531159307885
3:Ins:R:3	1.1234016663289974e-06	5.834873788401751e-06	1.6848567799835715e-05	1.0920434541124753e-05	1.8384699861447493e-06	1.6446227585239135e-05	2.3505083178558076e-05	2.7287626653560438e-05	2.7922406055343647e-05
3:Ins:R:4	5.868273036687317e-07	4.228489603382476e-06	1.6117532982917737e-05	0.0003464333303080972	0.0009679104560260517	0.0002448238307228697	0.00032817289114367063	0.0011565640503249596	0.00014455044180673818
3:Ins:R:5	0.00034000815850703247	0.0009181699341476464	0.0008971010812217628	7.580004709003182e-06	0.001093200361416772	0.001520102338563826	2.2325046362918025e-05	0.0016646648588600026	0.0019317575457838152
4:Ins:R:0	2.972286250013667e-06	0.001084705320092875	0.0013250692413739292	0.002590803024004155	3.084452277590799e-07	0.000979942058251974	0.0010926838701076729	0.0036868696395989295	0.0015456925351827523
4:Ins:R:1	1.8103735731361468e-06	7.794635986554018e-06	0.008425240557575838	1.2631426524478685e-05	0.0019951267005363133	0.007516850287624995	0.003079654033899715	0.008502790408738293	0.0046559960297296735
4:Ins:R:2	5.617159269869868e-07	4.7422291035177086e-06	0.0007639171874482524	9.20011577193236e-05	5.652752913457941e-07	0.0011932301844555107	0.0005103635348556661	0.0009974450575403655	0.0011025056133197116
4:Ins:R:3	1.1234016663289974e-06	5.834873788401751e-06	1.6848567799835715e-05	1.0920434541124753e-05	1.8384699861447493e-06	1.6446227585239135e-05	2.3505083178558076e-05	2.7287626653560438e-05	2.7922406055343647e-05
4:Ins:R:4	1.1234016663289974e-06	5.834873788401751e-06	1.6848567799835715e-05	1.0920434541124753e-05	1.8384699861447493e-06	1.6446227585239135e-05	2.3505083178558076e-05	2.7287626653560438e-05	2.7922406055343647e-05
4:Ins:R:5	7.960026215651321e-07	5.146652421335792e-06	1.541358316122417e-05	0.00013263445833899823	1.2644290301011552e-06	0.00013335252338417074	2.105665068180921e-05	0.0006306586749512159	0.0006385457037443605
5:Ins:R:0	7.705723943078151e-07	0.0014485720566714377	0.0011957927251681137	0.0023237504023081593	1.3837450415129145e-08	0.0018323028996026262	0.006772985148685014	0.010074012089686828	0.0025981984113665627
5:Ins:R:1	6.18504737707563e-07	0.005182361867105456	0.014596790551827136	0.00026585169935628984	2.2932821768980224e-07	0.004726864099340459	0.007160397745648576	0.01569135882490021	0.010287888972561632
5:Ins:R:2	1.1234016663289974e-06	5.834873788401751e-06	1.6848567799835715e-05	1.0920434541124753e-05	1.8384699861447493e-06	1.6446227585239135e-05	2.3505083178558076e-05	2.7287626653560438e-05	2.7922406055343647e-05
5:Ins:R:3	1.1234016663289974e-06	5.834873788401751e-06	1.6848567799835715e-05	1.0920434541124753e-05	1.8384699861447493e-06	1.6446227585239135e-05	2.3505083178558076e-05	2.7287626653560438e-05	2.7922406055343647e-05
5:Ins:R:4	6.859213352565045e-07	0.0001982945657317714	0.0004796106658801591	0.00010620027957581139	0.00020882622585531861	1.6183654328590555e-05	5.437291629277752e-05	0.0002990279770832179	0.0011018043116564514
5:Ins:R:5	9.130419449832061e-07	4.773955236577384e-06	0.00034337942800561906	0.00017863910395874428	1.7256055213484463e-06	0.00025006794776156007	5.763100677237769e-05	0.0007427420537472547	0.0005562304474248473
2:Del:M:1	7.850388304753254e-07	0.0071307563348433686	0.029258743109999586	0.006571295715352695	0.00494369145992053	0.0037395282067246662	0.011491128278968669	0.013659787387257438	0.06534696396663549
3:Del:M:1	6.037953018752281e-07	0.005143396312123846	0.01334846417305305	3.5610332756637795e-06	0.020906454414226044	0.025564868946562076	0.007179937543322031	0.06696708347925172	0.05398546557159231
3:Del:M:2	1.09069462993124e-06	0.010715372513784634	0.023948360366197127	0.0012477427603724796	0.009284359641008658	0.0037641817162059016	0.0016784923559043819	0.01852901877179344	0.017988408163273562
4:Del:M:1	5.82058334153146e-07	0.0006374592676849034	0.0046060086677896924	5.0044302355445325e-06	0.004462552077480098	0.013819684729135891	0.007490989257085327	0.05168487728228684	0.02215564231564713
4:Del:M:2	6.014601169113121e-07	0.0018706464195182922	0.007087771512778928	0.0003552398871126646	1.2169604228044287e-07	0.003005176248408266	0.0020499169198349896	0.0024519614296574827	0.013460531812173333
4:Del:M:3	5.841724023033142e-07	3.5421570996637304e-06	0.002786031237532782	0.0005162597868429467	2.5912211280380387e-07	0.0011439654911259349	0.0008864924576604001	0.004060481483247713	0.002441583701268731
5:Del:M:1	2.1501320851318474e-07	0.06381241625171621	0.016119140625492905	3.609153032376374e-06	1.3692893181982412e-06	6.397946946397842e-06	0.16430699305116528	0.06650418971669296	0.029409580779921878
5:Del:M:2	2.4964871604045886e-07	0.003896305166616069	0.035866051110691514	0.005950128859131354	2.3698172924468963e-05	0.009215490232725566	0.040400847510439535	0.019753999702605066	0.01218151921207588
5:Del:M:3	1.8293109478761948e-06	0.0020624860313185186	0.01110679475627651	1.0113247361687172e-05	7.388974670637557e-08	0.0022798207850290926	0.013952282186316249	0.004661868387923581	0.0009286615147175326
5:Del:M:4	5.374940973486749e-07	4.3703154691598914e-06	0.004193457164169227	6.177009233473049e-06	1.0188061878579902e-07	0.0019836474813266372	0.005048990995449761	0.00348831114956738	0.002748203221987448
5:Del:M:5	0.0001702918209720868	0.0002906655931721976	1.6119917918189232e-05	0.0006564314792721385	0.0005570992441164436	0.0030977415704664204	0.0011571833532192006	0.0032774879401586076	0.0015751437117918006
