MutationType	DBS78A	DBS78B	DBS78C	DBS78D	DBS78E	DBS78F	DBS78G	DBS78H	DBS78I	DBS78J	DBS78K	DBS78L	DBS78M	DBS78N
AC>CA	2.32E-03	4.41E-03	2.90E-03	3.57E-06	2.01E-03	1.45E-03	6.37E-03	3.64E-03	1.85E-03	2.89E-03	2.96E-03	3.69E-03	2.21E-06	5.04E-03
AC>CG	8.41E-07	2.35E-06	2.45E-06	3.07E-06	7.75E-07	1.39E-06	1.41E-06	1.90E-06	1.71E-06	1.33E-06	1.91E-06	2.62E-06	2.43E-06	2.26E-06
AC>CT	8.41E-07	2.35E-06	2.45E-06	3.07E-06	7.75E-07	1.39E-06	1.41E-06	1.90E-06	1.71E-06	1.33E-06	1.91E-06	2.62E-06	2.43E-06	2.26E-06
AC>GA	5.20E-03	6.79E-03	1.04E-02	3.57E-02	4.01E-06	3.50E-06	4.53E-03	1.07E-02	2.77E-03	1.10E-02	1.27E-02	3.61E-06	6.91E-03	4.07E-06
AC>GG	8.41E-07	2.35E-06	2.45E-06	3.07E-06	7.75E-07	1.39E-06	1.41E-06	1.90E-06	1.71E-06	1.33E-06	1.91E-06	2.62E-06	2.43E-06	2.26E-06
AC>GT	8.41E-07	2.35E-06	2.45E-06	3.07E-06	7.75E-07	1.39E-06	1.41E-06	1.90E-06	1.71E-06	1.33E-06	1.91E-06	2.62E-06	2.43E-06	2.26E-06
AC>TA	3.83E-03	1.66E-02	2.55E-02	1.21E-02	3.56E-06	3.99E-03	1.04E-02	1.45E-02	1.66E-02	7.64E-03	1.96E-03	1.10E-02	7.85E-03	6.07E-03
AC>TG	4.21E-06	9.07E-03	2.77E-03	7.67E-03	9.77E-04	3.54E-06	3.60E-06	4.15E-03	3.33E-06	3.80E-03	5.01E-03	5.54E-03	1.18E-02	3.57E-06
AC>TT	8.41E-07	2.35E-06	2.45E-06	3.07E-06	7.75E-07	1.39E-06	1.41E-06	1.90E-06	1.71E-06	1.33E-06	1.91E-06	2.62E-06	2.43E-06	2.26E-06
AT>CA	8.41E-07	2.35E-06	2.45E-06	3.07E-06	7.75E-07	1.39E-06	1.41E-06	1.90E-06	1.71E-06	1.33E-06	1.91E-06	2.62E-06	2.43E-06	2.26E-06
AT>CC	2.96E-03	3.31E-06	8.62E-03	3.80E-06	2.50E-06	1.93E-06	3.33E-03	3.73E-03	3.03E-06	4.49E-03	4.68E-03	2.82E-06	3.91E-03	2.77E-03
AT>CG	8.41E-07	2.35E-06	2.45E-06	3.07E-06	7.75E-07	1.39E-06	1.41E-06	1.90E-06	1.71E-06	1.33E-06	1.91E-06	2.62E-06	2.43E-06	2.26E-06
AT>GA	1.04E-03	3.32E-03	4.86E-03	7.12E-03	2.67E-03	1.45E-03	1.51E-03	4.68E-03	5.53E-03	2.40E-03	6.25E-03	3.33E-03	1.95E-03	4.49E-03
AT>GC	8.41E-07	2.35E-06	2.45E-06	3.07E-06	7.75E-07	1.39E-06	1.41E-06	1.90E-06	1.71E-06	1.33E-06	1.91E-06	2.62E-06	2.43E-06	2.26E-06
AT>TA	3.50E-03	6.04E-03	1.62E-02	1.35E-02	1.33E-03	3.43E-06	1.44E-03	1.43E-02	5.16E-03	5.12E-03	1.96E-03	7.74E-03	1.05E-02	2.07E-03
CC>AA	3.35E-06	4.11E-06	2.74E-06	5.12E-06	2.44E-02	2.26E-06	3.95E-06	3.38E-06	2.22E-06	3.05E-06	3.07E-06	3.04E-06	3.39E-06	3.19E-06
CC>AG	2.85E-06	4.22E-06	3.85E-06	4.05E-06	1.71E-02	2.65E-06	1.11E-02	6.64E-03	3.47E-06	4.78E-02	2.77E-06	3.48E-06	4.26E-06	3.31E-06
CC>AT	6.03E-03	3.90E-06	4.46E-02	3.96E-06	3.99E-06	2.86E-06	9.16E-03	1.37E-02	1.13E-02	7.66E-03	1.11E-02	7.55E-03	4.23E-06	1.97E-02
CC>GA	3.94E-06	3.26E-02	1.23E-02	1.83E-02	3.59E-03	3.17E-03	1.02E-02	1.68E-02	3.75E-06	3.46E-06	1.02E-02	1.68E-02	1.79E-02	1.84E-02
CC>GG	8.41E-07	2.35E-06	2.45E-06	3.07E-06	7.75E-07	1.39E-06	1.41E-06	1.90E-06	1.71E-06	1.33E-06	1.91E-06	2.62E-06	2.43E-06	2.26E-06
CC>GT	3.79E-06	3.36E-06	1.97E-02	2.08E-02	3.02E-03	3.69E-03	1.93E-02	5.24E-03	8.14E-03	6.69E-03	8.55E-03	1.27E-02	5.86E-03	1.55E-02
CC>TA	2.85E-03	4.73E-02	3.76E-06	5.17E-06	6.03E-03	1.16E-02	1.16E-02	1.38E-02	1.52E-02	1.43E-02	3.62E-06	4.09E-06	2.07E-02	1.04E-02
CC>TG	3.21E-03	9.32E-03	6.80E-03	1.18E-02	1.15E-03	2.95E-03	3.42E-06	4.75E-03	6.30E-03	2.89E-06	1.19E-02	2.37E-03	2.51E-06	1.44E-02
CC>TT	2.22E-06	3.92E-06	6.84E-06	5.53E-06	9.16E-03	1.11E-02	4.13E-06	4.06E-06	3.73E-02	2.47E-06	4.05E-06	2.56E-06	3.41E-06	3.42E-06
CG>AT	2.01E-03	3.69E-03	3.22E-03	4.88E-03	1.94E-03	1.66E-03	1.44E-03	3.64E-03	3.34E-03	1.58E-03	2.64E-03	6.39E-03	2.96E-03	2.55E-03
CG>GC	8.41E-07	2.35E-06	2.45E-06	3.07E-06	7.75E-07	1.39E-06	1.41E-06	1.90E-06	1.71E-06	1.33E-06	1.91E-06	2.62E-06	2.43E-06	2.26E-06
CG>GT	8.41E-07	2.35E-06	2.45E-06	3.07E-06	7.75E-07	1.39E-06	1.41E-06	1.90E-06	1.71E-06	1.33E-06	1.91E-06	2.62E-06	2.43E-06	2.26E-06
CG>TA	1.67E-06	5.92E-03	2.77E-03	4.96E-03	1.44E-03	2.70E-03	2.37E-03	3.19E-03	2.61E-03	5.59E-03	2.85E-06	4.58E-03	3.70E-03	2.76E-03
CG>TC	5.07E-03	4.26E-06	9.96E-03	4.13E-02	4.26E-03	3.05E-06	4.87E-06	9.04E-03	9.44E-03	7.65E-03	4.11E-06	1.25E-02	1.12E-02	7.41E-03
CG>TT	2.31E-03	1.09E-02	7.38E-03	1.66E-02	2.89E-03	2.34E-03	3.02E-03	8.51E-03	4.19E-06	1.53E-02	7.08E-03	1.33E-02	4.43E-03	4.29E-06
CT>AA	8.41E-07	2.35E-06	2.45E-06	3.07E-06	7.75E-07	1.39E-06	1.41E-06	1.90E-06	1.71E-06	1.33E-06	1.91E-06	2.62E-06	2.43E-06	2.26E-06
CT>AC	1.38E-03	4.41E-03	2.56E-03	6.29E-03	2.56E-03	2.28E-06	2.21E-03	2.77E-03	6.29E-03	3.05E-03	2.93E-06	4.32E-03	5.53E-03	4.68E-03
CT>AG	3.98E-06	2.19E-02	1.35E-02	6.03E-03	3.27E-06	6.85E-03	3.50E-03	4.44E-02	7.32E-03	1.58E-03	6.93E-03	8.51E-03	5.53E-03	8.26E-03
CT>GA	2.93E-06	5.22E-03	1.27E-02	6.54E-03	1.90E-03	3.09E-06	4.49E-03	1.09E-02	6.11E-03	6.68E-03	3.19E-06	1.21E-02	2.37E-03	1.72E-02
CT>GC	8.41E-07	2.35E-06	2.45E-06	3.07E-06	7.75E-07	1.39E-06	1.41E-06	1.90E-06	1.71E-06	1.33E-06	1.91E-06	2.62E-06	2.43E-06	2.26E-06
CT>GG	3.32E-03	9.70E-03	1.72E-02	1.32E-02	3.26E-06	7.58E-03	8.18E-03	1.21E-02	4.98E-03	9.89E-03	4.99E-03	1.32E-02	1.04E-02	4.74E-03
CT>TA	4.88E-03	1.54E-02	2.50E-02	4.50E-06	7.16E-03	4.74E-03	4.53E-06	1.53E-02	5.23E-03	4.92E-03	1.22E-02	2.39E-02	1.71E-02	4.33E-06
CT>TC	1.04E-03	5.09E-03	5.04E-03	6.20E-03	2.06E-03	1.88E-03	3.64E-03	1.66E-03	2.36E-06	2.61E-03	2.90E-03	2.96E-06	1.84E-03	5.87E-03
CT>TG	3.30E-06	1.09E-02	1.47E-02	4.52E-02	6.59E-03	6.64E-03	8.79E-03	1.44E-02	9.88E-03	2.83E-06	1.21E-02	2.60E-02	9.88E-03	3.65E-06
GC>AA	1.82E-02	3.63E-06	3.79E-06	5.48E-06	3.39E-06	2.09E-06	3.19E-06	3.90E-06	3.22E-06	3.87E-06	3.34E-06	2.91E-06	4.07E-06	3.34E-06
GC>AG	4.43E-03	2.45E-02	1.61E-02	1.66E-02	4.74E-03	5.25E-03	7.37E-03	1.47E-02	4.98E-03	5.11E-03	2.72E-02	6.04E-03	8.30E-03	9.48E-03
GC>AT	5.86E-03	3.60E-06	3.07E-06	5.18E-06	3.60E-06	6.23E-03	4.53E-06	3.39E-06	4.53E-06	3.19E-06	3.04E-06	4.71E-06	1.22E-02	3.93E-02
GC>CA	5.11E-03	2.18E-02	1.08E-02	6.24E-03	1.33E-03	5.93E-03	6.15E-06	1.56E-02	1.10E-02	9.49E-03	1.74E-02	3.24E-06	8.33E-03	9.05E-03
GC>CG	8.41E-07	2.35E-06	2.45E-06	3.07E-06	7.75E-07	1.39E-06	1.41E-06	1.90E-06	1.71E-06	1.33E-06	1.91E-06	2.62E-06	2.43E-06	2.26E-06
GC>TA	2.08E-03	7.39E-03	1.08E-02	6.03E-03	2.26E-03	3.32E-03	3.66E-06	6.39E-03	6.10E-03	3.36E-06	1.91E-02	8.90E-03	8.31E-03	9.30E-03
TA>AT	9.77E-06	2.37E-02	7.17E-03	1.68E-02	4.09E-06	7.43E-03	3.49E-03	5.94E-03	1.20E-02	8.30E-03	6.03E-03	1.76E-02	6.65E-03	1.86E-02
TA>CG	8.41E-07	2.35E-06	2.45E-06	3.07E-06	7.75E-07	1.39E-06	1.41E-06	1.90E-06	1.71E-06	1.33E-06	1.91E-06	2.62E-06	2.43E-06	2.26E-06
TA>CT	4.15E-03	1.68E-02	3.14E-06	1.26E-02	4.15E-03	6.64E-03	8.28E-03	1.70E-02	3.24E-06	1.00E-02	3.02E-03	5.53E-03	2.45E-02	7.06E-03
TA>GC	8.41E-07	2.35E-06	2.45E-06	3.07E-06	7.75E-07	1.39E-06	1.41E-06	1.90E-06	1.71E-06	1.33E-06	1.91E-06	2.62E-06	2.43E-06	2.26E-06
TA>GG	8.41E-07	2.35E-06	2.45E-06	3.07E-06	7.75E-07	1.39E-06	1.41E-06	1.90E-06	1.71E-06	1.33E-06	1.91E-06	2.62E-06	2.43E-06	2.26E-06
TA>GT	8.41E-07	2.35E-06	2.45E-06	3.07E-06	7.75E-07	1.39E-06	1.41E-06	1.90E-06	1.71E-06	1.33E-06	1.91E-06	2.62E-06	2.43E-06	2.26E-06
TC>AA	8.69E-03	3.15E-06	3.12E-06	5.27E-06	3.29E-06	2.27E-06	4.29E-02	4.29E-06	1.53E-02	3.15E-06	2.18E-06	3.09E-06	4.31E-06	1.11E-02
TC>AG	2.81E-06	4.75E-06	2.79E-06	4.81E-06	3.33E-06	1.51E-02	4.92E-06	3.40E-06	1.01E-02	1.07E-02	4.63E-02	2.43E-06	3.62E-06	3.84E-06
TC>AT	2.51E-06	4.74E-06	3.08E-06	4.56E-06	2.95E-06	2.48E-02	4.10E-06	3.77E-06	4.05E-06	4.15E-06	4.03E-06	2.98E-06	3.36E-06	3.72E-06
TC>CA	7.42E-06	6.65E-03	8.99E-03	8.30E-03	5.49E-03	3.49E-06	3.69E-03	5.53E-03	4.18E-06	1.66E-02	5.29E-03	3.64E-02	3.90E-03	1.57E-02
TC>CG	4.28E-03	1.48E-02	1.28E-02	2.03E-02	1.43E-03	5.78E-03	6.99E-03	1.16E-02	7.57E-03	3.29E-06	4.43E-03	1.66E-02	3.30E-02	3.70E-06
TC>CT	3.23E-06	4.43E-06	6.01E-06	5.12E-06	4.01E-06	3.02E-06	1.36E-02	4.13E-02	1.44E-02	8.67E-03	1.11E-02	1.18E-02	6.22E-03	3.75E-06
TC>GA	6.64E-03	4.90E-06	4.01E-06	3.58E-06	7.50E-03	2.82E-06	1.77E-02	3.24E-06	1.02E-02	8.94E-03	2.94E-06	6.42E-06	5.10E-02	3.76E-06
TC>GG	2.08E-03	5.97E-03	7.31E-03	1.20E-02	4.30E-03	3.17E-06	4.42E-03	7.86E-03	8.46E-03	6.00E-03	6.79E-03	7.37E-03	3.49E-03	7.23E-03
TC>GT	2.29E-03	1.65E-02	8.52E-03	1.64E-02	3.02E-03	1.11E-02	1.53E-02	1.31E-02	5.47E-03	4.43E-03	1.04E-02	1.58E-02	4.04E-06	5.11E-03
TG>AA	4.86E-03	3.02E-02	1.45E-02	2.32E-02	7.95E-03	3.50E-06	1.75E-03	2.67E-03	2.77E-03	6.65E-03	1.47E-02	2.68E-02	1.65E-02	6.17E-03
TG>AC	8.41E-07	2.35E-06	2.45E-06	3.07E-06	7.75E-07	1.39E-06	1.41E-06	1.90E-06	1.71E-06	1.33E-06	1.91E-06	2.62E-06	2.43E-06	2.26E-06
TG>AT	3.33E-06	1.11E-02	1.38E-02	4.94E-06	5.86E-03	3.07E-06	1.26E-02	2.97E-06	3.92E-06	8.61E-03	1.40E-02	4.14E-02	8.73E-03	2.78E-03
TG>CA	1.56E-03	4.12E-03	5.43E-03	3.68E-03	1.51E-03	1.89E-03	2.72E-03	3.60E-03	2.79E-03	5.20E-03	3.66E-03	2.64E-03	2.40E-06	4.13E-03
TG>CC	2.06E-06	4.43E-03	6.47E-03	3.78E-06	3.78E-03	2.32E-06	1.86E-05	6.83E-03	2.96E-06	5.29E-03	2.88E-06	7.87E-03	9.97E-03	2.77E-03
TG>CT	2.62E-03	3.79E-06	3.16E-02	5.11E-06	4.14E-03	6.04E-03	1.05E-02	2.82E-02	4.02E-06	7.79E-03	5.39E-03	1.50E-02	6.50E-03	1.75E-02
TG>GA	2.58E-06	3.57E-06	3.50E-03	1.21E-02	2.84E-06	2.06E-03	4.77E-03	4.43E-03	3.95E-03	2.49E-06	3.18E-06	3.31E-06	5.31E-03	3.87E-03
TG>GC	8.41E-07	2.35E-06	2.45E-06	3.07E-06	7.75E-07	1.39E-06	1.41E-06	1.90E-06	1.71E-06	1.33E-06	1.91E-06	2.62E-06	2.43E-06	2.26E-06
TG>GT	1.46E-03	1.05E-02	9.37E-03	6.79E-03	4.95E-03	3.32E-03	3.26E-03	7.44E-03	6.37E-03	8.36E-03	7.02E-03	1.09E-02	9.87E-03	3.34E-06
TT>AA	8.41E-07	2.35E-06	2.45E-06	3.07E-06	7.75E-07	1.39E-06	1.41E-06	1.90E-06	1.71E-06	1.33E-06	1.91E-06	2.62E-06	2.43E-06	2.26E-06
TT>AC	2.21E-03	1.15E-02	2.08E-03	7.07E-03	9.77E-04	2.95E-03	1.51E-03	1.18E-02	2.77E-03	2.67E-06	9.92E-03	1.08E-02	6.64E-03	3.06E-06
TT>AG	1.83E-03	3.69E-03	2.92E-06	5.61E-03	2.09E-03	1.87E-03	2.20E-03	4.39E-03	4.61E-03	4.95E-03	5.30E-03	3.43E-06	3.02E-03	3.96E-03
TT>CA	8.41E-07	2.35E-06	2.45E-06	3.07E-06	7.75E-07	1.39E-06	1.41E-06	1.90E-06	1.71E-06	1.33E-06	1.91E-06	2.62E-06	2.43E-06	2.26E-06
TT>CC	8.41E-07	2.35E-06	2.45E-06	3.07E-06	7.75E-07	1.39E-06	1.41E-06	1.90E-06	1.71E-06	1.33E-06	1.91E-06	2.62E-06	2.43E-06	2.26E-06
TT>CG	8.41E-07	2.35E-06	2.45E-06	3.07E-06	7.75E-07	1.39E-06	1.41E-06	1.90E-06	1.71E-06	1.33E-06	1.91E-06	2.62E-06	2.43E-06	2.26E-06
TT>GA	1.95E-03	2.32E-06	1.95E-03	4.75E-03	2.38E-03	2.28E-06	4.97E-03	4.60E-03	2.77E-03	4.73E-03	6.62E-03	3.20E-06	3.68E-03	3.02E-03
TT>GC	8.41E-07	2.35E-06	2.45E-06	3.07E-06	7.75E-07	1.39E-06	1.41E-06	1.90E-06	1.71E-06	1.33E-06	1.91E-06	2.62E-06	2.43E-06	2.26E-06
TT>GG	1.49E-03	2.32E-06	3.43E-03	6.36E-03	2.74E-03	1.38E-03	5.32E-03	3.78E-03	5.88E-03	1.92E-06	2.70E-06	3.22E-06	3.63E-03	4.68E-03
