MutationType	SBS96A	SBS96B	SBS96C	SBS96D	SBS96E	SBS96F	SBS96G	SBS96H	SBS96I	SBS96J	SBS96K	SBS96L	SBS96M
A[C>A]A	1.38E-04	3.11E-04	6.31E-03	2.52E-03	3.45E-07	1.32E-04	4.88E-03	4.20E-03	4.22E-07	9.96E-04	6.05E-03	8.18E-03	8.85E-03
A[C>A]C	7.66E-05	4.67E-05	7.03E-03	3.37E-03	2.22E-03	2.26E-04	3.92E-03	6.53E-03	1.15E-03	9.20E-03	5.03E-03	1.04E-02	7.14E-03
A[C>A]G	7.23E-06	6.23E-04	1.45E-03	1.38E-03	4.26E-04	2.90E-04	1.62E-03	6.08E-04	5.71E-04	5.82E-04	1.70E-03	3.33E-03	1.99E-03
A[C>A]T	2.25E-05	3.27E-06	2.03E-03	1.68E-03	4.30E-04	5.29E-04	3.65E-03	4.78E-03	1.66E-03	1.36E-03	1.75E-03	3.65E-03	5.47E-03
A[C>G]A	7.44E-07	1.38E-03	1.43E-03	3.85E-03	1.63E-07	7.67E-05	5.03E-03	1.14E-03	7.40E-04	1.18E-03	4.68E-03	1.46E-03	3.56E-03
A[C>G]C	2.72E-04	1.10E-03	4.04E-03	2.00E-03	2.61E-04	2.09E-04	4.13E-03	1.37E-03	1.30E-03	1.71E-04	3.21E-03	3.96E-03	3.64E-03
A[C>G]G	1.53E-05	9.45E-05	3.40E-03	8.63E-04	4.58E-08	1.34E-04	3.51E-03	1.91E-03	2.16E-04	1.00E-03	1.23E-03	5.43E-04	2.05E-03
A[C>G]T	1.43E-04	5.82E-04	3.57E-03	2.22E-03	5.38E-08	1.20E-04	4.94E-03	2.91E-03	5.43E-07	1.61E-04	4.80E-03	4.22E-03	2.49E-03
A[C>T]A	6.16E-04	3.12E-04	2.88E-03	3.64E-03	3.02E-03	7.12E-04	3.93E-03	3.95E-03	9.12E-03	6.67E-03	9.60E-03	4.38E-03	2.30E-03
A[C>T]C	6.39E-05	8.05E-04	1.22E-03	3.17E-03	2.86E-03	1.11E-03	2.87E-03	5.47E-03	5.76E-03	7.08E-03	2.49E-03	8.80E-03	3.38E-03
A[C>T]G	4.14E-04	1.50E-03	2.27E-03	1.62E-03	2.56E-02	1.66E-03	8.74E-04	4.58E-02	1.91E-02	1.24E-02	4.48E-03	1.37E-03	2.59E-03
A[C>T]T	2.24E-04	4.38E-05	2.20E-03	1.18E-03	1.41E-03	1.01E-03	3.98E-03	1.86E-03	6.87E-03	3.83E-03	5.82E-03	5.33E-03	2.89E-03
A[T>A]A	5.35E-09	1.16E-04	2.40E-03	2.44E-03	1.79E-03	8.02E-04	7.20E-04	2.49E-03	2.27E-07	1.70E-03	2.03E-03	2.31E-03	1.92E-03
A[T>A]C	2.63E-05	7.91E-05	2.48E-04	1.94E-03	1.49E-03	5.17E-04	1.07E-03	5.19E-03	3.09E-03	2.59E-03	4.40E-03	2.21E-03	2.67E-03
A[T>A]G	8.31E-05	1.02E-05	2.16E-05	3.11E-03	2.02E-03	5.36E-04	1.50E-03	5.95E-03	2.38E-03	2.31E-03	1.53E-03	5.23E-03	3.48E-03
A[T>A]T	3.29E-05	2.20E-05	1.94E-03	3.03E-03	7.69E-04	1.85E-03	1.21E-03	2.98E-03	1.83E-03	1.25E-03	1.54E-03	2.27E-03	3.05E-03
A[T>C]A	1.20E-06	2.40E-05	3.00E-03	7.60E-03	1.79E-03	3.36E-03	1.51E-03	7.69E-03	1.58E-03	2.58E-03	4.85E-03	3.33E-03	4.02E-03
A[T>C]C	6.82E-05	1.48E-04	3.78E-03	1.01E-03	7.93E-04	4.26E-03	1.19E-03	1.98E-03	1.90E-03	2.95E-03	2.70E-03	3.90E-03	3.35E-03
A[T>C]G	8.75E-09	1.01E-06	1.78E-03	8.63E-03	3.31E-03	3.82E-03	1.14E-03	7.69E-03	8.96E-03	5.35E-03	2.87E-03	6.88E-03	3.15E-03
A[T>C]T	7.04E-05	9.38E-05	1.42E-03	4.15E-03	1.80E-03	1.23E-03	2.23E-03	1.06E-02	5.70E-03	6.04E-03	5.38E-03	5.60E-03	1.87E-03
A[T>G]A	1.98E-05	4.68E-04	6.88E-04	1.47E-03	7.47E-05	1.53E-04	7.46E-04	9.31E-04	5.05E-04	3.33E-04	3.99E-04	1.72E-03	1.66E-03
A[T>G]C	4.67E-47	2.70E-04	3.78E-04	6.27E-04	8.00E-04	1.45E-04	7.84E-04	8.42E-04	5.99E-04	3.42E-04	1.60E-03	1.14E-03	9.60E-04
A[T>G]G	3.40E-05	1.12E-03	1.50E-03	6.23E-04	3.29E-04	6.67E-05	1.92E-03	4.01E-04	4.62E-04	4.29E-04	1.53E-03	1.24E-03	2.36E-03
A[T>G]T	9.02E-06	3.20E-05	1.56E-03	1.75E-03	1.77E-04	3.36E-04	1.27E-03	2.25E-03	4.01E-04	3.40E-04	1.66E-03	1.85E-03	1.57E-03
C[C>A]A	1.24E-04	2.18E-04	3.94E-03	3.50E-03	8.44E-07	7.16E-04	6.34E-03	2.14E-03	5.80E-04	2.54E-03	3.09E-03	4.27E-03	6.21E-03
C[C>A]C	6.82E-05	9.40E-05	1.45E-03	1.26E-03	6.31E-04	1.72E-03	4.67E-03	3.20E-03	1.36E-04	4.04E-03	1.91E-03	3.10E-03	4.56E-03
C[C>A]G	2.51E-07	3.06E-04	3.12E-03	2.04E-03	1.19E-04	6.60E-04	3.02E-03	2.03E-03	3.36E-04	1.60E-03	1.52E-03	3.47E-03	2.51E-03
C[C>A]T	9.77E-05	3.27E-04	2.86E-03	6.13E-03	4.85E-04	5.31E-03	1.57E-03	4.52E-03	3.13E-04	8.63E-03	9.94E-04	1.64E-03	3.38E-03
C[C>G]A	7.18E-05	1.60E-03	3.05E-03	1.23E-03	1.34E-07	1.15E-04	4.72E-03	1.28E-03	5.01E-04	9.43E-04	3.05E-03	3.25E-03	4.23E-03
C[C>G]C	1.27E-04	1.65E-04	3.78E-03	2.64E-03	1.57E-07	0.00E+00	6.13E-03	2.52E-03	1.76E-03	1.30E-07	3.79E-03	5.59E-03	2.26E-03
C[C>G]G	1.40E-07	3.78E-04	4.78E-03	1.43E-03	1.25E-03	2.42E-06	4.43E-03	2.57E-03	9.75E-05	3.30E-03	3.11E-03	5.82E-03	2.96E-03
C[C>G]T	3.96E-04	2.73E-03	2.44E-03	2.34E-03	9.64E-08	1.67E-05	5.33E-03	2.17E-03	3.50E-04	1.41E-03	1.73E-03	1.15E-03	1.25E-03
C[C>T]A	1.74E-03	1.40E-03	1.12E-02	4.92E-03	5.17E-03	3.30E-04	3.94E-03	5.31E-03	2.05E-02	7.36E-03	1.01E-02	1.04E-02	4.43E-03
C[C>T]C	5.28E-04	4.66E-04	4.33E-03	8.62E-03	3.31E-03	6.25E-04	1.78E-03	1.11E-02	3.59E-03	1.15E-02	5.32E-03	9.16E-03	2.99E-03
C[C>T]G	1.36E-03	1.61E-03	2.77E-03	3.90E-03	1.57E-02	1.42E-03	3.41E-03	1.02E-02	1.32E-02	1.02E-02	1.28E-02	9.37E-03	4.27E-03
C[C>T]T	9.74E-04	3.68E-04	4.99E-03	3.79E-03	4.42E-03	6.88E-04	4.19E-03	6.32E-03	3.87E-03	5.88E-03	7.02E-03	1.09E-02	3.85E-03
C[T>A]A	4.55E-05	6.88E-05	1.89E-03	7.26E-04	7.95E-05	6.72E-04	1.00E-03	7.99E-07	1.81E-04	4.22E-04	6.30E-04	1.70E-03	1.19E-03
C[T>A]C	6.06E-09	9.67E-05	2.54E-03	2.93E-03	4.88E-07	5.57E-04	4.04E-03	2.31E-03	7.73E-04	1.38E-03	2.56E-03	3.12E-03	1.89E-03
C[T>A]G	7.28E-05	6.71E-04	2.77E-03	4.48E-03	8.18E-04	4.38E-04	5.09E-03	2.92E-03	2.01E-03	2.04E-03	2.15E-03	3.49E-03	4.58E-03
C[T>A]T	3.20E-05	5.41E-06	3.50E-03	1.91E-03	2.35E-05	4.25E-04	3.48E-03	2.51E-03	1.57E-06	1.69E-04	2.83E-03	3.07E-03	3.14E-03
C[T>C]A	1.25E-05	3.92E-05	1.34E-03	2.12E-03	2.90E-04	3.13E-03	6.55E-04	5.30E-07	9.81E-04	2.22E-03	1.30E-03	1.08E-03	6.34E-04
C[T>C]C	8.22E-05	2.54E-05	2.65E-03	5.53E-03	4.63E-04	3.20E-03	2.30E-03	1.41E-03	4.14E-03	4.60E-04	3.86E-03	3.06E-03	3.07E-03
C[T>C]G	4.23E-08	4.40E-05	4.73E-03	7.27E-03	3.69E-07	8.47E-03	1.54E-03	1.18E-06	9.64E-07	8.45E-03	3.45E-04	1.64E-03	8.29E-04
C[T>C]T	8.47E-08	1.14E-04	2.45E-03	3.93E-03	9.39E-04	4.95E-03	2.86E-03	4.93E-03	4.62E-03	3.23E-03	2.55E-03	2.47E-03	2.48E-03
C[T>G]A	3.33E-06	6.41E-06	5.61E-04	1.07E-03	1.00E-04	4.31E-05	1.16E-03	1.29E-03	7.01E-04	4.91E-04	6.15E-04	1.06E-03	1.16E-03
C[T>G]C	1.88E-05	3.14E-05	2.50E-03	1.77E-03	1.05E-03	1.12E-03	1.06E-03	2.07E-03	5.59E-04	9.95E-04	1.57E-03	2.29E-03	6.54E-04
C[T>G]G	4.67E-47	6.68E-08	3.06E-03	1.10E-03	2.26E-05	9.54E-04	3.97E-03	2.13E-03	4.71E-04	1.70E-03	2.46E-03	1.91E-03	3.09E-03
C[T>G]T	1.97E-09	1.24E-03	2.59E-03	4.68E-03	7.65E-04	9.36E-04	3.33E-03	2.68E-03	6.62E-04	1.09E-03	2.56E-03	4.93E-03	3.98E-03
G[C>A]A	3.16E-07	1.28E-04	5.68E-04	3.27E-04	3.69E-03	8.65E-05	4.48E-03	7.78E-03	1.81E-03	9.56E-07	4.98E-03	1.19E-02	8.21E-03
G[C>A]C	1.15E-46	2.16E-04	5.90E-03	1.92E-03	4.80E-04	3.53E-04	4.46E-03	4.66E-03	2.64E-04	4.72E-03	5.03E-03	5.19E-03	3.82E-03
G[C>A]G	5.67E-05	4.55E-07	1.88E-03	8.39E-04	2.60E-03	1.11E-04	1.29E-03	1.43E-03	1.37E-03	1.22E-03	2.45E-03	2.99E-03	2.18E-03
G[C>A]T	3.65E-05	1.48E-04	2.35E-03	4.66E-03	7.24E-04	4.11E-04	4.46E-03	3.04E-03	2.07E-04	3.19E-03	1.68E-03	6.79E-03	8.28E-03
G[C>G]A	1.67E-04	2.70E-04	1.80E-03	5.67E-04	8.00E-08	9.81E-05	3.70E-03	2.35E-03	1.98E-06	2.32E-04	3.02E-03	3.21E-03	1.23E-03
G[C>G]C	1.05E-04	1.17E-04	2.78E-03	2.98E-03	3.86E-04	7.39E-04	3.02E-03	1.77E-03	6.24E-04	1.68E-03	4.85E-03	3.84E-03	2.24E-03
G[C>G]G	5.51E-05	6.74E-04	1.37E-03	8.99E-04	2.68E-05	8.70E-06	1.98E-03	1.33E-03	1.08E-03	7.39E-04	1.28E-03	1.59E-03	1.22E-03
G[C>G]T	2.84E-04	2.58E-04	3.52E-03	1.24E-03	8.80E-04	9.56E-05	4.91E-03	1.41E-03	7.03E-04	1.07E-03	3.47E-03	4.34E-03	2.63E-03
G[C>T]A	6.31E-04	1.49E-03	1.62E-03	3.60E-03	3.18E-03	3.66E-03	2.81E-03	7.74E-03	3.08E-03	1.25E-02	6.74E-03	5.16E-03	3.41E-03
G[C>T]C	4.53E-04	3.59E-04	1.58E-03	2.72E-03	2.96E-03	5.57E-03	9.14E-04	6.78E-03	2.35E-03	1.74E-02	5.33E-03	3.02E-03	2.87E-03
G[C>T]G	4.07E-04	4.61E-04	4.86E-03	2.73E-03	2.04E-02	5.50E-03	2.00E-03	5.01E-03	1.10E-02	1.95E-02	5.17E-03	4.01E-03	3.24E-03
G[C>T]T	5.03E-04	4.26E-04	4.61E-04	2.18E-03	2.49E-03	3.58E-03	1.59E-03	9.35E-03	5.62E-03	1.26E-02	3.00E-03	4.56E-03	2.81E-03
G[T>A]A	8.15E-05	5.21E-05	1.51E-03	3.31E-04	1.46E-04	5.05E-04	1.39E-03	4.17E-04	5.98E-04	7.91E-04	1.13E-03	1.52E-03	7.09E-04
G[T>A]C	1.20E-04	9.70E-04	1.70E-03	2.49E-03	8.55E-05	4.21E-04	1.95E-03	1.35E-03	1.55E-03	1.23E-03	1.32E-03	2.44E-03	1.68E-03
G[T>A]G	3.12E-06	5.69E-08	3.68E-03	1.28E-03	1.42E-07	6.08E-04	1.82E-03	1.07E-04	1.49E-03	3.02E-04	2.08E-03	3.46E-03	1.11E-03
G[T>A]T	2.73E-09	3.34E-05	1.05E-03	1.05E-03	1.77E-04	2.60E-04	1.76E-03	1.12E-03	3.84E-07	1.21E-03	1.13E-03	2.79E-03	1.59E-03
G[T>C]A	3.57E-06	6.00E-05	6.22E-06	7.23E-05	4.10E-07	3.89E-03	2.02E-07	2.46E-06	2.89E-06	9.94E-04	7.46E-07	4.77E-07	3.48E-07
G[T>C]C	1.29E-05	1.48E-05	1.44E-03	3.98E-04	3.79E-05	2.80E-03	1.14E-03	1.67E-03	1.01E-04	3.60E-03	1.74E-03	2.14E-03	1.79E-03
G[T>C]G	3.11E-05	4.96E-05	3.43E-03	7.94E-05	3.50E-07	4.95E-03	2.58E-04	3.18E-04	1.30E-03	5.37E-03	4.33E-04	7.72E-04	3.63E-05
G[T>C]T	2.22E-05	1.38E-03	2.58E-03	5.45E-04	2.48E-03	5.16E-03	3.03E-04	1.58E-03	1.42E-03	1.67E-03	3.35E-03	2.01E-03	1.68E-03
G[T>G]A	1.34E-09	5.73E-05	1.10E-03	3.07E-04	4.02E-07	2.28E-04	1.34E-03	9.67E-04	5.26E-04	5.64E-04	1.03E-03	1.20E-03	1.05E-03
G[T>G]C	0.00E+00	3.35E-07	7.99E-04	1.34E-03	3.77E-04	2.16E-04	1.12E-03	1.05E-03	1.53E-03	7.55E-04	1.22E-03	9.74E-04	1.30E-03
G[T>G]G	4.67E-47	3.21E-06	1.80E-03	7.04E-04	2.47E-04	3.05E-04	2.58E-03	1.84E-03	6.74E-05	5.00E-04	1.63E-03	2.77E-03	2.11E-03
G[T>G]T	4.67E-47	6.44E-04	2.46E-03	1.10E-03	3.18E-04	8.20E-04	6.92E-04	1.20E-03	1.54E-03	4.53E-04	9.15E-04	2.46E-03	1.68E-03
T[C>A]A	3.27E-03	6.83E-03	9.86E-03	1.16E-02	2.22E-04	9.11E-05	3.53E-07	3.38E-03	7.19E-03	1.43E-03	2.43E-03	4.51E-03	2.44E-02
T[C>A]C	2.26E-03	2.91E-03	4.35E-03	1.02E-02	7.55E-04	2.66E-04	5.66E-03	2.23E-03	1.13E-02	1.58E-03	8.35E-03	6.04E-03	1.39E-02
T[C>A]G	1.29E-03	2.98E-04	5.85E-03	9.66E-04	6.97E-04	1.55E-07	9.57E-04	1.10E-03	4.05E-03	2.00E-03	3.80E-03	3.31E-03	4.22E-03
T[C>A]T	1.95E-03	3.87E-03	9.09E-03	5.73E-03	1.72E-06	4.78E-04	3.47E-03	2.00E-03	2.86E-03	4.95E-03	6.63E-03	4.10E-03	1.60E-02
T[C>G]A	7.31E-04	3.07E-02	6.21E-02	7.16E-04	1.65E-07	4.62E-07	4.74E-07	2.63E-07	6.03E-07	2.92E-07	2.07E-03	3.39E-07	5.29E-07
T[C>G]C	1.16E-03	9.63E-03	1.63E-02	2.75E-03	1.68E-07	3.07E-08	4.36E-03	8.72E-04	2.37E-03	2.20E-07	2.41E-03	3.05E-03	1.43E-02
T[C>G]G	1.05E-06	3.45E-03	6.52E-03	2.96E-04	3.19E-07	1.15E-04	1.71E-03	1.26E-03	1.76E-03	2.54E-04	1.55E-03	1.32E-03	8.56E-04
T[C>G]T	4.44E-03	3.37E-02	1.05E-02	3.45E-03	2.24E-07	1.42E-04	9.83E-04	5.50E-07	8.88E-04	1.68E-04	4.08E-07	2.78E-04	2.57E-03
T[C>T]A	3.30E-02	1.01E-02	4.74E-03	1.66E-03	4.37E-07	3.21E-04	1.09E-06	4.03E-05	6.32E-04	2.04E-04	1.34E-04	1.83E-07	6.60E-04
T[C>T]C	1.26E-02	1.67E-03	3.99E-03	2.03E-02	2.97E-03	1.15E-04	1.87E-03	2.78E-03	1.28E-02	2.58E-03	4.76E-02	6.16E-04	2.77E-03
T[C>T]G	8.40E-03	1.09E-06	5.81E-03	2.39E-02	9.59E-03	6.68E-04	3.56E-08	9.29E-03	5.98E-02	7.42E-04	1.01E-02	5.74E-04	4.73E-07
T[C>T]T	2.59E-02	1.11E-03	9.98E-04	5.69E-02	3.08E-03	4.39E-05	1.12E-03	1.60E-03	2.24E-03	7.71E-05	1.20E-02	1.83E-03	6.98E-07
T[T>A]A	5.07E-06	5.82E-05	8.30E-04	2.19E-03	1.49E-03	3.09E-04	1.51E-03	3.78E-03	1.60E-04	2.15E-03	1.87E-03	2.52E-03	2.86E-03
T[T>A]C	4.29E-05	4.10E-05	1.26E-03	3.30E-04	3.87E-04	6.85E-04	1.32E-03	2.48E-03	1.25E-03	3.38E-04	2.12E-03	1.87E-03	2.90E-03
T[T>A]G	1.41E-05	2.25E-07	1.29E-03	7.25E-04	2.74E-04	6.41E-04	1.49E-03	3.21E-04	8.81E-04	6.73E-04	1.17E-03	2.04E-03	1.40E-03
T[T>A]T	3.77E-06	2.84E-05	2.78E-03	2.95E-03	7.03E-04	3.94E-04	1.16E-03	3.63E-03	7.63E-04	6.69E-04	2.83E-03	2.66E-03	2.42E-03
T[T>C]A	2.54E-05	8.73E-05	1.75E-03	1.03E-03	2.73E-04	2.26E-03	1.06E-03	2.89E-03	9.72E-04	2.53E-03	8.07E-04	2.47E-03	7.38E-04
T[T>C]C	3.61E-05	1.60E-03	3.86E-03	3.69E-03	6.22E-04	3.63E-03	1.53E-03	3.90E-03	7.34E-04	4.45E-03	3.14E-03	2.19E-03	2.95E-03
T[T>C]G	9.04E-05	9.79E-05	1.53E-03	3.01E-04	4.87E-04	2.63E-03	8.00E-04	2.66E-03	6.76E-05	3.86E-03	7.48E-04	6.99E-04	2.15E-03
T[T>C]T	3.38E-08	1.21E-05	8.75E-04	4.14E-03	4.24E-04	1.20E-03	1.14E-03	3.77E-03	2.11E-03	3.59E-03	2.82E-03	2.96E-03	2.77E-03
T[T>G]A	4.02E-07	2.41E-04	1.88E-03	1.59E-03	3.60E-07	7.57E-05	9.44E-04	1.01E-03	2.35E-04	4.76E-04	1.54E-03	1.47E-03	1.57E-03
T[T>G]C	3.97E-05	9.33E-04	8.60E-04	1.80E-03	9.69E-04	2.44E-04	1.20E-03	1.83E-03	6.13E-04	1.09E-03	1.24E-03	1.35E-03	1.75E-03
T[T>G]G	7.75E-05	8.47E-05	2.53E-03	1.68E-03	2.83E-04	2.37E-04	1.05E-03	2.01E-03	4.42E-04	3.67E-04	1.73E-03	1.64E-03	1.73E-03
T[T>G]T	8.17E-07	6.44E-05	3.58E-03	2.94E-03	1.85E-04	3.40E-04	1.88E-03	1.62E-03	4.21E-04	1.09E-03	2.61E-03	2.01E-03	3.61E-03
