MutationType	DBS78A	DBS78B	DBS78C	DBS78D	DBS78E	DBS78F	DBS78G
AC>CA	0.008681150449895843	0.005976795956788313	0.005208006556252561	0.0054421234263524335	0.0007457321014953777	0.0035547816216421778	0.0031770228884852258
AC>CG	7.111565052279427e-05	7.062032479249562e-05	7.009175363540029e-05	7.472661454812623e-05	6.48846521168404e-05	7.240799216864009e-05	7.335614754993003e-05
AC>CT	7.111565052279427e-05	7.062032479249562e-05	7.009175363540029e-05	7.472661454812623e-05	6.48846521168404e-05	7.240799216864009e-05	7.335614754993003e-05
AC>GA	0.026846939893979047	0.018283469949195327	0.012392367209182945	0.009250845504599663	0.006819483448028526	0.003839849687938113	0.013986046308006431
AC>GG	7.111565052279427e-05	7.062032479249562e-05	7.009175363540029e-05	7.472661454812623e-05	6.48846521168404e-05	7.240799216864009e-05	7.335614754993003e-05
AC>GT	7.111565052279427e-05	7.062032479249562e-05	7.009175363540029e-05	7.472661454812623e-05	6.48846521168404e-05	7.240799216864009e-05	7.335614754993003e-05
AC>TA	0.00462476647441387	0.012812381160195703	0.022284209617343245	0.008072010114180255	0.011283025889315467	0.010504562985715893	0.02581178369631137
AC>TG	0.001013146598052117	0.008468745580345664	0.0050453876773341715	0.0007908604717764925	0.0006864966060675215	0.0032646906391164522	0.0024420832601511695
AC>TT	7.111565052279427e-05	7.062032479249562e-05	7.009175363540029e-05	7.472661454812623e-05	6.48846521168404e-05	7.240799216864009e-05	7.335614754993003e-05
AT>CA	7.111565052279427e-05	7.062032479249562e-05	7.009175363540029e-05	7.472661454812623e-05	6.48846521168404e-05	7.240799216864009e-05	7.335614754993003e-05
AT>CC	0.004356782039637134	0.012024816608633653	0.005073628292908931	0.002357572338951286	0.010107826771248558	0.001443496937342085	6.351777374220546e-05
AT>CG	7.111565052279427e-05	7.062032479249562e-05	7.009175363540029e-05	7.472661454812623e-05	6.48846521168404e-05	7.240799216864009e-05	7.335614754993003e-05
AT>GA	0.004959433897238341	0.00358837014027813	0.007713224591255615	0.003239546752956812	0.0028250424838915933	0.007151745306813003	0.0021710496377636444
AT>GC	7.111565052279427e-05	7.062032479249562e-05	7.009175363540029e-05	7.472661454812623e-05	6.48846521168404e-05	7.240799216864009e-05	7.335614754993003e-05
AT>TA	0.019521160571215054	5.5476542001997586e-05	0.0037634571729237604	0.00948334280619747	0.004066156678315262	0.00878884837517641	0.010022508551022232
CC>AA	2.2944407469971395e-05	1.714441115668458e-05	1.9338145698298905e-05	0.010525165933796644	1.1817911596388847e-05	0.46826211383856087	1.3778801508597855e-05
CC>AG	2.0729507251935935e-05	0.24028889323723632	1.6640700964551218e-05	1.8968416422519377e-05	0.02296511770929653	0.05348472662662914	0.03094161432585404
CC>AT	0.01253474242323757	0.03912291894443172	0.08563970182247355	0.014731212764149388	2.6162401363092736e-05	0.009122158813415408	0.017111140383303202
CC>GA	0.01645592311774635	0.024378490207974817	0.02723745838194039	0.0017425208707262099	0.02782764595519135	0.004929489282783786	0.03538885190070384
CC>GG	7.111565052279427e-05	7.062032479249562e-05	7.009175363540029e-05	7.472661454812623e-05	6.48846521168404e-05	7.240799216864009e-05	7.335614754993003e-05
CC>GT	0.04097829953152541	0.02112947627832303	0.012930145555340762	0.009140363975014528	0.002236348685513197	0.0030579428195172415	0.014129405981050999
CC>TA	0.15910614260303185	0.006862623271634523	0.027442886291532888	0.005073640069706611	1.784615715804914e-05	0.0145040796274215	0.003815024319237163
CC>TG	0.019623318200804835	0.010074673896512346	0.011212962578914206	0.006728151965580765	0.0040953196164991825	0.009297128739369024	0.006566215748292355
CC>TT	0.0026955873411035705	4.601937047776043e-05	0.22013969105619252	0.04060283837725128	0.025877585392549442	0.0280670678948104	0.020303857402760677
CG>AT	0.007078277675706583	0.0065955384173624525	0.0027932043525652262	0.003640226186689688	0.0021147343646589433	0.0064802870837108156	0.003709857712601661
CG>GC	7.111565052279427e-05	7.062032479249562e-05	7.009175363540029e-05	7.472661454812623e-05	6.48846521168404e-05	7.240799216864009e-05	7.335614754993003e-05
CG>GT	7.111565052279427e-05	7.062032479249562e-05	7.009175363540029e-05	7.472661454812623e-05	6.48846521168404e-05	7.240799216864009e-05	7.335614754993003e-05
CG>TA	0.01098648504363761	0.007347340128277816	0.003590789006314784	0.0036088357530388747	0.001031669813952855	0.003492206124428776	0.00322582118169521
CG>TC	0.0031581196054200214	0.03470823636804805	0.016689560301711027	0.007353698271011429	0.016609266811671356	0.011551965131760274	0.009861181334902843
CG>TT	0.005543329809643183	0.013553453245428197	0.010016761154353541	0.0154253757448411	0.005728150615201836	5.574843107751804e-05	0.010010704681493128
CT>AA	7.111565052279427e-05	7.062032479249562e-05	7.009175363540029e-05	7.472661454812623e-05	6.48846521168404e-05	7.240799216864009e-05	7.335614754993003e-05
CT>AC	0.0037957314164183725	0.005437263890174412	0.006248882412789195	0.002364927736319563	0.00492167332219348	0.003877760416435194	0.0053978799706480155
CT>AG	0.030438452806720306	0.02090101968299507	0.0034154676979293677	0.010415686042440106	0.0034757408890715787	0.007266452419943784	0.018912532461702842
CT>GA	0.010836637657606236	5.417581202588432e-05	0.010934525980277006	0.009239328261173796	0.0022338437380919154	0.006946316646159782	0.019564739814995846
CT>GC	7.111565052279427e-05	7.062032479249562e-05	7.009175363540029e-05	7.472661454812623e-05	6.48846521168404e-05	7.240799216864009e-05	7.335614754993003e-05
CT>GG	0.01706807036328731	0.018223390547003268	0.011933563926019512	0.0023138511589422704	0.018051612578346976	0.0049334524252723595	0.020536340591631112
CT>TA	0.010441218267187462	0.015813911869240402	0.030552782326655384	0.015565846815324136	0.014889885267045126	0.017611502591929215	0.021329037970811746
CT>TC	0.005995516583667874	0.003960360527586696	0.005831213756512928	0.003217376450629672	0.0021409100358141587	0.003312656063887213	0.006261071261542383
CT>TG	0.0313263580958998	0.05878895892811329	0.010358975030158035	0.0029864176361703207	0.012134272476765306	0.002450506403554472	0.01802849318482913
GC>AA	2.0710832346656124e-05	1.4138499222471346e-05	2.1866532690258586e-05	0.6215088635683059	1.2297390230638546e-05	1.6950920960738063e-05	1.905118469731996e-05
GC>AG	0.04284438021529695	0.00801189675474537	0.02601899530410871	0.007234927443003396	0.01309250788973865	0.02054742296168115	0.0064459796962665905
GC>AT	0.021631452634261604	0.048695797537194115	0.03351603310724537	0.014637813339779784	0.07553230743547748	0.012286885079454262	0.0068453659085029985
GC>CA	0.020675662980314275	0.020070557906728938	0.010022137386295071	0.004491760601244247	0.02421867409581561	0.0048726398757044835	0.00961313143213071
GC>CG	7.111565052279427e-05	7.062032479249562e-05	7.009175363540029e-05	7.472661454812623e-05	6.48846521168404e-05	7.240799216864009e-05	7.335614754993003e-05
GC>TA	0.0127814563648523	0.00403980202281673	0.014075297595627489	0.003373822670740386	0.015334222203940347	0.005295636933139273	0.003194112699929974
TA>AT	0.01152322836278472	0.025012651572584824	0.026877874881756726	0.005037367742988863	0.008358595506236573	0.0037826976509374314	0.018764040509449843
TA>CG	7.111565052279427e-05	7.062032479249562e-05	7.009175363540029e-05	7.472661454812623e-05	6.48846521168404e-05	7.240799216864009e-05	7.335614754993003e-05
TA>CT	0.009456322740061297	0.01658486726070502	0.009231602469299105	0.013863295299870515	0.013026976776685236	0.014514856185822584	0.011327282957154239
TA>GC	7.111565052279427e-05	7.062032479249562e-05	7.009175363540029e-05	7.472661454812623e-05	6.48846521168404e-05	7.240799216864009e-05	7.335614754993003e-05
TA>GG	7.111565052279427e-05	7.062032479249562e-05	7.009175363540029e-05	7.472661454812623e-05	6.48846521168404e-05	7.240799216864009e-05	7.335614754993003e-05
TA>GT	7.111565052279427e-05	7.062032479249562e-05	7.009175363540029e-05	7.472661454812623e-05	6.48846521168404e-05	7.240799216864009e-05	7.335614754993003e-05
TC>AA	2.040555835609951e-05	1.596613027782893e-05	1.636445069143344e-05	1.3681179548636177e-05	0.016258352114872986	0.008483290695742584	0.37941337173845874
TC>AG	0.07826736833602202	0.033720967149899174	0.029508725547263262	0.008525054491947981	0.07997059931905627	0.01131312887433668	0.02629052787223287
TC>AT	2.7974576285910712e-05	2.283726374419833e-05	1.844034934303333e-05	9.813002189273945e-06	0.38390086861727846	0.07912310048414668	1.760070182992264e-05
TC>CA	0.02915676468304203	0.010533018516091985	0.031487637928633676	0.0010265549276482488	0.008221965069518082	0.01370310743694366	0.014739779472018811
TC>CG	0.009111943509590976	0.027263924194812716	0.009827982450951822	0.01708811255063362	0.0107457435882831	0.00490351072348858	0.004246745172288987
TC>CT	0.05233607746116225	0.018796312512859004	0.054289940421487395	0.016509205103693164	0.011118213305432967	0.004885924896495434	0.010716590848588513
TC>GA	0.049017377252501625	0.05458123264826104	0.03155347650548113	0.010402764627542704	0.018236532461173773	0.019190928407356082	0.04344813805859924
TC>GG	0.007682510704823168	0.0018517300183399736	0.012821283906062794	0.007384295860780791	0.008479959213733916	0.01033891568161683	0.016094919468741864
TC>GT	0.040531937040805134	0.009496567427201322	0.011514805588133944	0.0015566782421368923	0.020643969495949932	0.011883295186195634	0.012782127877168628
TG>AA	0.03228422428123849	0.013983637820304769	0.027086541748235504	0.018699089155506953	0.0063649285326619065	0.013848228270385465	0.019041505337039175
TG>AC	7.111565052279427e-05	7.062032479249562e-05	7.009175363540029e-05	7.472661454812623e-05	6.48846521168404e-05	7.240799216864009e-05	7.335614754993003e-05
TG>AT	0.021053561094974308	0.03203311998019368	0.03490966841127374	0.0033533801418241063	0.027280103161715304	0.016459790234970722	0.03003417289922557
TG>CA	0.0037027262225213537	0.003911157742792663	0.005487122763709825	0.0016542068047177357	0.0025611273469015334	0.004812361754011363	0.0089715716271409
TG>CC	0.005009731648654755	0.007615809388274404	0.004511592894171675	0.004730878579963852	0.00403953434494421	0.0009613809654789899	0.0026783243626899394
TG>CT	0.013034878381434585	0.038458947952719785	0.025098532795709616	0.00532013879793365	0.01851938829607557	0.009532011784395895	0.024058496379666394
TG>GA	0.010872520976893915	0.0044160323305429	0.011147261479588147	0.004603261483074069	0.0011814808054623426	0.005767258916178738	0.002452117953968506
TG>GC	7.111565052279427e-05	7.062032479249562e-05	7.009175363540029e-05	7.472661454812623e-05	6.48846521168404e-05	7.240799216864009e-05	7.335614754993003e-05
TG>GT	0.024777513352334305	0.006515764629693876	0.008386696497230636	0.007777798152740919	0.010764109099985339	0.005636926663646591	0.0035450799611984013
TT>AA	7.111565052279427e-05	7.062032479249562e-05	7.009175363540029e-05	7.472661454812623e-05	6.48846521168404e-05	7.240799216864009e-05	7.335614754993003e-05
TT>AC	0.023507986921807365	0.004948442422573862	0.0018975201206558267	0.009029220875405978	0.009661823383794399	0.00749894651738335	0.0075530739114886575
TT>AG	0.009452073656939319	0.005521627758571413	0.004640711759930127	0.0022866185349509275	0.004201217998949384	0.002972167552919321	0.0043839635017017525
TT>CA	7.111565052279427e-05	7.062032479249562e-05	7.009175363540029e-05	7.472661454812623e-05	6.48846521168404e-05	7.240799216864009e-05	7.335614754993003e-05
TT>CC	7.111565052279427e-05	7.062032479249562e-05	7.009175363540029e-05	7.472661454812623e-05	6.48846521168404e-05	7.240799216864009e-05	7.335614754993003e-05
TT>CG	7.111565052279427e-05	7.062032479249562e-05	7.009175363540029e-05	7.472661454812623e-05	6.48846521168404e-05	7.240799216864009e-05	7.335614754993003e-05
TT>GA	0.0019333014143436836	0.008078842435376524	0.008689263344664747	0.0023316965556053524	0.0006934292002066892	0.005774854661770708	0.0047235712384766275
TT>GC	7.111565052279427e-05	7.062032479249562e-05	7.009175363540029e-05	7.472661454812623e-05	6.488465163177656e-05	7.240799216864009e-05	7.335614754993003e-05
TT>GG	0.009398775181519643	0.005524878710396782	0.007105516549321085	0.002350810652448369	0.0030355746938463806	0.0025319929912560233	0.003983915421607283
