MutationType	DBS78A	DBS78B	DBS78C	DBS78D	DBS78E	DBS78F	DBS78G
AC>CA	3.41E-03	2.50E-03	2.49E-03	1.82E-03	6.92E-04	1.67E-03	1.76E-03
AC>CG	1.82E-06	1.47E-06	1.26E-06	7.40E-07	1.42E-06	1.02E-06	1.34E-06
AC>CT	1.82E-06	1.47E-06	1.26E-06	7.40E-07	1.42E-06	1.02E-06	1.34E-06
AC>GA	9.44E-03	7.58E-03	7.28E-03	4.62E-03	5.83E-03	3.79E-03	5.50E-03
AC>GG	1.82E-06	1.47E-06	1.26E-06	7.40E-07	1.42E-06	1.02E-06	1.34E-06
AC>GT	1.82E-06	1.47E-06	1.26E-06	7.40E-07	1.42E-06	1.02E-06	1.34E-06
AC>TA	4.58E-03	6.65E-03	9.38E-03	3.49E-03	6.25E-03	5.19E-03	9.87E-03
AC>TG	9.47E-04	3.56E-03	4.98E-03	7.22E-04	6.27E-04	1.87E-03	2.37E-03
AC>TT	1.82E-06	1.47E-06	1.26E-06	7.40E-07	1.42E-06	1.02E-06	1.34E-06
AT>CA	1.82E-06	1.47E-06	1.26E-06	7.40E-07	1.42E-06	1.02E-06	1.34E-06
AT>CC	3.24E-03	4.23E-03	3.48E-03	1.69E-03	4.39E-03	9.60E-04	2.89E-06
AT>CG	1.82E-06	1.47E-06	1.26E-06	7.40E-07	1.42E-06	1.02E-06	1.34E-06
AT>GA	2.35E-03	1.98E-03	2.90E-03	1.51E-03	1.57E-03	2.31E-03	1.50E-03
AT>GC	1.82E-06	1.47E-06	1.26E-06	7.40E-07	1.42E-06	1.02E-06	1.34E-06
AT>TA	6.97E-03	2.50E-06	2.68E-03	3.95E-03	3.14E-03	4.16E-03	3.57E-03
CC>AA	3.61E-06	2.20E-06	2.45E-06	1.05E-02	2.49E-06	2.28E-02	2.11E-06
CC>AG	3.47E-06	3.57E-02	3.23E-06	2.59E-06	1.61E-02	2.00E-02	1.73E-02
CC>AT	8.80E-03	1.33E-02	2.22E-02	7.12E-03	3.12E-06	6.33E-03	8.36E-03
CC>GA	9.56E-03	1.11E-02	1.16E-02	1.70E-03	1.27E-02	3.57E-03	1.05E-02
CC>GG	1.82E-06	1.47E-06	1.26E-06	7.40E-07	1.42E-06	1.02E-06	1.34E-06
CC>GT	1.10E-02	7.93E-03	6.11E-03	4.35E-03	2.20E-03	3.02E-03	6.86E-03
CC>TA	2.43E-02	6.84E-03	1.30E-02	5.05E-03	2.84E-06	8.45E-03	3.79E-03
CC>TG	6.51E-03	4.47E-03	5.10E-03	3.74E-03	2.83E-03	4.26E-03	4.54E-03
CC>TT	2.65E-03	2.33E-05	3.68E-02	1.71E-02	1.46E-02	1.62E-02	1.41E-02
CG>AT	2.67E-03	3.70E-03	1.95E-03	1.49E-03	1.45E-03	2.29E-03	1.74E-03
CG>GC	1.82E-06	1.47E-06	1.26E-06	7.40E-07	1.42E-06	1.02E-06	1.34E-06
CG>GT	1.82E-06	1.47E-06	1.26E-06	7.40E-07	1.42E-06	1.02E-06	1.34E-06
CG>TA	3.52E-03	2.77E-03	1.98E-03	1.49E-03	9.78E-04	1.65E-03	1.77E-03
CG>TC	3.11E-03	1.24E-02	8.08E-03	4.08E-03	6.32E-03	4.80E-03	6.02E-03
CG>TT	3.16E-03	6.23E-03	4.24E-03	5.84E-03	3.01E-03	2.49E-06	4.00E-03
CT>AA	1.82E-06	1.47E-06	1.26E-06	7.40E-07	1.42E-06	1.02E-06	1.34E-06
CT>AC	2.11E-03	2.26E-03	2.63E-03	1.31E-03	2.10E-03	1.83E-03	2.30E-03
CT>AG	1.08E-02	7.57E-03	2.41E-03	4.07E-03	3.44E-03	4.18E-03	6.97E-03
CT>GA	5.18E-03	2.24E-06	4.93E-03	3.98E-03	1.67E-03	3.46E-03	6.61E-03
CT>GC	1.82E-06	1.47E-06	1.26E-06	7.40E-07	1.42E-06	1.02E-06	1.34E-06
CT>GG	8.79E-03	6.83E-03	5.65E-03	2.26E-03	7.14E-03	3.43E-03	7.04E-03
CT>TA	7.27E-03	9.35E-03	1.36E-02	7.30E-03	7.35E-03	7.67E-03	8.41E-03
CT>TC	2.53E-03	1.90E-03	2.42E-03	1.49E-03	1.45E-03	1.59E-03	2.50E-03
CT>TG	1.23E-02	1.29E-02	7.28E-03	2.95E-03	6.99E-03	2.42E-03	8.60E-03
GC>AA	2.78E-06	2.07E-06	2.47E-06	1.53E-02	2.24E-06	3.30E-06	2.45E-06
GC>AG	1.21E-02	4.60E-03	1.09E-02	4.02E-03	6.80E-03	9.46E-03	4.45E-03
GC>AT	1.25E-02	1.88E-02	1.44E-02	8.17E-03	2.15E-02	8.53E-03	6.81E-03
GC>CA	7.97E-03	1.38E-02	4.60E-03	2.74E-03	8.84E-03	2.11E-03	4.32E-03
GC>CG	1.82E-06	1.47E-06	1.26E-06	7.40E-07	1.42E-06	1.02E-06	1.34E-06
GC>TA	5.50E-03	3.98E-03	5.13E-03	2.06E-03	6.72E-03	2.85E-03	2.18E-03
TA>AT	5.76E-03	1.11E-02	9.24E-03	3.86E-03	4.13E-03	2.85E-03	8.05E-03
TA>CG	1.82E-06	1.47E-06	1.26E-06	7.40E-07	1.42E-06	1.02E-06	1.34E-06
TA>CT	5.64E-03	9.13E-03	5.32E-03	5.38E-03	6.28E-03	5.92E-03	5.13E-03
TA>GC	1.82E-06	1.47E-06	1.26E-06	7.40E-07	1.42E-06	1.02E-06	1.34E-06
TA>GG	1.82E-06	1.47E-06	1.26E-06	7.40E-07	1.42E-06	1.02E-06	1.34E-06
TA>GT	1.82E-06	1.47E-06	1.26E-06	7.40E-07	1.42E-06	1.02E-06	1.34E-06
TC>AA	3.68E-06	2.32E-06	2.15E-06	2.87E-06	1.15E-02	8.47E-03	2.94E-02
TC>AG	2.54E-02	1.69E-02	1.71E-02	8.51E-03	2.45E-02	8.11E-03	1.53E-02
TC>AT	5.52E-06	2.07E-06	2.02E-06	1.93E-06	3.90E-02	2.97E-02	2.27E-06
TC>CA	1.12E-02	5.34E-03	1.09E-02	9.75E-04	4.95E-03	5.95E-03	6.19E-03
TC>CG	6.65E-03	9.43E-03	5.53E-03	6.57E-03	5.65E-03	3.39E-03	2.97E-03
TC>CT	1.67E-02	9.09E-03	1.65E-02	7.97E-03	7.73E-03	4.85E-03	7.58E-03
TC>GA	1.84E-02	1.89E-02	1.51E-02	7.30E-03	1.03E-02	1.08E-02	1.92E-02
TC>GG	4.27E-03	1.80E-03	5.38E-03	3.48E-03	4.01E-03	3.87E-03	5.52E-03
TC>GT	1.30E-02	4.15E-03	4.78E-03	1.51E-03	6.64E-03	4.73E-03	5.74E-03
TG>AA	1.27E-02	6.75E-03	1.16E-02	8.73E-03	4.46E-03	7.99E-03	9.73E-03
TG>AC	1.82E-06	1.47E-06	1.26E-06	7.40E-07	1.42E-06	1.02E-06	1.34E-06
TG>AT	1.13E-02	1.48E-02	1.37E-02	3.32E-03	1.24E-02	6.95E-03	1.32E-02
TG>CA	2.04E-03	1.87E-03	2.62E-03	1.11E-03	1.43E-03	1.78E-03	2.80E-03
TG>CC	3.01E-03	3.40E-03	2.49E-03	2.61E-03	2.24E-03	8.98E-04	1.49E-03
TG>CT	6.67E-03	1.24E-02	1.10E-02	5.28E-03	8.75E-03	6.08E-03	1.22E-02
TG>GA	5.04E-03	3.05E-03	3.24E-03	2.53E-03	1.12E-03	3.17E-03	1.67E-03
TG>GC	1.82E-06	1.47E-06	1.26E-06	7.40E-07	1.42E-06	1.02E-06	1.34E-06
TG>GT	8.54E-03	4.16E-03	3.96E-03	4.11E-03	5.59E-03	2.94E-03	2.72E-03
TT>AA	1.82E-06	1.47E-06	1.26E-06	7.40E-07	1.42E-06	1.02E-06	1.34E-06
TT>AC	8.61E-03	3.01E-03	1.84E-03	3.81E-03	4.42E-03	3.50E-03	4.43E-03
TT>AG	3.63E-03	2.29E-03	2.19E-03	1.24E-03	2.03E-03	1.38E-03	2.12E-03
TT>CA	1.82E-06	1.47E-06	1.26E-06	7.40E-07	1.42E-06	1.02E-06	1.34E-06
TT>CC	1.82E-06	1.47E-06	1.26E-06	7.40E-07	1.42E-06	1.02E-06	1.34E-06
TT>CG	1.82E-06	1.47E-06	1.26E-06	7.40E-07	1.42E-06	1.02E-06	1.34E-06
TT>GA	1.30E-03	2.73E-03	2.96E-03	1.27E-03	6.39E-04	2.23E-03	2.33E-03
TT>GC	1.82E-06	1.47E-06	1.26E-06	7.40E-07	1.42E-06	1.02E-06	1.34E-06
TT>GG	3.20E-03	2.34E-03	2.63E-03	1.28E-03	1.67E-03	1.38E-03	2.29E-03
