MutationType	PD3851a_non-exome	PD3890a_non-exome	PD3904a_non-exome	PD3905a_non-exome	PD3945a_non-exome	PD4005a_non-exome	PD4006a_non-exome	PD4085a_non-exome	PD4086a_non-exome	PD4088a_non-exome	PD4103a_non-exome	PD4107a_non-exome	PD4109a_non-exome	PD4115a_non-exome	PD4116a_non-exome	PD4120a_non-exome	PD4192a_non-exome	PD4194a_non-exome	PD4198a_non-exome	PD4199a_non-exome	PD4248a_non-exome
A[C>A]A	30	105	116	88	238	72	190	60	25	33	110	198	118	222	122	159	47	28	57	55	61
A[C>A]C	30	91	109	68	159	64	166	48	18	17	48	170	130	166	133	53	40	24	67	36	43
A[C>A]G	8	9	13	10	23	12	32	7	5	3	6	30	10	21	14	18	16	4	12	11	7
A[C>A]T	21	83	103	63	151	62	186	43	21	26	44	168	93	153	132	62	36	13	45	35	35
A[C>G]A	12	98	50	62	127	55	159	17	17	15	29	120	90	125	101	181	58	7	35	22	23
A[C>G]C	15	44	42	40	73	34	93	18	14	11	26	80	67	73	68	64	25	5	23	19	17
A[C>G]G	8	18	18	14	17	16	54	7	0	2	9	56	22	21	20	14	25	1	7	2	4
A[C>G]T	11	96	58	69	111	72	140	22	22	16	32	114	99	122	99	162	38	8	30	25	29
A[C>T]A	40	93	121	61	166	58	167	60	28	45	96	184	161	171	125	324	47	24	70	36	56
A[C>T]C	17	61	52	32	74	45	79	26	17	14	48	64	82	86	59	123	38	17	28	28	20
A[C>T]G	73	89	91	76	140	103	142	120	51	121	233	144	312	182	76	193	115	78	188	105	72
A[C>T]T	19	73	91	52	168	74	168	27	22	29	57	170	108	138	89	159	35	10	45	39	22
A[T>A]A	14	53	40	36	129	22	57	22	17	11	29	65	67	76	92	110	33	11	63	12	24
A[T>A]C	19	39	31	30	90	35	62	30	18	10	28	63	59	71	59	62	32	12	34	28	19
A[T>A]G	21	34	48	38	145	29	100	27	14	9	28	86	60	96	57	54	37	9	34	22	17
A[T>A]T	25	51	59	56	180	31	120	38	20	12	52	119	182	133	95	53	42	14	83	25	50
A[T>C]A	27	88	93	51	194	69	125	54	34	18	70	166	176	171	130	85	50	25	91	28	57
A[T>C]C	19	44	37	30	60	30	95	21	17	9	25	92	72	75	61	34	22	10	25	21	21
A[T>C]G	19	70	51	51	126	60	102	32	39	17	46	109	113	118	90	77	37	14	49	33	32
A[T>C]T	45	102	67	78	196	84	155	60	50	26	68	173	150	201	110	82	56	19	58	30	38
A[T>G]A	11	34	22	20	52	15	50	12	12	4	20	53	46	49	32	29	27	3	46	6	9
A[T>G]C	5	19	10	9	26	7	20	9	6	1	7	20	18	15	21	22	23	1	22	7	6
A[T>G]G	5	38	28	39	70	37	82	7	11	5	10	70	41	65	44	29	26	2	13	3	10
A[T>G]T	8	69	21	34	57	29	42	8	11	5	26	45	41	47	38	28	29	7	23	2	22
C[C>A]A	23	105	95	81	194	63	171	33	28	37	57	172	131	175	159	130	41	14	62	37	41
C[C>A]C	19	64	66	54	164	71	140	33	17	12	32	165	78	133	154	83	27	9	36	26	20
C[C>A]G	5	10	7	16	18	5	28	3	1	4	10	27	14	14	26	18	15	4	8	6	7
C[C>A]T	26	64	76	63	168	45	146	22	22	23	65	182	105	142	119	77	20	6	38	27	27
C[C>G]A	10	60	52	40	101	54	99	7	8	8	28	86	67	96	76	199	35	5	19	20	8
C[C>G]C	6	44	37	26	87	48	70	16	6	7	18	74	41	90	68	58	22	3	16	14	13
C[C>G]G	4	8	19	7	16	13	37	2	6	0	10	38	19	23	21	31	21	5	8	4	4
C[C>G]T	5	88	80	42	132	61	123	15	16	17	36	112	105	140	96	227	40	16	29	36	18
C[C>T]A	41	67	88	53	117	58	92	39	19	20	81	120	123	128	103	644	52	33	64	79	39
C[C>T]C	17	46	71	44	95	35	59	35	24	15	61	81	95	94	77	185	37	26	41	41	40
C[C>T]G	57	51	54	37	59	61	81	65	47	48	134	96	182	99	66	283	62	45	89	85	42
C[C>T]T	33	96	105	67	151	80	155	47	35	32	101	176	135	141	141	369	46	24	56	66	32
C[T>A]A	5	39	26	39	86	26	63	7	10	3	16	85	40	84	80	35	23	3	24	7	24
C[T>A]C	12	54	46	48	112	39	105	26	13	8	20	100	41	103	80	43	30	6	26	20	15
C[T>A]G	9	63	40	52	95	44	85	15	13	5	19	113	36	84	81	27	26	4	28	14	20
C[T>A]T	20	70	53	56	132	51	167	20	12	13	36	163	71	153	93	34	33	7	27	13	18
C[T>C]A	10	41	40	32	95	36	89	15	12	10	26	78	81	71	66	29	33	9	28	16	17
C[T>C]C	14	42	45	51	104	36	103	15	2	17	27	152	72	117	78	57	35	10	37	21	23
C[T>C]G	17	55	39	46	99	38	70	16	18	7	26	62	80	74	59	87	39	8	25	20	31
C[T>C]T	12	76	53	44	124	47	78	20	19	10	52	112	89	136	83	63	24	11	25	15	17
C[T>G]A	3	24	21	16	22	17	37	5	6	3	15	41	28	38	32	11	12	4	13	2	11
C[T>G]C	7	27	24	20	43	15	39	5	4	4	11	38	22	58	19	24	19	3	15	4	9
C[T>G]G	8	51	36	29	70	44	57	12	10	3	19	71	64	65	51	27	26	4	17	15	10
C[T>G]T	17	83	24	33	88	27	74	17	16	11	48	72	75	155	59	31	25	4	35	11	18
G[C>A]A	33	50	56	51	106	38	131	45	18	42	64	164	107	125	83	107	55	14	39	38	25
G[C>A]C	15	49	72	38	98	40	82	23	13	9	39	84	55	113	99	45	16	9	45	26	20
G[C>A]G	3	7	5	3	14	4	9	4	3	6	9	14	15	17	10	17	11	8	3	6	8
G[C>A]T	18	44	46	41	98	35	94	23	17	22	57	123	78	130	86	47	30	7	30	32	18
G[C>G]A	6	46	37	26	58	24	64	13	11	7	14	61	38	41	59	61	23	8	24	14	8
G[C>G]C	10	27	29	29	58	24	51	11	9	7	16	55	42	56	67	43	16	6	25	15	6
G[C>G]G	2	13	8	8	12	9	21	1	3	0	1	18	8	10	10	13	9	4	3	4	3
G[C>G]T	7	58	38	36	80	48	117	14	19	4	18	88	67	81	81	103	24	4	25	19	18
G[C>T]A	22	62	74	43	111	58	92	36	16	21	68	105	92	129	73	310	35	29	54	59	38
G[C>T]C	23	55	65	37	96	44	71	27	15	17	59	80	86	86	57	150	32	26	42	46	25
G[C>T]G	55	65	51	66	114	52	102	76	39	58	138	118	229	104	58	216	93	46	94	82	43
G[C>T]T	18	60	67	58	114	47	101	34	21	14	68	101	93	100	89	200	43	17	42	51	40
G[T>A]A	8	20	24	19	55	22	61	3	9	4	9	64	26	57	48	32	19	4	15	6	8
G[T>A]C	6	32	20	21	62	20	39	10	9	6	10	42	27	55	43	25	13	9	19	15	5
G[T>A]G	8	30	28	30	67	26	50	8	6	8	9	55	33	52	41	40	18	5	18	13	8
G[T>A]T	11	44	38	42	86	33	81	15	8	1	21	104	44	102	76	24	29	10	18	10	12
G[T>C]A	13	38	31	42	71	35	73	24	17	17	26	68	75	89	64	46	29	7	41	21	28
G[T>C]C	8	35	23	20	40	22	55	12	11	11	18	64	43	61	44	34	23	9	26	13	18
G[T>C]G	13	35	15	24	56	29	50	22	15	5	17	67	52	50	48	58	30	14	20	8	15
G[T>C]T	12	45	37	34	84	29	71	37	16	11	39	67	89	101	64	42	31	11	52	24	36
G[T>G]A	4	36	16	24	32	17	46	7	2	4	4	27	21	36	27	19	13	1	12	6	11
G[T>G]C	4	12	15	16	27	17	23	3	6	2	7	24	12	27	24	20	12	5	5	2	6
G[T>G]G	15	51	31	28	61	34	56	11	12	2	8	84	29	72	50	80	30	4	19	15	19
G[T>G]T	14	47	22	27	50	31	50	17	7	6	17	66	35	74	35	32	23	4	21	9	11
T[C>A]A	37	82	114	77	247	153	141	58	34	51	144	165	183	148	158	1784	54	24	92	174	57
T[C>A]C	29	83	92	60	157	108	142	39	36	29	93	124	147	138	112	707	48	23	65	73	30
T[C>A]G	3	8	11	6	16	9	13	11	4	1	18	25	21	16	9	100	10	2	14	13	7
T[C>A]T	33	111	118	87	276	141	160	69	31	71	147	230	275	246	147	993	51	21	100	105	52
T[C>G]A	13	218	145	141	173	419	145	15	135	38	146	137	387	156	270	9975	151	66	101	708	47
T[C>G]C	17	123	83	83	155	136	110	24	46	21	70	125	237	136	122	1914	89	23	41	194	18
T[C>G]G	6	19	8	9	5	20	31	2	8	1	9	18	18	12	23	328	20	2	2	22	9
T[C>G]T	27	364	233	223	362	611	290	51	158	42	270	254	640	275	375	12476	224	67	128	881	66
T[C>T]A	51	183	234	154	252	451	127	72	146	62	362	411	397	196	247	17316	166	86	281	1288	96
T[C>T]C	41	135	160	65	157	132	81	62	47	37	175	230	254	146	108	3306	62	37	114	293	63
T[C>T]G	40	52	53	41	55	50	64	53	34	47	127	72	194	78	50	1697	74	42	112	204	39
T[C>T]T	41	140	204	112	223	283	135	68	86	59	265	356	363	188	201	8821	104	48	185	649	57
T[T>A]A	20	66	58	28	126	33	94	48	23	13	103	94	155	124	96	63	41	13	102	24	35
T[T>A]C	8	35	33	34	93	27	80	17	10	5	19	67	51	74	58	28	8	11	25	11	7
T[T>A]G	12	33	35	28	48	16	53	14	5	6	14	52	48	57	37	25	16	3	15	11	8
T[T>A]T	19	71	76	64	159	52	195	34	16	12	41	181	122	134	110	50	32	15	56	15	29
T[T>C]A	20	39	39	39	110	47	88	32	15	12	45	79	87	105	65	49	24	9	62	15	22
T[T>C]C	6	52	29	36	77	40	93	27	12	11	26	98	84	56	59	52	28	10	63	29	19
T[T>C]G	12	20	29	18	48	25	49	6	11	6	34	60	46	63	45	33	17	4	24	12	20
T[T>C]T	13	58	49	49	94	53	89	43	14	15	60	111	88	124	62	60	33	15	52	25	36
T[T>G]A	5	44	25	22	53	29	50	14	10	8	18	59	35	60	42	26	19	3	20	5	14
T[T>G]C	5	22	19	16	49	19	39	9	5	5	19	53	21	32	36	17	25	4	12	6	14
T[T>G]G	8	47	29	32	83	33	85	16	12	8	19	66	40	76	63	30	39	9	26	8	11
T[T>G]T	19	76	47	50	117	49	127	33	27	10	64	100	80	127	92	71	60	10	41	22	28
