MutationType	SBS96A	SBS96B	SBS96C	SBS96D	SBS96E	SBS96F	SBS96G	SBS96H	SBS96I	SBS96J	SBS96K	SBS96L	SBS96M
A[C>A]A	7.48E-04	1.45E-03	3.59E-03	1.05E-03	4.55E-03	3.26E-03	2.10E-03	5.58E-03	1.29E-02	9.52E-03	4.18E-03	8.16E-03	1.04E-02
A[C>A]C	1.50E-04	2.61E-44	5.33E-03	2.15E-03	5.00E-03	7.52E-03	7.44E-03	3.64E-03	7.50E-03	1.19E-03	1.02E-02	2.26E-03	3.29E-03
A[C>A]G	3.45E-04	1.64E-03	1.35E-04	2.79E-03	2.63E-03	2.69E-03	3.72E-03	6.83E-03	2.35E-03	1.57E-03	3.15E-03	2.22E-03	7.97E-03
A[C>A]T	1.55E-04	2.18E-03	5.23E-03	2.51E-03	7.84E-03	2.99E-07	3.55E-03	8.68E-03	1.14E-02	4.70E-03	2.27E-03	1.02E-02	8.21E-03
A[C>G]A	3.66E-04	6.07E-04	2.06E-03	2.90E-04	6.20E-03	4.02E-03	4.27E-03	2.57E-03	3.81E-03	2.54E-03	3.89E-03	2.63E-03	1.06E-02
A[C>G]C	7.12E-04	4.62E-09	5.14E-03	4.00E-11	1.99E-03	4.43E-03	5.09E-03	4.99E-03	3.32E-03	1.19E-03	6.64E-03	2.82E-03	4.15E-07
A[C>G]G	1.70E-04	3.06E-08	6.98E-03	5.42E-10	3.05E-03	4.50E-07	3.54E-03	3.81E-03	2.50E-03	7.59E-04	2.66E-03	1.12E-06	1.96E-45
A[C>G]T	5.51E-04	1.66E-08	5.21E-03	3.56E-03	9.78E-03	3.57E-03	5.95E-03	3.61E-03	9.46E-03	7.46E-03	4.42E-03	4.79E-03	5.34E-03
A[C>T]A	1.12E-03	1.75E-03	7.72E-03	3.89E-03	1.29E-03	3.71E-03	2.57E-03	1.17E-03	3.90E-03	6.30E-03	4.56E-03	5.01E-03	1.27E-02
A[C>T]C	7.43E-04	3.05E-03	3.16E-03	3.29E-03	1.63E-03	6.21E-03	7.55E-03	3.44E-03	2.83E-03	4.06E-03	7.34E-03	3.52E-03	5.48E-03
A[C>T]G	1.16E-03	6.26E-03	8.71E-03	8.29E-03	7.17E-03	5.34E-03	1.47E-02	3.13E-03	1.03E-02	1.70E-02	1.04E-02	1.69E-02	1.54E-02
A[C>T]T	2.18E-04	6.47E-04	8.46E-03	4.49E-03	1.28E-02	3.24E-03	4.28E-03	3.94E-03	2.46E-03	8.33E-03	7.14E-03	3.88E-03	3.87E-03
A[T>A]A	1.73E-04	9.67E-08	7.95E-04	4.85E-03	0.00E+00	3.13E-08	4.48E-03	3.22E-03	1.03E-03	9.07E-07	5.22E-03	8.78E-04	2.12E-03
A[T>A]C	2.17E-04	5.23E-04	4.03E-03	1.56E-03	1.32E-03	6.52E-03	2.52E-03	3.25E-03	5.83E-03	1.24E-03	1.76E-03	7.00E-03	2.50E-03
A[T>A]G	2.51E-04	8.78E-09	8.32E-04	8.67E-03	6.38E-03	1.11E-03	6.05E-03	5.58E-03	2.75E-34	4.10E-03	4.59E-03	4.26E-03	5.82E-03
A[T>A]T	0.00E+00	1.49E-03	2.53E-03	1.06E-03	3.12E-03	3.49E-03	4.75E-03	1.86E-03	2.48E-03	8.04E-03	6.99E-03	6.51E-03	4.39E-03
A[T>C]A	2.01E-04	4.46E-43	5.40E-03	3.21E-03	1.88E-03	4.19E-03	3.51E-03	2.30E-02	1.02E-02	9.06E-03	5.60E-03	1.38E-02	6.27E-03
A[T>C]C	2.99E-04	8.17E-04	3.20E-03	4.94E-03	4.22E-03	1.31E-03	3.42E-03	6.93E-03	4.72E-03	2.47E-03	6.56E-03	2.07E-03	2.89E-03
A[T>C]G	5.42E-04	7.52E-04	1.86E-03	2.48E-03	6.38E-03	4.74E-03	4.56E-03	4.35E-03	8.02E-03	4.58E-03	3.28E-03	3.69E-03	3.30E-03
A[T>C]T	3.10E-04	1.59E-03	5.53E-03	2.26E-03	4.81E-03	2.24E-03	7.11E-03	3.00E-03	2.46E-03	5.36E-03	6.40E-03	1.11E-02	6.88E-03
A[T>G]A	4.75E-05	1.30E-08	1.51E-03	4.09E-03	1.91E-03	4.09E-03	5.81E-03	3.59E-03	2.56E-03	2.12E-03	2.65E-03	5.05E-03	3.31E-03
A[T>G]C	1.07E-04	5.71E-08	2.95E-03	1.55E-03	2.50E-03	2.26E-07	3.07E-03	2.80E-03	2.27E-03	1.84E-04	8.29E-07	1.75E-07	9.80E-04
A[T>G]G	1.30E-04	2.45E-08	2.14E-03	2.70E-03	2.01E-03	3.52E-03	4.51E-03	4.37E-03	3.45E-03	4.69E-04	3.63E-03	1.25E-07	2.07E-03
A[T>G]T	3.52E-04	3.52E-08	1.60E-03	5.88E-03	1.13E-03	2.28E-03	1.59E-03	2.25E-03	1.03E-03	2.79E-03	1.51E-03	2.75E-03	2.35E-03
C[C>A]A	2.89E-04	2.18E-09	4.95E-03	6.12E-03	5.65E-03	5.34E-03	2.27E-03	3.99E-03	4.80E-03	6.27E-03	1.01E-02	6.45E-03	5.52E-03
C[C>A]C	1.97E-04	1.25E-03	8.23E-03	8.16E-03	2.44E-03	4.36E-03	7.05E-03	3.52E-03	5.78E-03	8.24E-03	1.75E-02	9.78E-03	6.23E-03
C[C>A]G	7.30E-04	1.62E-03	3.84E-03	2.63E-09	1.95E-03	2.65E-03	1.25E-03	2.76E-03	2.79E-03	2.65E-03	6.20E-04	9.00E-04	1.70E-07
C[C>A]T	3.71E-04	5.43E-08	9.29E-03	1.51E-03	5.15E-03	4.37E-03	9.07E-03	8.69E-03	4.45E-03	3.79E-03	6.31E-03	1.16E-02	2.39E-03
C[C>G]A	7.99E-04	7.40E-38	3.70E-03	2.92E-03	3.10E-03	2.59E-03	7.46E-03	2.17E-03	5.03E-03	2.32E-03	3.15E-03	3.33E-03	1.32E-03
C[C>G]C	4.57E-04	3.08E-08	4.22E-03	1.66E-03	3.08E-03	4.40E-03	2.47E-03	2.84E-03	6.03E-03	4.34E-03	5.20E-04	4.80E-03	9.88E-04
C[C>G]G	5.12E-04	4.48E-08	5.27E-03	2.19E-03	1.20E-04	4.35E-03	3.67E-03	7.57E-04	5.23E-03	2.18E-03	2.97E-03	1.51E-03	4.72E-03
C[C>G]T	1.45E-03	5.05E-08	6.35E-03	3.80E-03	4.71E-03	7.55E-03	1.23E-02	1.02E-03	4.59E-03	1.09E-02	8.47E-03	1.85E-03	5.12E-03
C[C>T]A	2.63E-03	1.52E-03	4.10E-03	6.35E-03	2.11E-03	5.03E-03	3.38E-03	6.56E-03	1.13E-02	8.19E-03	5.78E-03	8.69E-03	2.82E-03
C[C>T]C	7.29E-04	5.35E-30	6.83E-03	6.87E-03	1.88E-03	1.64E-03	6.39E-03	3.57E-03	2.46E-03	3.38E-03	1.29E-02	4.00E-03	6.37E-03
C[C>T]G	2.26E-03	7.39E-03	3.08E-03	7.94E-03	2.45E-03	7.88E-03	5.81E-03	2.06E-03	9.99E-03	5.82E-03	1.41E-02	5.36E-03	2.40E-02
C[C>T]T	1.54E-03	1.30E-03	5.05E-03	4.45E-03	4.45E-03	5.54E-03	6.13E-03	4.72E-03	4.36E-03	4.45E-03	2.01E-03	5.57E-03	5.93E-03
C[T>A]A	2.95E-04	5.29E-04	2.35E-03	2.63E-04	3.34E-03	2.97E-03	1.33E-03	1.34E-07	3.39E-03	2.38E-03	1.30E-05	3.00E-03	4.28E-03
C[T>A]C	1.80E-04	7.91E-04	2.40E-03	3.90E-03	3.69E-03	1.33E-03	4.93E-03	7.91E-03	4.36E-03	9.38E-04	5.13E-04	2.46E-03	3.20E-03
C[T>A]G	2.47E-04	0.00E+00	1.38E-03	3.80E-03	1.17E-03	5.71E-03	3.91E-03	3.25E-03	5.15E-03	5.52E-04	4.38E-03	5.79E-03	2.50E-03
C[T>A]T	0.00E+00	4.50E-32	5.21E-03	5.18E-03	9.66E-04	1.79E-03	1.02E-03	4.72E-03	2.52E-07	5.59E-03	6.42E-03	4.25E-03	1.13E-03
C[T>C]A	3.64E-04	4.45E-08	5.28E-04	8.30E-04	2.81E-03	1.62E-03	3.26E-03	6.25E-03	3.88E-03	2.55E-07	1.66E-03	1.64E-03	1.43E-03
C[T>C]C	1.80E-04	1.29E-08	5.27E-03	4.62E-03	3.57E-03	4.77E-03	3.47E-03	2.64E-03	4.88E-03	3.20E-07	3.93E-03	6.09E-03	2.82E-03
C[T>C]G	5.70E-04	3.20E-08	5.03E-03	5.91E-08	3.30E-03	9.11E-05	6.83E-03	7.64E-03	6.98E-03	1.02E-02	2.32E-03	4.46E-06	8.88E-03
C[T>C]T	1.60E-04	1.69E-04	8.93E-03	2.00E-03	7.74E-03	2.87E-03	4.35E-04	5.22E-03	2.47E-03	2.41E-03	3.59E-03	2.81E-03	4.42E-03
C[T>G]A	0.00E+00	2.99E-43	1.07E-03	4.12E-04	1.04E-03	3.41E-03	4.75E-03	2.43E-07	4.48E-04	2.20E-03	3.68E-03	2.60E-03	2.45E-03
C[T>G]C	1.42E-04	2.53E-03	3.30E-03	8.36E-39	2.45E-03	4.18E-03	1.41E-03	1.42E-03	2.01E-03	3.33E-03	3.77E-03	8.83E-03	4.06E-03
C[T>G]G	4.68E-04	7.95E-09	1.47E-03	3.30E-03	3.63E-03	1.39E-03	4.25E-03	4.19E-03	4.75E-03	1.85E-03	3.08E-03	4.67E-03	3.61E-03
C[T>G]T	0.00E+00	0.00E+00	3.83E-03	4.54E-03	1.82E-03	3.46E-03	2.98E-03	3.37E-03	1.80E-03	1.08E-03	4.38E-03	6.30E-03	3.99E-03
G[C>A]A	5.90E-04	3.09E-03	2.63E-03	2.97E-03	3.03E-03	3.47E-03	6.09E-03	4.27E-03	3.30E-03	4.49E-03	8.30E-03	5.95E-03	3.79E-03
G[C>A]C	5.06E-04	7.50E-04	5.09E-03	7.67E-03	4.27E-03	4.23E-03	3.61E-03	4.66E-03	6.39E-03	5.23E-03	4.20E-03	6.16E-03	3.67E-03
G[C>A]G	4.10E-04	8.99E-04	0.00E+00	6.30E-04	1.57E-03	2.03E-03	4.09E-03	0.00E+00	1.37E-03	3.46E-03	2.12E-03	8.23E-03	3.10E-03
G[C>A]T	4.14E-04	2.31E-03	4.20E-03	2.13E-03	1.83E-03	6.25E-03	2.65E-03	3.99E-03	6.88E-03	5.80E-03	9.80E-03	2.95E-03	1.78E-03
G[C>G]A	1.03E-03	1.47E-03	5.02E-03	4.04E-03	5.14E-03	4.84E-03	1.89E-03	3.07E-03	4.28E-03	3.18E-03	1.19E-03	3.15E-03	3.36E-29
G[C>G]C	1.32E-04	2.50E-08	3.77E-03	1.39E-03	1.19E-03	1.68E-03	6.09E-03	5.24E-03	4.72E-03	1.31E-03	1.80E-03	2.26E-03	2.68E-03
G[C>G]G	4.83E-04	5.45E-08	2.67E-03	1.02E-03	2.10E-03	7.37E-04	1.28E-03	2.72E-03	2.83E-03	1.25E-03	3.59E-04	5.92E-07	1.03E-03
G[C>G]T	9.40E-04	3.37E-03	5.06E-03	1.01E-02	5.18E-03	1.26E-07	2.71E-04	8.01E-03	6.06E-03	2.11E-24	8.47E-03	6.16E-08	1.54E-03
G[C>T]A	1.79E-03	8.35E-04	3.93E-03	4.35E-03	5.90E-03	1.11E-02	6.81E-03	1.20E-02	9.55E-03	4.61E-03	8.30E-03	6.73E-03	1.23E-02
G[C>T]C	6.48E-04	6.21E-04	2.46E-03	1.02E-03	5.14E-03	5.44E-03	2.23E-03	5.70E-03	6.13E-03	7.98E-03	3.06E-03	9.34E-03	1.31E-03
G[C>T]G	2.66E-03	5.17E-03	7.82E-03	1.67E-02	2.45E-03	1.04E-02	5.89E-03	8.00E-03	1.25E-02	7.96E-03	8.26E-03	3.17E-03	3.54E-03
G[C>T]T	1.07E-03	9.80E-04	2.38E-03	5.88E-03	1.65E-03	6.13E-03	3.07E-03	4.91E-03	5.53E-03	7.86E-03	1.89E-03	4.31E-03	6.52E-03
G[T>A]A	1.66E-04	5.85E-04	1.59E-03	3.82E-03	2.51E-03	3.65E-03	2.10E-03	5.16E-03	2.49E-03	1.59E-03	4.06E-03	1.10E-03	3.50E-03
G[T>A]C	4.64E-09	3.96E-08	3.82E-03	2.09E-03	3.10E-03	1.18E-03	2.21E-03	2.92E-03	8.70E-04	1.46E-03	2.04E-03	2.44E-03	4.73E-07
G[T>A]G	3.25E-04	8.01E-04	1.67E-03	2.49E-03	4.34E-03	2.57E-03	5.54E-03	3.20E-03	6.37E-03	5.49E-04	8.96E-04	2.52E-03	2.65E-03
G[T>A]T	1.37E-04	6.38E-04	3.49E-03	5.38E-03	4.72E-03	2.79E-03	4.66E-03	2.82E-03	2.22E-03	1.20E-03	2.89E-03	4.01E-03	6.48E-04
G[T>C]A	1.27E-04	1.08E-03	3.38E-03	2.61E-03	1.14E-03	2.14E-03	1.04E-03	4.79E-03	8.29E-03	4.74E-03	2.78E-03	2.41E-03	4.82E-03
G[T>C]C	1.98E-04	1.06E-03	3.14E-03	5.29E-04	3.14E-03	3.76E-03	3.59E-03	3.68E-03	4.70E-03	7.59E-12	1.99E-03	2.75E-03	8.51E-03
G[T>C]G	2.03E-04	3.37E-08	2.63E-03	1.40E-03	1.51E-03	1.62E-03	3.91E-03	4.74E-03	5.80E-03	1.93E-04	4.73E-03	5.98E-03	1.39E-03
G[T>C]T	8.42E-06	2.08E-03	6.11E-04	2.23E-03	4.29E-03	4.25E-03	2.70E-03	2.73E-03	7.77E-03	2.25E-03	3.44E-03	3.87E-03	5.34E-03
G[T>G]A	0.00E+00	2.02E-08	5.95E-04	9.74E-04	3.14E-03	9.68E-04	5.12E-03	1.62E-03	1.60E-03	3.31E-03	4.19E-03	1.33E-03	4.64E-03
G[T>G]C	1.38E-04	1.58E-03	4.17E-04	2.03E-03	5.49E-04	3.63E-04	1.53E-03	2.55E-03	1.32E-03	5.56E-03	3.05E-03	1.38E-07	2.09E-03
G[T>G]G	3.12E-04	1.78E-03	2.69E-03	5.59E-03	2.54E-03	2.02E-07	3.22E-07	6.13E-03	5.31E-03	5.84E-03	5.30E-03	3.18E-03	6.57E-03
G[T>G]T	2.77E-04	1.53E-03	1.26E-03	5.80E-03	5.16E-03	6.77E-04	8.45E-03	1.98E-03	3.38E-03	1.30E-07	7.10E-03	7.52E-03	5.13E-03
T[C>A]A	4.91E-03	2.85E-03	4.25E-03	3.60E-03	3.60E-03	7.46E-03	8.33E-03	4.64E-03	4.60E-03	1.42E-02	4.87E-03	5.89E-03	2.84E-03
T[C>A]C	3.13E-03	8.20E-03	6.06E-03	1.18E-02	4.05E-03	1.04E-03	6.31E-03	3.66E-03	4.05E-03	7.69E-03	2.05E-03	8.15E-04	5.90E-03
T[C>A]G	9.10E-04	2.64E-03	1.37E-03	3.00E-03	1.32E-07	5.14E-03	4.07E-03	1.78E-03	0.00E+00	5.42E-03	1.42E-03	2.14E-03	2.43E-03
T[C>A]T	2.40E-03	3.49E-03	8.94E-03	1.21E-02	2.83E-03	7.23E-03	1.39E-02	9.78E-03	7.36E-03	7.02E-03	1.10E-02	5.80E-03	9.49E-03
T[C>G]A	9.21E-03	1.02E-02	9.02E-03	2.34E-02	1.93E-03	9.33E-03	8.29E-03	5.58E-03	3.48E-03	1.07E-02	6.50E-03	2.81E-03	1.27E-02
T[C>G]C	3.47E-03	1.04E-03	4.28E-03	6.57E-03	8.49E-03	3.08E-03	5.57E-03	1.50E-02	6.55E-03	2.00E-02	4.73E-03	7.34E-03	1.84E-02
T[C>G]G	1.01E-03	1.22E-03	2.78E-03	1.16E-07	1.66E-03	2.57E-07	1.55E-03	1.32E-03	4.35E-04	5.03E-03	1.84E-03	0.00E+00	1.72E-03
T[C>G]T	9.81E-03	1.21E-02	7.46E-03	2.47E-02	5.82E-03	5.80E-03	7.15E-03	1.01E-02	7.04E-03	1.86E-02	1.03E-02	8.12E-03	9.34E-03
T[C>T]A	8.74E-03	1.73E-02	6.09E-03	3.99E-02	1.66E-03	2.17E-02	4.89E-03	8.89E-03	8.37E-03	3.35E-02	1.11E-02	7.05E-03	2.92E-02
T[C>T]C	6.37E-03	2.14E-03	6.61E-03	1.03E-02	4.96E-03	1.04E-02	8.67E-03	4.95E-03	3.96E-03	6.57E-03	5.46E-03	9.73E-03	1.66E-02
T[C>T]G	7.42E-03	1.96E-03	3.83E-03	6.20E-03	4.37E-03	1.56E-02	1.52E-02	3.19E-03	7.71E-03	2.14E-02	2.23E-02	5.66E-03	3.50E-02
T[C>T]T	4.35E-03	2.68E-03	9.22E-03	1.57E-02	3.77E-03	1.47E-02	1.01E-02	4.72E-03	8.20E-03	1.73E-02	1.30E-02	6.58E-03	1.15E-02
T[T>A]A	3.01E-04	2.05E-03	6.77E-04	1.93E-03	3.83E-03	4.92E-03	1.19E-02	4.64E-04	5.10E-03	2.77E-03	1.12E-02	7.10E-03	4.56E-03
T[T>A]C	2.17E-04	1.34E-03	6.52E-03	4.00E-03	3.30E-03	4.10E-03	6.29E-03	4.00E-03	3.80E-03	1.80E-03	2.41E-03	5.09E-03	4.09E-03
T[T>A]G	1.64E-04	3.91E-08	2.55E-03	4.15E-03	2.59E-03	8.81E-04	3.37E-03	5.25E-03	9.98E-04	5.73E-03	5.71E-03	1.98E-03	4.80E-03
T[T>A]T	1.35E-05	2.53E-03	5.35E-03	5.76E-03	2.60E-03	5.13E-04	4.61E-03	3.76E-03	4.61E-03	1.56E-03	2.59E-03	4.29E-03	7.23E-04
T[T>C]A	0.00E+00	9.69E-04	2.37E-03	3.19E-03	2.65E-03	7.97E-03	7.30E-03	8.04E-03	2.78E-03	1.08E-07	4.26E-03	6.48E-03	2.51E-07
T[T>C]C	8.39E-05	9.23E-04	1.37E-03	5.98E-03	3.79E-03	4.34E-03	2.34E-03	8.09E-04	4.81E-03	1.87E-38	2.99E-03	4.62E-03	6.75E-03
T[T>C]G	2.15E-04	5.95E-04	1.59E-03	2.19E-04	3.27E-03	0.00E+00	7.25E-03	1.48E-07	9.82E-04	6.16E-03	2.34E-03	3.39E-07	3.18E-03
T[T>C]T	3.40E-09	7.33E-04	1.28E-03	3.72E-03	4.75E-03	6.08E-03	6.41E-03	1.53E-04	6.82E-03	1.04E-02	4.39E-03	6.40E-03	1.05E-02
T[T>G]A	3.36E-04	4.37E-08	3.23E-03	2.19E-28	6.62E-03	2.68E-03	2.98E-03	8.52E-04	2.12E-03	4.91E-03	1.94E-03	2.63E-03	8.09E-03
T[T>G]C	8.43E-05	9.62E-08	2.43E-03	5.34E-04	3.61E-03	2.29E-03	2.81E-03	1.05E-03	2.15E-03	2.95E-03	5.51E-04	4.62E-04	6.91E-04
T[T>G]G	0.00E+00	6.44E-08	1.97E-03	8.16E-06	2.56E-03	2.63E-03	3.55E-07	7.29E-03	1.98E-03	2.22E-03	1.24E-03	2.77E-03	3.44E-07
T[T>G]T	3.24E-04	4.98E-08	3.29E-03	1.53E-03	2.93E-03	3.93E-03	3.16E-03	1.44E-03	5.89E-03	1.97E-03	1.13E-03	2.73E-03	5.22E-03
