MutationType	DBS78A	DBS78B	DBS78C	DBS78D	DBS78E	DBS78F	DBS78G	DBS78H	DBS78I	DBS78J	DBS78K	DBS78L	DBS78M	DBS78N	DBS78O
AC>CA	5.03E-05	2.12E-06	4.33E-06	1.08E-01	2.29E-05	1.64E-05	3.33E-02	9.64E-06	4.71E-06	8.82E-06	6.29E-06	9.15E-06	1.28E-02	6.12E-06	6.30E-06
AC>CG	3.62E-05	2.85E-06	2.68E-06	4.02E-05	8.92E-06	1.92E-05	6.07E-06	7.53E-06	4.02E-09	3.96E-06	9.73E-06	7.36E-06	6.01E-06	4.62E-09	5.06E-07
AC>CT	4.97E-05	2.85E-06	2.60E-06	3.39E-05	8.92E-06	1.92E-05	6.07E-06	7.53E-06	3.67E-09	3.96E-06	7.83E-06	7.68E-06	3.45E-06	4.17E-09	5.06E-07
AC>GA	4.97E-05	2.85E-06	2.60E-06	2.75E-05	8.92E-06	1.92E-05	6.07E-06	7.53E-06	3.75E-09	3.96E-06	5.84E-06	7.21E-06	6.75E-06	3.65E-09	5.06E-07
AC>GG	5.01E-05	2.27E-07	5.82E-06	5.51E-06	7.70E-06	1.77E-05	9.37E-06	9.97E-02	1.08E-05	1.98E-05	9.96E-02	1.21E-05	1.10E-05	1.87E-05	2.39E-05
AC>GT	4.87E-05	2.85E-06	2.61E-06	1.76E-05	8.92E-06	1.92E-05	6.07E-06	7.53E-06	2.47E-09	3.96E-06	3.13E-06	7.31E-06	7.34E-06	3.35E-09	5.06E-07
AC>TA	4.84E-05	2.85E-06	2.61E-06	3.05E-05	8.92E-06	1.92E-05	6.07E-06	7.53E-06	2.60E-09	3.96E-06	7.09E-06	7.23E-06	8.16E-06	4.35E-09	5.06E-07
AC>TG	4.38E-05	2.85E-06	2.63E-06	3.37E-05	8.92E-06	1.92E-05	6.07E-06	7.53E-06	3.24E-09	3.96E-06	7.91E-06	6.88E-06	7.31E-06	4.28E-09	5.06E-07
AC>TT	4.99E-05	2.78E-06	5.22E-06	3.16E-06	1.75E-05	1.87E-05	6.49E-06	7.35E-06	1.20E-05	6.62E-02	5.55E-06	1.21E-05	1.99E-01	1.94E-05	1.94E-05
AT>CA	4.98E-05	2.85E-06	2.60E-06	3.03E-05	8.92E-06	1.92E-05	6.07E-06	7.53E-06	2.73E-09	3.96E-06	6.98E-06	7.44E-06	6.86E-06	4.26E-09	5.06E-07
AT>CC	4.96E-05	2.85E-06	2.60E-06	3.33E-05	8.92E-06	1.92E-05	6.07E-06	7.53E-06	2.88E-09	3.96E-06	7.89E-06	7.27E-06	6.79E-06	4.45E-09	5.06E-07
AT>CG	4.95E-05	2.85E-06	2.60E-06	3.29E-05	8.92E-06	1.92E-05	6.07E-06	7.53E-06	3.42E-09	3.96E-06	7.58E-06	7.09E-06	6.26E-06	4.15E-09	5.06E-07
AT>GA	4.89E-05	2.85E-06	2.60E-06	3.91E-05	8.92E-06	1.92E-05	6.07E-06	7.53E-06	2.83E-09	3.96E-06	9.69E-06	6.74E-06	1.01E-05	5.04E-09	5.05E-07
AT>GC	4.90E-05	2.85E-06	2.60E-06	3.60E-05	8.92E-06	1.92E-05	6.07E-06	7.53E-06	3.57E-09	3.96E-06	8.54E-06	7.96E-06	1.67E-06	4.40E-09	5.07E-07
AT>TA	4.95E-05	2.85E-06	2.60E-06	3.53E-05	8.92E-06	1.92E-05	6.07E-06	7.53E-06	3.41E-09	3.96E-06	8.32E-06	6.69E-06	8.50E-06	4.34E-09	5.05E-07
CC>AA	6.94E-04	3.05E-06	1.16E-01	4.26E-02	9.97E-02	1.30E-05	3.94E-02	5.68E-03	1.32E-05	1.22E-05	1.17E-05	8.68E-02	1.12E-01	1.85E-05	1.43E-05
CC>AG	5.53E-05	2.08E-06	2.47E-06	4.16E-05	6.97E-06	1.72E-05	8.35E-06	1.11E-05	9.93E-02	1.64E-05	1.09E-05	7.51E-06	1.05E-05	1.33E-05	1.77E-05
CC>AT	3.59E-04	2.97E-06	4.26E-06	8.72E-02	8.55E-06	2.20E-05	6.08E-06	4.02E-02	8.99E-08	2.04E-05	6.33E-06	9.13E-06	1.24E-05	4.51E-06	5.01E-07
CC>GA	4.94E-05	2.85E-06	2.60E-06	2.98E-05	8.92E-06	1.92E-05	6.07E-06	7.53E-06	3.39E-09	3.96E-06	6.63E-06	7.06E-06	6.46E-06	3.91E-09	5.06E-07
CC>GG	4.93E-05	2.85E-06	2.60E-06	2.93E-05	8.92E-06	1.92E-05	6.07E-06	7.53E-06	3.67E-09	3.96E-06	6.41E-06	6.89E-06	8.16E-06	3.80E-09	5.05E-07
CC>GT	9.48E-06	2.88E-06	5.27E-06	3.89E-05	3.27E-12	1.77E-05	9.55E-06	6.55E-06	1.67E-05	2.33E-05	1.02E-05	7.65E-07	9.85E-06	1.10E-04	2.09E-05
CC>TA	2.71E-05	9.51E-02	5.97E-06	3.07E-02	2.46E-05	1.13E-04	4.52E-02	1.13E-05	1.33E-05	2.04E-05	1.00E-05	1.37E-01	9.82E-02	1.16E-05	1.69E-05
CC>TG	1.22E-05	3.72E-06	1.51E-01	5.04E-06	9.98E-02	2.29E-05	8.20E-06	1.20E-01	1.93E-05	2.48E-05	1.33E-05	1.30E-05	9.66E-06	1.92E-05	1.85E-05
CC>TT	4.69E-06	6.76E-02	2.28E-06	4.21E-05	7.07E-06	8.35E-04	5.63E-06	1.05E-05	1.44E-05	1.99E-01	9.58E-06	1.22E-05	1.20E-05	1.27E-05	9.30E-06
CG>AT	4.96E-05	2.85E-06	2.60E-06	2.40E-05	8.92E-06	1.92E-05	6.07E-06	7.53E-06	3.50E-09	3.96E-06	4.82E-06	7.22E-06	5.90E-06	3.43E-09	5.06E-07
CG>GC	4.96E-05	2.85E-06	2.60E-06	3.28E-05	8.92E-06	1.92E-05	6.07E-06	7.53E-06	3.40E-09	3.96E-06	7.56E-06	6.69E-06	8.53E-06	4.14E-09	5.05E-07
CG>GT	4.92E-05	2.85E-06	2.60E-06	1.94E-05	8.92E-06	1.92E-05	6.07E-06	7.53E-06	3.65E-09	3.96E-06	3.37E-06	7.55E-06	4.62E-06	3.08E-09	5.06E-07
CG>TA	4.85E-05	2.85E-06	2.61E-06	3.29E-05	8.92E-06	1.92E-05	6.07E-06	7.53E-06	3.23E-09	3.96E-06	7.67E-06	7.56E-06	4.06E-06	4.24E-09	5.06E-07
CG>TC	4.90E-05	2.85E-06	2.60E-06	2.24E-05	8.92E-06	1.92E-05	6.07E-06	7.53E-06	3.08E-09	3.96E-06	4.47E-06	7.59E-06	3.73E-06	3.44E-09	5.06E-07
CG>TT	4.97E-05	2.85E-06	2.60E-06	3.44E-05	8.92E-06	1.92E-05	6.07E-06	7.53E-06	2.43E-09	3.96E-06	8.31E-06	6.49E-06	1.21E-05	4.81E-09	5.05E-07
CT>AA	2.85E-06	2.92E-06	6.21E-06	3.99E-02	1.52E-05	1.73E-05	1.06E-01	9.90E-06	1.39E-05	7.38E-06	9.30E-06	1.30E-07	9.46E-06	2.22E-05	1.18E-05
CT>AC	3.32E-02	3.09E-07	3.33E-02	4.36E-02	1.02E-05	1.70E-05	6.01E-06	8.04E-02	1.79E-07	1.09E-05	2.98E-06	1.21E-05	1.68E-05	9.03E-06	9.69E-06
CT>AG	4.87E-05	2.85E-06	2.61E-06	2.31E-05	8.92E-06	1.92E-05	6.07E-06	7.53E-06	3.19E-09	3.96E-06	4.65E-06	7.03E-06	6.53E-06	3.45E-09	5.06E-07
CT>GA	4.91E-05	2.85E-06	2.60E-06	2.17E-05	8.92E-06	1.92E-05	6.07E-06	7.53E-06	3.03E-09	3.96E-06	4.24E-06	7.68E-06	3.52E-06	3.40E-09	5.06E-07
CT>GC	1.60E-06	1.49E-06	6.47E-06	1.98E-01	7.80E-06	1.79E-05	4.86E-06	7.46E-06	1.73E-05	1.02E-05	1.50E-01	9.21E-06	5.59E-06	1.99E-05	2.05E-05
CT>GG	4.87E-05	2.85E-06	2.61E-06	3.27E-05	8.92E-06	1.92E-05	6.07E-06	7.53E-06	3.67E-09	3.96E-06	7.45E-06	7.50E-06	4.52E-06	4.07E-09	5.06E-07
CT>TA	4.98E-05	2.85E-06	2.60E-06	3.92E-05	8.92E-06	1.92E-05	6.07E-06	7.53E-06	3.76E-09	3.96E-06	9.43E-06	7.06E-06	6.86E-06	4.57E-09	5.06E-07
CT>TC	4.58E-05	2.85E-06	2.62E-06	3.71E-05	8.92E-06	1.92E-05	6.07E-06	7.53E-06	3.82E-09	3.96E-06	8.79E-06	7.01E-06	7.55E-06	4.39E-09	5.06E-07
CT>TG	4.96E-05	2.85E-06	2.60E-06	4.02E-05	8.92E-06	1.92E-05	6.07E-06	7.53E-06	3.84E-09	3.96E-06	9.73E-06	7.07E-06	6.99E-06	4.64E-09	5.06E-07
GC>AA	1.49E-06	4.00E-02	6.70E-02	4.06E-06	9.57E-06	1.22E-04	6.14E-06	7.51E-06	8.14E-06	2.06E-05	5.77E-06	1.52E-01	4.05E-06	1.85E-05	4.47E-06
GC>AG	4.93E-05	2.85E-06	2.60E-06	2.57E-05	8.92E-06	1.92E-05	6.07E-06	7.53E-06	3.34E-09	3.96E-06	5.41E-06	7.39E-06	4.66E-06	3.61E-09	5.06E-07
GC>AT	4.96E-05	2.85E-06	2.60E-06	3.39E-05	8.92E-06	1.92E-05	6.07E-06	7.53E-06	3.25E-09	3.96E-06	7.96E-06	7.22E-06	5.58E-06	4.31E-09	5.06E-07
GC>CA	4.99E-05	2.85E-06	2.60E-06	3.29E-05	8.92E-06	1.92E-05	6.07E-06	7.53E-06	3.21E-09	3.96E-06	7.67E-06	7.51E-06	4.29E-06	4.25E-09	5.06E-07
GC>CG	4.93E-05	2.85E-06	2.60E-06	3.84E-05	8.92E-06	1.92E-05	6.07E-06	7.53E-06	3.03E-09	3.96E-06	9.49E-06	7.72E-06	7.66E-06	4.97E-09	5.06E-07
GC>TA	4.93E-05	2.85E-06	2.60E-06	2.21E-05	8.92E-06	1.92E-05	6.07E-06	7.53E-06	2.44E-09	3.96E-06	4.52E-06	7.34E-06	7.64E-06	3.71E-09	5.06E-07
TA>AT	6.03E-05	2.80E-06	4.59E-06	4.40E-06	1.03E-05	1.89E-05	1.13E-05	1.90E-01	2.20E-05	1.89E-05	8.74E-06	9.15E-06	1.02E-05	1.74E-05	1.62E-05
TA>CG	4.96E-05	2.85E-06	2.60E-06	3.70E-05	8.92E-06	1.92E-05	6.07E-06	7.53E-06	3.18E-09	3.96E-06	8.96E-06	7.43E-06	5.41E-06	4.64E-09	5.06E-07
TA>CT	4.92E-05	2.85E-06	2.60E-06	3.63E-05	8.92E-06	1.92E-05	6.07E-06	7.53E-06	3.49E-09	3.96E-06	8.61E-06	6.82E-06	7.83E-06	4.41E-09	5.05E-07
TA>GC	4.67E-05	2.85E-06	2.62E-06	3.61E-05	8.92E-06	1.92E-05	6.07E-06	7.53E-06	2.99E-09	3.96E-06	8.79E-06	8.02E-06	7.35E-06	4.78E-09	5.07E-07
TA>GG	4.31E-05	2.85E-06	2.64E-06	3.94E-05	8.92E-06	1.92E-05	6.07E-06	7.53E-06	3.71E-09	3.96E-06	9.56E-06	7.52E-06	3.98E-06	4.64E-09	5.06E-07
TA>GT	2.42E-05	7.40E-07	4.51E-06	8.21E-02	3.70E-06	1.76E-05	4.01E-02	9.82E-06	6.05E-06	8.62E-06	9.78E-06	3.49E-02	7.71E-02	3.80E-06	1.58E-05
TC>AA	4.96E-05	2.79E-06	3.65E-06	5.20E-02	8.92E-06	1.88E-05	6.63E-06	7.37E-06	1.48E-06	6.58E-06	5.25E-06	6.78E-06	5.35E-06	9.92E-06	5.06E-07
TC>AG	4.93E-05	2.85E-06	2.60E-06	3.73E-05	8.92E-06	1.92E-05	6.07E-06	7.53E-06	3.53E-09	3.96E-06	8.93E-06	6.95E-06	7.04E-06	4.49E-09	5.06E-07
TC>AT	1.11E-01	3.24E-02	1.24E-01	3.63E-02	2.48E-05	9.40E-06	1.10E-05	7.35E-02	1.79E-05	1.55E-05	9.26E-06	9.58E-02	9.55E-06	1.95E-05	2.26E-05
TC>CA	4.98E-05	2.85E-06	2.60E-06	2.42E-05	8.92E-06	1.92E-05	6.07E-06	7.53E-06	3.08E-09	3.96E-06	5.02E-06	7.11E-06	6.12E-06	3.57E-09	5.06E-07
TC>CG	4.98E-05	2.85E-06	2.60E-06	1.64E-05	8.92E-06	1.92E-05	6.07E-06	7.53E-06	2.39E-09	3.96E-06	2.77E-06	8.21E-06	7.32E-06	3.32E-09	5.07E-07
TC>CT	4.94E-05	2.85E-06	2.60E-06	3.73E-05	8.92E-06	1.92E-05	6.07E-06	7.53E-06	3.75E-09	3.96E-06	8.84E-06	6.98E-06	7.44E-06	4.41E-09	5.06E-07
TC>GA	4.95E-05	2.85E-06	2.60E-06	3.10E-05	8.92E-06	1.92E-05	6.07E-06	7.53E-06	3.43E-09	3.96E-06	7.16E-06	1.03E-05	1.23E-05	4.20E-09	5.09E-07
TC>GG	4.98E-05	2.85E-06	2.60E-06	3.13E-05	8.92E-06	1.92E-05	6.07E-06	7.53E-06	2.87E-09	3.96E-06	7.23E-06	6.74E-06	8.45E-06	4.22E-09	5.05E-07
TC>GT	2.04E-05	3.28E-06	2.62E-06	1.18E-05	7.68E-06	1.55E-05	5.95E-06	8.15E-06	9.53E-06	7.91E-06	9.77E-06	9.69E-06	1.22E-05	1.83E-05	9.92E-02
TG>AA	4.85E-05	2.85E-06	2.61E-06	3.65E-05	8.92E-06	1.92E-05	6.07E-06	7.53E-06	3.60E-09	3.96E-06	8.66E-06	7.08E-06	6.48E-06	4.40E-09	5.06E-07
TG>AC	4.80E-05	2.85E-06	2.61E-06	3.30E-05	8.92E-06	1.92E-05	6.07E-06	7.53E-06	3.48E-09	3.96E-06	7.66E-06	8.26E-06	1.20E-06	4.19E-09	5.07E-07
TG>AT	5.06E-05	3.20E-06	1.59E-01	1.04E-01	9.37E-06	1.98E-05	8.48E-06	1.12E-05	3.16E-06	2.16E-05	1.15E-05	9.63E-06	1.45E-05	2.43E-05	1.41E-05
TG>CA	4.93E-05	2.85E-06	2.60E-06	3.89E-05	8.92E-06	1.92E-05	6.07E-06	7.53E-06	3.82E-09	3.96E-06	9.46E-06	9.43E-06	6.92E-06	4.68E-09	5.08E-07
TG>CC	9.16E-06	9.00E-07	5.35E-07	2.52E-05	8.34E-06	2.65E-06	1.05E-06	9.81E-06	9.93E-02	1.93E-01	7.06E-06	9.60E-06	9.35E-06	2.32E-05	1.77E-05
TG>CT	5.30E-05	1.50E-06	6.19E-06	4.10E-05	4.64E-06	1.70E-05	8.45E-06	9.28E-06	1.78E-05	2.10E-05	1.11E-01	8.76E-06	9.86E-06	1.80E-05	9.16E-06
TG>GA	6.13E-06	2.66E-06	3.84E-06	1.72E-05	1.10E-05	1.90E-05	1.13E-01	9.45E-06	8.79E-06	1.94E-05	5.85E-06	1.04E-05	1.99E-01	1.71E-05	1.70E-05
TG>GC	1.22E-01	5.21E-07	4.44E-06	4.94E-06	1.52E-05	2.05E-05	8.94E-06	9.22E-06	1.63E-05	2.09E-05	1.08E-05	2.00E-01	1.88E-05	1.64E-05	9.94E-02
TG>GT	4.84E-05	2.85E-06	2.61E-06	3.43E-05	8.92E-06	1.92E-05	6.07E-06	7.53E-06	3.75E-09	3.96E-06	7.94E-06	7.62E-06	4.07E-06	4.19E-09	5.06E-07
TT>AA	8.72E-06	2.90E-02	1.91E-06	3.73E-05	8.42E-06	1.27E-04	5.85E-06	7.87E-06	4.86E-06	1.92E-05	8.52E-06	8.50E-06	2.10E-06	2.17E-06	4.54E-06
TT>AC	4.89E-05	2.85E-06	2.60E-06	4.55E-06	8.92E-06	1.92E-05	6.07E-06	7.53E-06	2.66E-09	3.96E-06	2.17E-06	7.64E-06	7.61E-06	2.33E-09	5.06E-07
TT>AG	4.94E-05	2.85E-06	2.60E-06	1.52E-05	8.92E-06	1.92E-05	6.07E-06	7.53E-06	3.18E-09	3.96E-06	2.22E-06	7.70E-06	3.02E-06	2.89E-09	5.06E-07
TT>CA	4.95E-05	2.85E-06	2.60E-06	3.51E-05	8.92E-06	1.92E-05	6.07E-06	7.53E-06	3.48E-09	3.96E-06	8.26E-06	7.66E-06	3.19E-06	4.34E-09	5.06E-07
TT>CC	4.97E-05	2.85E-06	2.60E-06	3.21E-05	8.92E-06	1.92E-05	6.07E-06	7.53E-06	2.96E-09	3.96E-06	7.48E-06	7.64E-06	5.33E-06	4.31E-09	5.06E-07
TT>CG	4.82E-05	2.85E-06	2.61E-06	3.52E-05	8.92E-06	1.92E-05	6.07E-06	7.53E-06	3.48E-09	3.96E-06	8.27E-06	6.85E-06	7.70E-06	4.31E-09	5.05E-07
TT>GA	4.96E-05	2.85E-06	2.60E-06	3.24E-05	8.92E-06	1.92E-05	6.07E-06	7.53E-06	3.05E-09	3.96E-06	7.52E-06	6.57E-06	9.10E-06	4.23E-09	5.05E-07
TT>GC	4.86E-05	2.85E-06	2.61E-06	2.43E-05	8.92E-06	1.92E-05	6.07E-06	7.53E-06	3.08E-09	3.96E-06	5.05E-06	7.33E-06	5.01E-06	3.58E-09	5.06E-07
TT>GG	4.94E-05	2.85E-06	2.60E-06	3.15E-05	8.92E-06	1.92E-05	6.07E-06	7.53E-06	2.84E-09	3.96E-06	7.32E-06	7.08E-06	7.22E-06	4.28E-09	5.06E-07
