MutationType	DBS1	DBS2	DBS78A	DBS78B	DBS78D	DBS78E	DBS78F	DBS78G	DBS78H	DBS78I	DBS78J	DBS78K	DBS78M	DBS78N	DBS78O
AC>CA	0.00004970	0.00037408	0.00006313	0.00558173	0.00143370	0.00503528	0.00005743	0.01089088	0.00435050	0.01307464	0.00190361	0.00420756	0.01171404	0.00006284	0.01420065
AC>CG	0.00002640	0.00003170	0.00007700	0.00006767	0.00006200	0.00006761	0.00006677	0.00007101	0.00007566	0.00007087	0.00006941	0.00006788	0.00006748	0.00007460	0.00008240
AC>CT	0.00429109	0.00012603	0.00007700	0.00006767	0.00006200	0.00006761	0.00006677	0.00007101	0.00007566	0.00007087	0.00006941	0.00006788	0.00006748	0.00007460	0.00008240
AC>GA	0.00012703	0.00023705	0.00004107	0.16931063	0.00287664	0.00981889	0.00373611	0.00004035	0.02863149	0.00419611	0.00478162	0.00003917	0.00003455	0.00004461	0.00890268
AC>GG	0.00005710	0.00000000	0.00007700	0.00006767	0.00006200	0.00006761	0.00006677	0.00007101	0.00007566	0.00007087	0.00006941	0.00006788	0.00006748	0.00007460	0.00008240
AC>GT	0.00296075	0.00028006	0.00007700	0.00006767	0.00006200	0.00006761	0.00006677	0.00007101	0.00007566	0.00007087	0.00006941	0.00006788	0.00006748	0.00007460	0.00008240
AC>TA	0.00120031	0.00148031	0.00433490	0.05010111	0.00003050	0.01307025	0.05400804	0.00004496	0.02079920	0.00770690	0.00593750	0.00951367	0.00926480	0.02186352	0.01878349
AC>TG	0.00017204	0.00000636	0.00006209	0.00005778	0.00403438	0.00005641	0.00744054	0.02318454	0.00448573	0.00352438	0.01139683	0.01874816	0.00374994	0.00006170	0.01099389
AC>TT	0.02650674	0.00292062	0.00007700	0.00006767	0.00006200	0.00006761	0.00006677	0.00007101	0.00007566	0.00007087	0.00006941	0.00006788	0.00006748	0.00007460	0.00008240
AT>CA	0.00048212	0.00003780	0.00007700	0.00006767	0.00006200	0.00006761	0.00006677	0.00007101	0.00007566	0.00007087	0.00006941	0.00006788	0.00006748	0.00007460	0.00008240
AT>CC	0.00029708	0.00000000	0.00006626	0.01240510	0.00004997	0.00005834	0.00307214	0.00955675	0.00006445	0.01884120	0.00409826	0.00336894	0.00005677	0.00434734	0.00671384
AT>CG	0.00000398	0.00000000	0.00007700	0.00006767	0.00006200	0.00006761	0.00006677	0.00007101	0.00007566	0.00007087	0.00006941	0.00006788	0.00006748	0.00007460	0.00008240
AT>GA	0.00212054	0.00016804	0.00133791	0.01157903	0.00548259	0.00005545	0.00563593	0.00835475	0.00227456	0.01093060	0.00213010	0.01009833	0.01385625	0.00615677	0.01295493
AT>GC	0.00017404	0.00000585	0.00007700	0.00006767	0.00006200	0.00006761	0.00006677	0.00007101	0.00007566	0.00007087	0.00006941	0.00006788	0.00006748	0.00007460	0.00008240
AT>TA	0.00234060	0.00045810	0.00526800	0.03227770	0.00003699	0.00707458	0.01640492	0.01955640	0.01307052	0.00786654	0.00419504	0.00735623	0.01014840	0.00890333	0.00005859
CC>AA	0.00001060	0.72415324	0.00002266	0.00003195	0.00001230	0.00002860	0.00002565	0.00004319	0.00001650	0.00002954	0.00002473	0.00003070	0.00002964	0.00002848	0.00003033
CC>AG	0.00001230	0.07261537	0.00001400	0.00003586	0.00000964	0.00002941	0.00003255	0.00004063	0.00002389	0.00002704	0.67156070	0.00002693	0.00001980	0.00002133	0.00002881
CC>AT	0.01870475	0.10002116	0.00403816	0.00003228	0.00001115	0.24033777	0.01426922	0.02294177	0.01602604	0.01277737	0.03593625	0.00003263	0.00950715	0.00908971	0.01533774
CC>GA	0.00013403	0.01770375	0.00002526	0.00003318	0.00001832	0.00003283	0.21430199	0.00951485	0.00757997	0.01856774	0.00002609	0.00606744	0.01156753	0.01743854	0.03796431
CC>GG	0.00009820	0.00045010	0.00007700	0.00006767	0.00006200	0.00006761	0.00006677	0.00007101	0.00007566	0.00007087	0.00006941	0.00006788	0.00006748	0.00007460	0.00008240
CC>GT	0.00692176	0.00110023	0.00003908	0.07778952	0.01677991	0.00501550	0.00667304	0.02493121	0.01030827	0.00769574	0.00477836	0.03437440	0.01454766	0.01121142	0.01852951
CC>TA	0.01040264	0.01600339	0.00919852	0.02618783	0.00739664	0.00002918	0.00003460	0.01279933	0.01157356	0.16844387	0.00832448	0.00002316	0.01937562	0.02948897	0.04522934
CC>TG	0.00255065	0.00023705	0.00119123	0.02769896	0.00285635	0.00260190	0.03182562	0.00005041	0.01185164	0.00004693	0.01042966	0.01689303	0.00911605	0.04794459	0.01327491
CC>TT	0.85821813	0.00000000	0.00001310	0.00002941	0.01175456	0.00002777	0.00002156	0.00002857	0.00001971	0.00002377	0.00001957	0.00003352	0.00224065	0.00002049	0.00002704
CG>AT	0.00000060	0.00115024	0.00124616	0.00928992	0.00376795	0.01070178	0.00374872	0.01121241	0.00006050	0.00261067	0.00242863	0.01036954	0.02484242	0.00697761	0.00878127
CG>GC	0.00000542	0.00036908	0.00007700	0.00006767	0.00006200	0.00006761	0.00006677	0.00007101	0.00007566	0.00007087	0.00006941	0.00006788	0.00006748	0.00007460	0.00008240
CG>GT	0.00000170	0.00128027	0.00007700	0.00006767	0.00006200	0.00006761	0.00006677	0.00007101	0.00007566	0.00007087	0.00006941	0.00006788	0.00006748	0.00007460	0.00008240
CG>TA	0.00035609	0.00000000	0.00239869	0.00953764	0.00488745	0.01133469	0.01603047	0.00743788	0.00359634	0.00993575	0.00171773	0.00005316	0.00282723	0.00243200	0.00598355
CG>TC	0.00001260	0.00215045	0.00003188	0.02766025	0.00401357	0.07798437	0.01711274	0.02823547	0.01457437	0.01947214	0.00477951	0.02653352	0.03277240	0.01958406	0.01426379
CG>TT	0.00012403	0.00556118	0.00274351	0.06887310	0.00558732	0.00307020	0.00004784	0.00372508	0.00358901	0.01002575	0.00004751	0.00004782	0.00419738	0.01111898	0.00670259
CT>AA	0.00002770	0.00321068	0.00007700	0.00006767	0.00006200	0.00006761	0.00006677	0.00007101	0.00007566	0.00007087	0.00006941	0.00006788	0.00006748	0.00007460	0.00008240
CT>AC	0.00041911	0.00000000	0.00006203	0.00464861	0.00266672	0.00367009	0.00242703	0.00706730	0.00643468	0.01091668	0.00171697	0.00890854	0.01583042	0.00519954	0.00435829
CT>AG	0.00000000	0.00058712	0.00174195	0.03147996	0.00606776	0.01999802	0.01856054	0.01248699	0.00305862	0.02774686	0.00703752	0.01330729	0.00950882	0.01110856	0.03914207
CT>GA	0.00008920	0.00001810	0.01266492	0.05086559	0.00126743	0.00515972	0.00716377	0.01523243	0.01251713	0.01756882	0.00557802	0.00336869	0.00518099	0.00448592	0.00005655
CT>GC	0.00025206	0.00013403	0.00007700	0.00006767	0.00006200	0.00006761	0.00006677	0.00007101	0.00007566	0.00007087	0.00006941	0.00006788	0.00006748	0.00007460	0.00008240
CT>GG	0.00001080	0.00008980	0.00003706	0.03674199	0.00819665	0.00999089	0.04357574	0.03200909	0.01588278	0.03050660	0.00714739	0.00999406	0.00002849	0.00004106	0.01143190
CT>TA	0.00781198	0.00338071	0.00550881	0.00003362	0.00001784	0.01513052	0.00003578	0.25077088	0.01497159	0.00829294	0.00998939	0.00003360	0.00002949	0.02078560	0.00769625
CT>TC	0.01050267	0.00003840	0.00133648	0.00421508	0.00318035	0.00005537	0.02242406	0.00336894	0.00164227	0.01187085	0.00005487	0.01939844	0.00242524	0.01641877	0.00451488
CT>TG	0.00224057	0.00039008	0.00820008	0.02317288	0.00605974	0.05369936	0.02426342	0.09879376	0.04096714	0.00888675	0.00995553	0.00002451	0.00888407	0.01208747	0.00951156
GC>AA	0.00158040	0.00508108	0.86629725	0.00003427	0.00001003	0.00002960	0.00003740	0.00006642	0.00003732	0.00002905	0.00002173	0.00002364	0.00002999	0.00002526	0.00003113
GC>AG	0.00010703	0.00032507	0.00886595	0.00003812	0.00495848	0.01025029	0.01000780	0.00003975	0.01359430	0.00004114	0.02621315	0.19497309	0.00003399	0.00952452	0.00437473
GC>AT	0.00004870	0.00095320	0.00001864	0.00002302	0.00000990	0.00832110	0.00002841	0.00002397	0.00001604	0.00002235	0.01715691	0.00002351	0.00002109	0.43753147	0.00002689
GC>CA	0.00005760	0.00106022	0.00003850	0.01663824	0.01319043	0.01938018	0.09510528	0.01939995	0.00003900	0.02752690	0.00002849	0.03958503	0.02479697	0.00003780	0.00004397
GC>CG	0.00000515	0.00006690	0.00007700	0.00006767	0.00006200	0.00006761	0.00006677	0.00007101	0.00007566	0.00007087	0.00006941	0.00006788	0.00006748	0.00007460	0.00008240
GC>TA	0.00000083	0.00073616	0.00336842	0.02224919	0.00683136	0.00590470	0.04940543	0.00004777	0.00373589	0.01384982	0.00170615	0.01498203	0.01505326	0.00991016	0.00242810
TA>AT	0.00050513	0.00275058	0.00420095	0.02263656	0.01253737	0.07741027	0.03007848	0.00558537	0.00004232	0.01226188	0.00003131	0.01413540	0.03623735	0.01041462	0.02929961
TA>CG	0.00000755	0.00001890	0.00007700	0.00006767	0.00006200	0.00006761	0.00006677	0.00007101	0.00007566	0.00007087	0.00006941	0.00006788	0.00006748	0.00007460	0.00008240
TA>CT	0.00070218	0.00028006	0.00003894	0.04154317	0.00721544	0.01545162	0.04071677	0.00003861	0.01221505	0.01889739	0.00702208	0.03318910	0.00527408	0.00419365	0.03368564
TA>GC	0.00002010	0.00008220	0.00007700	0.00006767	0.00006200	0.00006761	0.00006677	0.00007101	0.00007566	0.00007087	0.00006941	0.00006788	0.00006748	0.00007460	0.00008240
TA>GG	0.00007030	0.00007890	0.00007700	0.00006767	0.00006200	0.00006761	0.00006677	0.00007101	0.00007566	0.00007087	0.00006941	0.00006788	0.00006748	0.00007460	0.00008240
TA>GT	0.00115029	0.00130028	0.00007700	0.00006767	0.00006200	0.00006761	0.00006677	0.00007101	0.00007566	0.00007087	0.00006941	0.00006788	0.00006748	0.00007460	0.00008240
TC>AA	0.00001090	0.00145031	0.02306809	0.00003650	0.00000738	0.00002517	0.00003924	0.00002237	0.62577582	0.00002508	0.01143313	0.00002540	0.00001767	0.00002421	0.00003114
TC>AG	0.00000309	0.00020004	0.00001614	0.00003300	0.03046875	0.00002457	0.00003642	0.00003181	0.00002224	0.00003075	0.01331167	0.00372687	0.47637294	0.00907947	0.00003253
TC>AT	0.00246063	0.00000000	0.00001438	0.00003207	0.74432934	0.00002833	0.00002997	0.00002466	0.00001836	0.00002708	0.01185768	0.00005746	0.00005036	0.00001656	0.00002595
TC>CA	0.00000442	0.00068214	0.00218413	0.03205393	0.00002534	0.06690451	0.01524887	0.03666713	0.01457386	0.00479473	0.00003910	0.00005705	0.02619019	0.00756838	0.01996234
TC>CG	0.00003300	0.00000389	0.00004587	0.04416338	0.00002786	0.00556994	0.04052013	0.00003764	0.01098029	0.05138668	0.00809806	0.03047363	0.00838006	0.02596715	0.00242095
TC>CT	0.00190048	0.00335071	0.00002656	0.00002878	0.00001552	0.00003101	0.00003411	0.01210804	0.00792561	0.28090275	0.00740286	0.00002400	0.01050372	0.01699918	0.01929628
TC>GA	0.00006420	0.00088519	0.00001676	0.00002963	0.00000958	0.00002458	0.00002954	0.00002317	0.00002757	0.00002963	0.03366221	0.00002379	0.02762063	0.01209889	0.44424746
TC>GG	0.00041110	0.00000987	0.00431318	0.01975043	0.00292064	0.02317488	0.02358051	0.02828763	0.00320498	0.00557527	0.00722918	0.00743284	0.02720041	0.01143010	0.01084279
TC>GT	0.00510130	0.00008570	0.00003466	0.00003879	0.03988547	0.00003518	0.02149245	0.00003859	0.00003479	0.02198193	0.00003180	0.16886602	0.03623318	0.00003629	0.00004439
TG>AA	0.00137035	0.00296063	0.00629507	0.00003728	0.00109646	0.01249418	0.00003440	0.14875195	0.01734741	0.01595828	0.00170151	0.02514317	0.02352640	0.01781046	0.02576770
TG>AC	0.00023706	0.00022005	0.00007700	0.00006767	0.00006200	0.00006761	0.00006677	0.00007101	0.00007566	0.00007087	0.00006941	0.00006788	0.00006748	0.00007460	0.00008240
TG>AT	0.00241061	0.00429091	0.00724989	0.00003923	0.01553525	0.13310287	0.04233426	0.00003688	0.00702446	0.00004020	0.00888583	0.03877241	0.00741337	0.05643148	0.01850090
TG>CA	0.00027907	0.00014403	0.00106714	0.00723279	0.00004673	0.00910149	0.01884640	0.01667441	0.00006039	0.00005886	0.00371245	0.01205470	0.01421273	0.00005927	0.00006802
TG>CC	0.00010303	0.00005940	0.00117107	0.00612606	0.00004798	0.00710219	0.00745302	0.00243324	0.00421644	0.00746661	0.00005524	0.01311445	0.00539624	0.00473917	0.00007109
TG>CT	0.00185047	0.00307065	0.00393303	0.01416317	0.00001924	0.02099898	0.04108989	0.01188933	0.00002972	0.06308583	0.00562479	0.06170722	0.01110143	0.04229165	0.01398977
TG>GA	0.00040710	0.00147031	0.00170220	0.02494179	0.00281911	0.00420483	0.01558576	0.00864017	0.00370643	0.00005901	0.00420756	0.00668790	0.00005263	0.00225093	0.00006731
TG>GC	0.00008890	0.00027206	0.00007700	0.00006767	0.00006200	0.00006761	0.00006677	0.00007101	0.00007566	0.00007087	0.00006941	0.00006788	0.00006748	0.00007460	0.00008240
TG>GT	0.00190048	0.00640136	0.00005833	0.00419151	0.00002903	0.03086590	0.00715975	0.06538585	0.00893251	0.01577565	0.00136902	0.03708590	0.00479933	0.01231444	0.01418659
TT>AA	0.00549140	0.00431091	0.00007700	0.00006767	0.00006200	0.00006761	0.00006677	0.00007101	0.00007566	0.00007087	0.00006941	0.00006788	0.00006748	0.00007460	0.00008240
TT>AC	0.00072018	0.00034507	0.00005123	0.01572156	0.00800992	0.02699810	0.00004465	0.00004476	0.00697594	0.00723567	0.00922545	0.04950261	0.00319720	0.02370754	0.01851224
TT>AG	0.00041811	0.00021505	0.00091311	0.00227138	0.00325605	0.01565036	0.01304694	0.00896008	0.00583802	0.00479619	0.00005588	0.00307830	0.00664816	0.01178748	0.01288704
TT>CA	0.00072518	0.00000000	0.00007700	0.00006767	0.00006200	0.00006761	0.00006677	0.00007101	0.00007566	0.00007087	0.00006941	0.00006788	0.00006748	0.00007460	0.00008240
TT>CC	0.00542138	0.00000298	0.00007700	0.00006767	0.00006200	0.00006761	0.00006677	0.00007101	0.00007566	0.00007087	0.00006941	0.00006788	0.00006748	0.00007460	0.00008240
TT>CG	0.00008380	0.00001520	0.00007700	0.00006767	0.00006200	0.00006761	0.00006677	0.00007101	0.00007566	0.00007087	0.00006941	0.00006788	0.00006748	0.00007460	0.00008240
TT>GA	0.00186047	0.00004790	0.00133731	0.00887904	0.00389076	0.00419440	0.00796153	0.01228817	0.00172104	0.00629969	0.00005398	0.03430656	0.00281781	0.00282482	0.00933960
TT>GC	0.00106027	0.00000154	0.00007700	0.00006767	0.00006200	0.00006761	0.00006677	0.00007101	0.00007566	0.00007087	0.00006941	0.00006788	0.00006748	0.00007460	0.00008240
TT>GG	0.00161041	0.00000000	0.00006111	0.03570470	0.00276004	0.00696328	0.00545385	0.00835820	0.00164217	0.00848369	0.00213162	0.00639797	0.00337610	0.00213698	0.00228324
