MutationType	SBS96A	SBS96B	SBS96C	SBS96D	SBS96E	SBS96F	SBS96G	SBS96H	SBS96I	SBS96J	SBS96K	SBS96L
A[C>A]A	0.004703227849677205	0.0005047429120465519	0.00905183730646968	0.024469796940684317	0.022808277420699595	0.012975009437650443	0.00952818701043725	0.0073443535715341565	0.028101611137390136	0.010963451862335206	0.03366897590458393	0.023342466864232848
A[C>A]C	0.00015388242900371552	0.0004795741389005006	0.008506809594109654	0.01966996304690838	0.0012536449120034376	0.0262979906052351	0.019911652896553278	0.010422595031559467	0.005748757334640686	0.017148298025131226	0.01654719077050686	0.0007058370168993022
A[C>A]G	0.0036824949347646907	0.00033873349311761556	0.0015532728284597397	0.00226547378115356	0.0038174621760845183	0.005945770210371393	0.0012105481931939722	0.0013552363590733306	0.0025623908824414345	0.005250139311032823	0.00695167377780308	0.011162330023944378
A[C>A]T	0.0029846271965652703	0.0007046161219477654	0.006939662527292967	0.005280156373237333	0.02511267699301243	7.521760835516033e-07	0.03131223302334547	0.013761080732547271	0.024528057128190995	0.0017349322003838096	0.021109816804528236	0.009487690404057503
A[C>G]A	0.0029906539854943626	0.005412439163774272	0.005606350488960743	0.009442776907235384	0.009871540125459433	0.008625638369739619	0.006429488584399223	0.006702966801822185	0.022841826826334	0.0067804473389514895	0.013058136679364906	0.005316670353613518
A[C>G]C	5.090154786558506e-08	0.0050777456723153595	0.0	0.02154436185956001	0.006920468993484974	0.0063657944163423965	0.0040616019861772655	0.00481239921228962	0.01270226133055985	9.833956937654875e-07	0.0023258714369603696	0.007071807102283856
A[C>G]G	4.534205774575639e-06	0.0030381112243048846	0.0	0.006240072753280401	4.374183845357038e-07	0.0019236916210502385	0.01754396753385663	1.9100120312032233e-07	0.0021139813242626814	6.904975805355207e-07	0.006058228288702594	1.0347610555072606e-06
A[C>G]T	0.0023492452688515185	0.0030232469473503503	0.015717245079576968	0.03471432812511921	0.01514947209507227	0.007027296395972371	0.020653297938406468	0.007324047852307558	0.016309434548020363	0.010956731184978707	0.017048210510984062	0.0031177480081908014
A[C>T]A	0.0013392772526900174	0.0149193834513426	0.012704248959198593	0.002675972506403923	0.025595959462225436	0.018049833923578264	0.016798327304422857	0.004382844921201468	0.015616811474654924	0.009505376778542995	0.006774768582545221	0.01714935526251793
A[C>T]C	0.004236413119360805	0.002392249123477086	0.009484020061790943	0.014389619044959546	0.005497267656028271	0.011178015917539596	0.005598639044919722	0.029003190249204634	0.009797952137887478	0.0036734074354171755	0.010137347504496574	0.007770312763750553
A[C>T]G	0.027634508349001406	0.0028060345058714786	0.012959357211366295	0.020268035307526588	0.03601207062602043	0.07702513970434666	0.005245452844974352	0.046985313296318054	0.03169037029147148	0.049893707036972046	0.03546036658808589	0.04075433351099491
A[C>T]T	0.0007754528429359198	9.29287208306373e-05	0.014754709601402283	0.0022846974432468416	0.030971250124275686	0.013456269912421704	0.014647563733160496	0.008562816726498567	0.009827004186809063	0.008545950012910452	0.012230850104242564	0.016461312700698727
A[T>A]A	8.002544031882053e-08	0.0010170806183168678	0.010017069577514803	0.007582106813788414	0.001037707068508098	0.0018748613111711165	0.003885569330304861	0.0027530329060368786	0.002475430630147457	0.0056700276102219505	1.6876910535756906e-07	8.781729619045108e-08
A[T>A]C	0.0018839220050722361	0.0015400923788547517	0.0033529745414853096	0.007472510566003621	0.006721003726124763	0.01219921950250864	0.005815045814961195	0.010485912207514048	0.004365448118187487	0.006200462146080099	0.002082500606775284	0.008870145492255687
A[T>A]G	7.689592071020712e-05	0.0008358419089120161	0.011464309226721526	0.009756755223497749	0.007837348058819771	0.010113137326345622	0.0033898637630045414	0.017979053780436516	0.008802001364529133	0.003837459339410998	0.009431692212820053	0.00087732736565318
A[T>A]T	0.0029700439423322677	0.0	0.012999803945422172	0.0005523678380995988	0.015061285061136687	0.013718624133616686	0.0018255149479955435	0.01086350753903389	0.0021330296876158174	0.02274695225059986	0.009531944431364537	0.0008966043591499328
A[T>C]A	2.624206416617042e-08	0.0024525638902559875	0.005266253650188446	0.010469964845106006	0.004361167553190626	0.005374116636812687	0.013592270761728286	0.024488067999482156	0.009049346530809998	0.013796248659491538	0.02311439551413059	0.016733591777003197
A[T>C]C	0.002527044666931033	0.0002664352150928806	0.014793578907847405	0.008394607855007053	0.005057520465925336	0.0052968585997177796	0.013207361754029989	0.00848375796556411	0.0012454122903506003	0.011805334547534584	0.0059857814572751526	0.00358488205820322
A[T>C]G	0.005674650169094619	0.003553392074536532	0.0038777668960392475	0.010077534429728984	0.005689560808241368	0.021243776381015777	0.02678455077111721	0.011652677413076162	0.01099530104547739	0.005907235154882074	0.015215875767171382	0.010772595182061195
A[T>C]T	0.0017557352738118205	0.002863262494793162	0.020462938770651817	0.0012687567257671617	0.004081000157720251	0.00922523085027933	0.02344510005787015	0.027748477458953858	0.01141720600426197	0.004035600833594799	0.029822063446044923	5.12844462718931e-07
A[T>G]A	6.374834338203072e-05	0.0006639560888288543	0.004734863061457872	0.011724263336509467	0.004234757367521524	0.01472650170326233	0.0033646109431629155	0.008956130656588356	0.009329387792507759	0.0034722108393907547	0.0005054202223618631	0.012095324415713548
A[T>G]C	1.2775470281667367e-07	0.0012774874805472792	0.0002382867969572544	0.0017416247015660247	0.005227373547484149	0.0028501793930615802	0.007637453079223633	0.0	0.0023611299515096107	0.0029837136370701955	0.00046183086005271436	0.002553462061928258
A[T>G]G	0.00021825937403434635	0.0004468825994990766	0.0013420832766200875	0.014076759666204452	0.0067012134939432155	0.004091724380850792	0.011723313853144646	0.00041127743263587037	0.0065162867773324255	0.004303835183276305	0.0018148974153518794	0.001790618167865432
A[T>G]T	0.00015754004707559943	0.0010837414597858696	0.009161868930061701	0.003941925428807736	0.003756167134270072	0.0018407713122314817	0.005342949249029516	0.002295713832927504	0.0018021092924755066	0.0016099301578833547	0.0007852326636680118	0.002855731828003627
C[C>A]A	7.786128553561866e-05	0.002202664105752916	0.006535454164259135	0.006062713265419006	0.022093174606561662	0.011966431885957718	0.01380150243639946	0.024698638170957566	0.011226498987525702	0.018203184753656388	0.025419125333428383	0.014222544338554143
C[C>A]C	0.000618641938509525	0.002882350198342465	0.02125773150473833	0.035569611191749576	0.005969046903192066	0.005483396723866463	0.010352085639362962	0.009563479432836175	0.006362425675615668	0.004599446765405446	0.01205407045849256	0.001159091727802053
C[C>A]G	0.002758339615709815	0.0007076459238309692	0.0008723848965018988	0.009078869363293052	0.0049841654486954216	0.003136503329835705	0.0017996543378103525	0.0014113383017019033	0.002485621115192771	0.005990734230726958	0.001698085735733912	0.010878170002251863
C[C>A]T	6.274731218573987e-08	0.0030414675013162194	0.007424709375027305	0.046036865562200546	0.020191075466573238	0.007469670102000237	0.0047126065939664865	0.01662320289760828	0.008885763073340058	0.01513485498726368	0.015303970780223608	0.0033153731516677
C[C>G]A	0.0019939632547902875	0.009360588435083628	0.007289293128997088	0.025824723951518535	0.014757658168673516	0.006795640286964044	0.0025983891158830375	0.0060053631663322445	0.009123177733272314	0.0009293320161191332	0.017863389942795037	0.001310129333091958
C[C>G]C	0.0005473979748785496	0.0014862153911989625	0.004375664159306325	0.007260093186050654	0.017212229780852795	0.005066595354958281	0.02156689539551735	0.00803260188549757	0.008811448886990546	2.905309884226881e-07	0.012597569078207017	0.008086502160790588
C[C>G]G	0.0008542887823409729	0.003547513702985572	1.0783772950162528e-07	0.01967731788754463	7.845567324693692e-08	0.005553396977484226	0.015393678238615394	0.005873713736946229	0.004171914397738874	6.318905661828467e-07	0.00769720058888197	2.1270362822178867e-07
C[C>G]T	0.0016028257047253191	0.011090259516112155	0.02122687138617039	0.012511654105037451	0.022392248548567296	0.010251012531534797	0.0033351099118590355	0.0065031973464328985	0.007465380383086995	0.032769958228163885	0.007818368822336197	0.00013145729899406434
C[C>T]A	0.009843169432133436	0.005150423376433319	0.009349950682371854	0.012645843531936407	0.011811182089354293	0.02351841926574707	0.029460690170526504	0.015709718503057957	0.01665133098140359	0.007335320487618447	0.02339385896921158	0.0151771180331707
C[C>T]C	8.115835090632447e-15	0.010555393435060978	0.023325766250491143	0.009123703092336654	0.011004656128829993	0.008931610733270645	0.02056752648204565	0.021500776056200266	0.007750312332063913	1.4020406524650753e-07	0.020263317527883372	0.002505049828837606
C[C>T]G	0.02195329391397536	0.021678049862384797	0.01263642255216837	0.005283531174090186	0.018832197319716214	0.05454517751932144	0.016632454958744346	0.025448477268218993	0.019596205651760103	0.06814468838274479	0.013655749522149563	0.00877280873246497
C[C>T]T	0.00648354240693152	0.007768522726845625	0.017256102152168752	0.008547641686163843	0.019994443468749522	0.007976750284433365	0.018822913989424706	0.012864437606185674	0.026102456077933312	0.012265319470316172	0.022857021354138852	0.016547026857733727
C[T>A]A	0.002783310584618448	0.0003979416979144703	4.645849225680427e-08	0.004456535447388887	0.008356568217277528	0.008693540189415216	0.0008793991990387439	0.0013188052223995328	0.010636897617951035	0.003193413093686104	0.00793525092303753	0.0024601562879979612
C[T>A]C	0.0011527395148050346	0.0009496161517745349	0.008721090853214264	0.011875062597550824	0.010725703369826079	0.003412693180143833	0.01801634654402733	0.004766414687037468	0.008250226499512792	9.928083954946487e-08	0.01290244162082672	0.0010362784173480577
C[T>A]G	0.0003897005557519151	0.0008033965947106481	0.0020124096423387544	0.0132381159812212	0.00925461290903513	0.012291960790753365	0.02259845770895481	0.00713254912066077	0.009324312955141068	0.007365163600320556	0.002070187016533964	0.007038968056440354
C[T>A]T	2.7928570034418952e-08	0.0	0.018596196733415126	0.0025693013798445464	0.007917819467820664	0.0071375419618561866	0.010648208631903345	0.004807885061018169	0.005564311612397432	0.010839506145566702	0.004645822177690206	0.0
C[T>C]A	0.00022548778279087855	0.0017514523351565003	0.002139758677770942	0.0015026320712288436	0.004405380226671696	0.0032932891510426996	0.001676417328417301	0.005547846891840891	0.007539920788258314	0.00038745950539009755	0.006657132790832065	0.0037354253232479095
C[T>C]C	0.00022863370832055808	0.0009720533853396867	0.012501624412834644	0.004376201145350933	0.004147062191196938	0.00817043292336166	0.006697147212190657	0.021922022849321366	0.0071673390455544	0.015638114232569934	0.016518501006066798	0.004650650080293417
C[T>C]G	0.0010037068574831665	0.0009741663350723683	0.002881174394860864	0.02095497027039528	0.008163627912290394	0.0032128453254699706	0.007453598827123642	0.0012347958981990814	0.012082334607839584	0.00203758105635643	0.014136547967791558	0.019610513374209403
C[T>C]T	0.003785133000275763	0.00031125121752011934	0.01226215334609151	0.003130261602052542	0.011201916262507439	0.010202572029083968	0.00901978025212884	0.0037843630649149417	0.012586264498531818	0.0009781871831364697	0.008671688381582499	0.005586774826559804
C[T>G]A	5.3942858357913795e-08	2.9737225304415914e-08	0.0011163232846087112	0.002529639087151736	0.004603816314568121	0.0025338345730233415	2.1994947019265965e-07	0.0021235634572803973	0.005017009377479553	0.0012740430758981347	0.004008634124448918	0.001356999110430479
C[T>G]C	0.0046796239219250605	0.001477270998293534	0.0008948853239417077	0.008974554017186165	0.004517294486244837	0.00502559207379818	0.0052776332013309	0.01310883667320013	0.0023787907208316027	0.012894664006307722	0.0059240847826004025	0.005486020400087455
C[T>G]G	0.0004059018238194767	0.0014675185433588923	0.012586689740419387	0.016461736196652053	0.014506546966731548	1.533129136532807e-07	0.010249324049800635	0.00628110091201961	0.0112449549138546	0.0058813381993338965	0.007827612749451873	0.00293071735497481
C[T>G]T	0.0	0.0	0.00595902216155082	0.006482654390856624	0.008829566370695829	0.005706145675696916	0.009958643867048523	0.023173966445028782	0.0037711759563535453	3.478548023849726e-07	0.007534634973853827	0.006660427153110504
G[C>A]A	0.0023305791590246374	0.0024130442056173513	0.01352258948609233	0.011397013999521732	0.017142647318542002	0.009162904135882855	0.008457672689110041	0.010677258716896176	0.005844645062461495	0.017251264955848455	0.006790823396295309	0.0008804484909944727
G[C>A]C	0.0015517950523644686	0.004533871979232314	0.0073457654565572735	0.011906688380986453	0.0305492389947176	0.009916102886199952	0.014503979496657849	0.008151670079678297	0.011458691861480474	0.006748325949115873	0.00807788297533989	0.006070632860160222
G[C>A]G	0.004675371618941426	0.0012875016895122827	0.0008199582807719707	0.003385470574721694	1.3669471172761404e-07	0.0007949776016175746	0.00366611173376441	0.0016380354762077331	0.0016616052016615868	0.005016972802695818	0.015294813551008701	4.918937046026211e-19
G[C>A]T	0.006088429255396477	0.0019802305032499135	0.012905354145914316	0.014818179607391357	0.005199522525072098	0.010094134509563446	0.006681789178401232	0.004557760803982092	0.008321610512211919	0.012951703183352948	0.005606686510145664	0.006892722358588799
G[C>G]A	0.004153207316994667	0.0027335024438798427	0.008486335654743016	0.009879580161214107	0.02169046048074961	0.0	0.0028222229331731795	0.00498465970158579	0.008349308790639044	0.007879198621958494	0.0016726777360645429	8.919931815398741e-09
G[C>G]C	0.0002256836103370574	0.0006401059693903765	0.008865340799093246	0.008041072729974985	6.332164730338709e-08	0.0068910568952560425	0.007503473715041764	0.00278951618830947	0.005143920052796602	0.0016001855124045505	0.006791295985112811	0.01772801447659731
G[C>G]G	0.0006338715786995408	0.0008801050717011094	0.000374729772011051	0.00766572062857449	0.0032214635983109476	7.274554809555411e-05	0.0	0.0012994211727004768	0.0028373024659231307	0.0033653707719579983	0.001322777548514864	0.0014178015681409306
G[C>G]T	0.006142214499413967	0.0005616979119092314	0.01828403570689261	0.01553922863677144	0.023729628790169953	0.0022551105357706547	0.023572500422596933	0.003764997516054791	0.007771888235583902	0.009981416165828705	0.00324540794827044	6.667592946148909e-07
G[C>T]A	0.00013665431348979968	0.013958587078377604	0.005968926730565727	0.013973654434084892	0.009078697231598199	0.01779585564509034	0.013373513426631688	0.005736033990979194	0.024921058863401412	0.027600197494029997	0.013774947659112514	0.031207525916397572
G[C>T]C	0.002661677170544863	0.005796246419777162	0.011276676133275033	0.012660954566672444	0.013589172437787057	0.008038273267447948	0.016563902795314788	0.0068572770804166796	0.008933824952691793	0.016140879974045674	0.0160218495875597	0.016987905371934175
G[C>T]G	0.014831854412204849	0.014578246093891245	0.008462242851965129	0.010875244624912739	0.01648285686969757	0.040236253291368484	0.012176336732227355	0.05257790088653565	0.013474807329475879	0.0700597308576107	0.02032098136842251	0.023492073733359577
G[C>T]T	0.005115627311170101	0.006965552270613863	0.02000453183427453	0.004384171072177649	0.011622571013867855	0.014916236139833927	0.004201628174632788	0.01237922494835857	0.011594365257769823	0.009206367284059524	0.006128482427448035	0.012635158747434616
G[T>A]A	0.0021684540319256485	0.00021187529782764613	0.009470569278265551	0.006609415682032704	1.0437533037217903e-28	0.00216658147983253	0.0032636919990181924	0.007680294052267556	0.0025504906497303636	0.006148106545828114	0.004716309316529532	0.008355407044291496
G[T>A]C	3.657053753158834e-08	1.5797641594872402e-08	0.0031831895932555197	0.006646846607327461	0.006096489033552643	0.0014759094962457197	0.0035437815738191603	0.004162670315122341	0.001599963722642883	0.0014239073570934124	0.0024004603764296918	1.9457364032859912e-06
G[T>A]G	0.000962337851524353	0.0011460404171884874	0.0026201503816992043	0.012999056093394756	0.005499253822813443	0.006907720677554607	0.01410517655313015	0.001434009987860918	0.003467954526604444	0.0017042147695235598	0.0009991654194891452	0.0013359966829739277
G[T>A]T	0.0017996254580793902	0.00041507419486750443	0.008247426897287368	0.011763540469110012	0.01304808845743537	0.0009805762438418243	0.0014317619847133757	0.007567133288830519	0.003314474708776061	0.019607238471508026	0.0027703765192342187	3.7294446180169417e-07
G[T>C]A	0.0028640438336879014	0.0002443156496156007	0.008595809526741504	0.0025271025670008385	0.012864931393414736	0.009324547952940066	0.033542335405945777	0.0026792945340275765	0.008174958499148488	3.088216999496169e-07	0.015213161893189091	0.0032763600880400647
G[T>C]C	0.0011325711089625657	0.0017752330983057737	0.003582784440368414	0.0076661772094666954	0.0043318554991856216	0.004105955954219098	0.0052817048039287325	0.0033672236371785403	0.003947141394019127	2.6316835828765763e-06	0.027942846715450286	0.0005656568702420373
G[T>C]G	1.856316004023591e-07	0.001288460975047201	0.00046018464531643113	0.007379066990688443	0.0028485360577860776	0.004006044942434528	0.009881103318184615	0.0059278452768921856	0.003984006308019161	0.006746171820361725	0.001897597616573421	6.42090601608164e-14
G[T>C]T	0.0031909422885362916	0.0003933924104785547	0.0009693635491057459	0.008621321106329561	0.005399784701876342	0.018773603625595568	0.0027584383264184	0.014185398072004318	0.006063692683738964	0.009905557586216673	0.008769381511956453	0.006702544260770082
G[T>G]A	4.117058836072829e-08	0.0	0.006206143647432327	0.005255676119350028	0.011286876071244479	0.00865256298092163	0.003244355969627577	0.0025323204499642315	0.007477422850206495	0.003954705968499185	0.00112317167916558	0.007126909308135509
G[T>G]C	0.001334884729180885	0.0001938981265993789	0.0024895173781344427	0.0017212354112416505	0.001427300786599517	3.703251195474877e-07	0.0032797702006064355	0.0033804076723754407	0.004275257758695261	0.0021835950470261876	0.0018796131988210619	0.0024177662332931504
G[T>G]G	0.0026665823301300407	0.0003130235360004008	0.012234474462457002	0.003591190421354362	0.011181180644780398	0.005504817236214876	0.012121370481327175	0.005451061460189521	0.01135109136812389	0.005512726148065994	0.010308189690113068	0.006114064635348444
G[T>G]T	0.0005074449814856053	0.00044916130136698487	0.007354590691532792	0.008593585062772035	0.0051959746517241	0.0043975454289466144	0.008098546043038368	0.013586617819964886	0.009897059760987759	1.50293799379142e-06	0.013833585591055454	0.0014760222483914732
T[C>A]A	0.01573274322301795	0.032126827910542485	0.01389979527231162	0.032564237155020236	0.006116599690375324	0.008808478899300098	0.010056271054781973	0.01840504854917526	0.007265394739806652	0.028605686113633056	0.011761096771806479	0.017057929933071137
T[C>A]C	0.025206968560814856	0.007580166039878744	0.0199664618819952	0.0014581959694623947	0.0329695638269186	0.0	0.036579683795571326	0.0023907145485281946	0.018276245146989823	0.009999148454517126	0.002269870787858963	0.022218433138914407
T[C>A]G	0.00318927438929677	0.002059588816961926	0.0019605763256549833	1.5936645922920433e-07	0.0017941811259333917	0.0030937619507312776	0.0007366009987890721	0.00943326586857438	0.0015459879301488399	0.011746371537446976	0.006149706896394491	0.010319648334279919
T[C>A]T	0.015396486595273018	0.015768059343099973	0.0416523166000843	0.022948879562318326	0.008484598202630877	0.012887010350823402	0.015438559278845788	0.024854972399771212	0.014804022759199143	0.015247980318963527	0.014532405755016953	0.00392433088222995
T[C>G]A	0.14360930621623993	0.10358381777335098	0.03792871627956629	0.0043538351157621944	0.0038159220486135605	0.022423800832194037	0.009938065091637327	0.01094844825565815	0.03927501626312733	0.005250279548272374	0.003760755603434518	0.06610863392347568
T[C>G]C	0.0444551058113575	0.021303417858352703	0.01676432304084301	0.006026598718017339	0.024215752072632313	0.018648894503712654	0.012647472093522082	0.004298080274202221	0.03793952465057373	0.012962496001421058	0.0039540768135339025	0.08178586810827256
T[C>G]G	0.013627101946622134	0.012173889694213357	0.006976306531578302	0.00037242912743514595	0.0003561346360925682	7.115411619906808e-08	0.0016709577292203903	9.499692170678031e-08	0.0015686843544244766	7.81547123551718e-06	0.003055782848355193	0.012305278331041336
T[C>G]T	0.18458602726459503	0.12451829568599351	0.08433052748441697	0.011686852574545955	0.016330683976411818	0.025919067036738852	0.03330121077597141	0.00939803933724761	0.0420295313000679	0.02249373886734247	0.016101668917690402	0.09719442203640938
T[C>T]A	0.16381334662437438	0.21958425939083098	0.05448071248829365	0.007349205599166453	0.008958093752153218	0.029039578884855623	0.010651849303394556	0.04653066359460354	0.020290201320312916	0.00846289711771533	0.031786606088280676	0.060772061347961426
T[C>T]C	0.045122673735022545	0.07475683657103219	0.03307017870247364	0.010220668610418215	0.01724711460992694	0.01919316276907921	0.01400623880326748	0.030641317181289197	0.0240258471108973	0.03230864778161049	0.01766153872013092	0.009540015272796154
T[C>T]G	0.0462908610701561	0.062055939435958864	0.015108311269432306	0.02358734458684921	0.010106205847114325	0.014363753609359264	0.010028429049998521	0.019633673084899782	0.009458637796342373	0.043178854137659074	0.015201182290911674	0.008017162964499447
T[C>T]T	0.08825013637542725	0.11059127971529961	0.05213173646479845	0.002584017792628402	0.010763909202069044	0.02065767478197813	0.021420478448271753	0.035388117842376235	0.0351502537727356	0.0201477212831378	0.053578142821788785	0.03259248286485672
T[T>A]A	0.0017233903344731516	0.0013110070169660656	0.0020635668653994797	0.008648969046771527	0.004050859280636132	0.015154426824301482	0.004348876141011715	0.02966828513890505	0.004606779620684165	0.022163490764796734	0.009580941684544087	0.009860757458955049
T[T>A]C	0.002653165126685053	0.0001323857344686985	0.0013783296570181846	0.02164262030273676	0.004399226419627667	0.009197003673762083	0.0033638860224471045	0.009838970145551684	0.003350006402223471	0.006430124863982201	0.0058305514976382256	0.0022525830982494826
T[T>A]G	0.00023508794826341273	0.002457213203888388	0.0027922479435801505	0.0016989428127999417	0.0032942351394014678	0.002142248783275136	0.01059122895821929	0.003238880867138505	0.007847935127037431	0.007056109141558409	0.006778200436383486	0.017878926545381545
T[T>A]T	0.0013457211101499417	0.0005600981239695102	0.007067747134715319	0.018181739002466203	0.014176581148058176	0.00395694999024272	0.00813994244979881	0.0036429066416872047	0.00661849370416121	0.004715337096348549	0.0024568690447267726	0.003911969787804992
T[T>C]A	0.0004480557148781372	0.0	2.3848549517424545e-07	0.01864547822624445	0.0028339200653135777	0.020121794193983078	0.004946134835477523	0.009885719335819942	0.00597669356576489	0.00698274191956898	0.006212281814072185	0.0037623047828674316
T[T>C]C	0.0051964249461889265	0.00010334957041777671	0.0	0.00900964392349124	0.015218982845544815	0.023912397027015687	0.0010100464336574078	0.006198352435603738	0.013582303002476693	0.014418326131999493	0.008022111654281617	6.888012504396789e-08
T[T>C]G	0.00324675883166492	0.0002496008761227131	0.0017739556729793548	0.0017309917921807028	0.0180959802120924	0.0007667495408895774	0.0021216288208961488	0.0006770640183241028	0.00740799093618989	0.0047412978950887915	0.0004227916900163109	0.007727934699505568
T[T>C]T	0.0024289359163958578	5.4634903790429235e-05	0.0010821460746228695	0.019394263066351412	0.00818743510171771	0.02434855457395315	0.011972175538539886	0.008248590119183063	0.008885098714381456	0.029784315126016737	0.004751276171782592	0.012621760461479425
T[T>G]A	0.00014594805701335646	0.001414683740605466	1.401298464324817e-45	0.005211248521868583	0.009856433514505625	0.007075458084773345	0.0016524011612318646	2.8171666545517838e-05	0.00796073798580892	0.0027750486234310754	0.0059753479436039925	0.010291514173150062
T[T>G]C	0.0003075037769491473	0.000584472647565991	0.0022304123267531395	0.00495891577059524	0.0066031622234731914	0.0012062514098943212	0.0019420769531279802	0.001257047568059022	0.008777878060936928	0.003044418105855584	0.00433719097420493	0.006188159063458443
T[T>G]G	1.555189754753883e-08	0.0	0.0056658922228962185	0.008159045316278934	0.005642546620219946	0.008526840749635767	0.012823149561882019	0.0010020599494851012	0.0024277038315091205	7.184092632996907e-05	0.0011293784490590043	0.0022309347987174988
T[T>G]T	0.0002446336492937462	0.0009046460269019008	0.009733639471232892	0.007185843959450722	0.016346397078814336	0.010284802690148354	0.012064314630697482	0.01081177918240428	0.017983846226707102	0.005726050622251932	0.00821033494630683	0.0007205595665936926
