MutationType	SBS96A	SBS96B	SBS96C	SBS96D	SBS96E	SBS96F	SBS96G	SBS96H	SBS96I	SBS96J	SBS96K	SBS96L
A[C>A]A	2.06E-03	2.36E-04	1.82E-03	4.40E-03	2.40E-03	3.77E-03	6.48E-03	2.24E-03	3.10E-03	4.63E-03	5.47E-03	7.75E-03
A[C>A]C	1.54E-04	3.52E-04	4.09E-03	5.13E-03	9.59E-04	7.12E-03	4.16E-03	2.35E-03	2.63E-03	3.47E-03	5.17E-03	7.06E-04
A[C>A]G	2.34E-03	2.41E-04	1.55E-03	5.91E-04	3.82E-03	3.11E-03	8.68E-04	1.35E-03	1.69E-03	3.97E-03	4.26E-03	5.87E-03
A[C>A]T	1.74E-03	3.21E-04	2.12E-03	2.89E-03	4.26E-03	7.52E-07	7.71E-03	6.65E-03	8.27E-03	1.73E-03	5.45E-03	4.57E-03
A[C>G]A	1.72E-03	3.05E-03	1.83E-03	3.45E-03	1.67E-03	4.08E-03	3.54E-03	3.48E-03	1.62E-03	4.12E-03	3.35E-03	2.19E-03
A[C>G]C	5.09E-08	2.55E-03	0.00E+00	4.40E-03	2.97E-03	2.58E-03	2.23E-03	2.95E-03	3.10E-03	6.18E-07	2.33E-03	5.58E-03
A[C>G]G	4.15E-06	1.28E-03	0.00E+00	1.60E-03	4.37E-07	1.25E-03	4.94E-03	1.19E-07	1.52E-03	1.14E-07	4.69E-03	6.12E-07
A[C>G]T	9.32E-04	2.38E-03	4.20E-03	7.91E-03	4.48E-03	2.37E-03	5.67E-03	5.76E-03	3.00E-03	1.10E-02	7.29E-03	3.12E-03
A[C>T]A	1.34E-03	8.24E-03	3.55E-03	1.75E-03	7.55E-03	6.11E-03	7.16E-03	2.39E-03	5.05E-03	4.21E-03	3.13E-03	1.17E-02
A[C>T]C	9.77E-04	7.91E-04	3.12E-03	1.17E-03	2.39E-03	4.14E-03	2.99E-03	7.42E-03	2.84E-03	2.25E-03	3.38E-03	3.64E-03
A[C>T]G	9.14E-03	1.21E-03	6.20E-03	5.48E-03	5.37E-03	1.80E-02	2.64E-03	9.03E-03	3.79E-03	1.30E-02	1.33E-02	1.06E-02
A[C>T]T	5.21E-04	9.29E-05	4.18E-03	2.28E-03	5.58E-03	4.11E-03	5.29E-03	4.30E-03	4.85E-03	5.86E-03	5.65E-03	1.33E-02
A[T>A]A	7.86E-08	5.48E-04	4.21E-03	1.82E-03	6.43E-04	1.87E-03	2.11E-03	2.23E-03	2.48E-03	2.74E-03	1.04E-07	7.55E-08
A[T>A]C	1.02E-03	7.95E-04	2.12E-03	4.12E-03	2.81E-03	2.71E-03	3.63E-03	6.68E-03	2.61E-03	4.32E-03	2.08E-03	3.66E-03
A[T>A]G	7.69E-05	5.93E-04	5.38E-03	5.58E-03	2.05E-03	6.26E-03	1.53E-03	4.77E-03	1.40E-03	2.78E-03	4.43E-03	8.75E-04
A[T>A]T	1.83E-03	0.00E+00	5.07E-03	5.52E-04	3.99E-03	3.41E-03	1.16E-03	3.14E-03	1.64E-03	9.06E-03	6.07E-03	8.97E-04
A[T>C]A	1.62E-08	1.57E-03	1.76E-03	6.60E-03	4.36E-03	4.02E-03	4.69E-03	3.44E-03	3.52E-03	6.11E-03	6.16E-03	7.11E-03
A[T>C]C	8.56E-04	1.81E-04	4.43E-03	4.47E-03	3.01E-03	3.21E-03	4.27E-03	5.58E-03	1.25E-03	6.83E-03	2.53E-03	2.20E-03
A[T>C]G	2.45E-03	1.60E-03	1.85E-03	3.34E-03	2.96E-03	5.06E-03	5.29E-03	1.35E-03	4.72E-03	2.15E-03	5.98E-03	5.86E-03
A[T>C]T	9.22E-04	1.66E-03	8.87E-03	1.25E-03	2.39E-03	2.78E-03	6.34E-03	1.07E-02	5.38E-03	2.68E-03	9.46E-03	5.13E-07
A[T>G]A	6.37E-05	6.32E-04	2.04E-03	5.32E-03	3.69E-03	4.59E-03	2.02E-03	3.11E-03	4.89E-03	2.46E-03	5.05E-04	7.97E-03
A[T>G]C	6.68E-08	1.14E-03	2.38E-04	1.07E-03	2.79E-03	1.76E-03	1.89E-03	0.00E+00	1.10E-03	2.98E-03	4.62E-04	2.55E-03
A[T>G]G	1.44E-04	3.32E-04	1.34E-03	1.55E-03	3.42E-03	3.00E-03	3.77E-03	4.11E-04	1.84E-03	4.30E-03	1.81E-03	1.79E-03
A[T>G]T	1.58E-04	3.75E-04	2.78E-03	2.76E-03	2.12E-03	1.27E-03	2.28E-03	1.85E-03	1.75E-03	1.61E-03	7.85E-04	2.16E-03
C[C>A]A	7.79E-05	1.72E-03	3.47E-03	2.55E-03	6.10E-03	5.72E-03	1.89E-03	3.49E-03	2.50E-03	5.51E-03	8.22E-03	4.81E-03
C[C>A]C	6.19E-04	1.90E-03	7.33E-03	4.80E-03	2.51E-03	3.46E-03	6.03E-03	4.01E-03	2.48E-03	3.27E-03	9.06E-03	1.16E-03
C[C>A]G	1.68E-03	2.90E-04	5.41E-04	1.87E-03	2.20E-03	1.29E-03	1.71E-03	1.29E-03	1.21E-03	2.64E-03	1.70E-03	2.18E-03
C[C>A]T	6.27E-08	1.57E-03	5.11E-03	7.00E-03	4.09E-03	3.96E-03	3.16E-03	7.90E-03	3.51E-03	4.78E-03	6.92E-03	2.12E-03
C[C>G]A	1.99E-03	5.37E-03	3.45E-03	5.23E-03	3.46E-03	3.50E-03	1.17E-03	3.84E-03	2.51E-03	7.33E-04	3.35E-03	1.31E-03
C[C>G]C	5.47E-04	8.41E-04	3.35E-03	2.40E-03	4.34E-03	2.24E-03	6.57E-03	3.37E-03	2.56E-03	1.80E-07	1.84E-03	5.38E-03
C[C>G]G	6.77E-04	1.74E-03	1.08E-07	5.72E-03	7.85E-08	2.47E-03	4.32E-03	4.00E-03	2.85E-03	3.59E-07	3.63E-03	1.41E-07
C[C>G]T	1.60E-03	7.47E-03	1.09E-02	4.79E-03	5.38E-03	5.14E-03	1.78E-03	2.54E-03	3.34E-03	1.19E-02	5.93E-03	1.31E-04
C[C>T]A	2.28E-03	2.18E-03	1.60E-03	4.48E-03	4.92E-03	6.30E-03	1.11E-02	5.52E-03	4.74E-03	3.52E-03	7.13E-03	9.39E-03
C[C>T]C	8.09E-15	3.94E-03	6.66E-03	5.23E-03	6.05E-03	3.51E-03	9.28E-03	8.75E-03	3.04E-03	1.40E-07	6.46E-03	2.50E-03
C[C>T]G	8.73E-03	7.83E-03	3.48E-03	3.26E-03	4.44E-03	8.33E-03	9.49E-03	1.36E-02	4.65E-03	1.80E-02	6.64E-03	5.33E-03
C[C>T]T	1.29E-03	3.67E-03	4.12E-03	2.21E-03	4.11E-03	3.62E-03	6.68E-03	5.13E-03	3.48E-03	1.58E-03	4.49E-03	1.15E-02
C[T>A]A	1.70E-03	2.83E-04	4.65E-08	1.14E-03	3.63E-03	2.89E-03	8.79E-04	1.15E-03	4.38E-03	3.19E-03	3.43E-03	1.79E-03
C[T>A]C	9.88E-04	6.90E-04	3.24E-03	6.08E-03	5.42E-03	1.56E-03	6.17E-03	2.39E-03	2.96E-03	9.93E-08	4.24E-03	1.04E-03
C[T>A]G	2.47E-04	5.06E-04	1.53E-03	3.76E-03	3.97E-03	4.32E-03	2.43E-03	2.88E-03	3.75E-03	4.97E-03	2.07E-03	7.04E-03
C[T>A]T	2.79E-08	0.00E+00	5.62E-03	1.75E-03	2.45E-03	5.89E-03	3.94E-03	3.73E-03	2.89E-03	3.26E-03	3.00E-03	0.00E+00
C[T>C]A	2.25E-04	1.46E-03	1.01E-03	1.26E-03	1.98E-03	1.49E-03	1.68E-03	4.53E-03	4.33E-03	3.87E-04	3.06E-03	2.39E-03
C[T>C]C	2.29E-04	5.65E-04	5.35E-03	2.55E-03	3.03E-03	2.54E-03	4.94E-03	5.61E-03	2.51E-03	6.91E-03	7.97E-03	3.65E-03
C[T>C]G	6.34E-04	3.05E-04	1.40E-03	2.26E-03	2.30E-03	3.21E-03	3.66E-03	1.23E-03	5.70E-03	2.04E-03	6.77E-03	1.18E-02
C[T>C]T	2.13E-03	1.51E-04	4.41E-03	1.65E-03	4.95E-03	7.90E-03	3.51E-03	1.90E-03	4.28E-03	9.77E-04	5.49E-03	2.38E-03
C[T>G]A	5.39E-08	2.97E-08	7.11E-04	1.15E-03	1.43E-03	1.38E-03	2.20E-07	1.01E-03	2.29E-03	1.27E-03	3.03E-03	1.36E-03
C[T>G]C	1.75E-03	1.04E-03	8.95E-04	2.66E-03	1.39E-03	3.11E-03	1.43E-03	8.16E-03	1.46E-03	4.09E-03	2.62E-03	2.26E-03
C[T>G]G	4.06E-04	8.29E-04	3.30E-03	6.67E-03	2.35E-03	9.40E-08	3.60E-03	2.55E-03	3.50E-03	4.18E-03	3.92E-03	1.74E-03
C[T>G]T	0.00E+00	0.00E+00	2.26E-03	2.31E-03	2.85E-03	2.42E-03	3.86E-03	3.53E-03	1.87E-03	2.67E-07	4.18E-03	6.66E-03
G[C>A]A	1.10E-03	1.71E-03	5.65E-03	2.23E-03	5.20E-03	3.12E-03	2.99E-03	3.94E-03	2.02E-03	6.13E-03	3.15E-03	8.80E-04
G[C>A]C	6.44E-04	3.65E-03	4.82E-03	4.14E-03	3.50E-03	6.78E-03	1.78E-03	4.06E-03	3.56E-03	5.70E-03	4.23E-03	5.27E-03
G[C>A]G	1.82E-03	4.42E-04	3.47E-04	1.68E-03	1.37E-07	7.95E-04	2.22E-03	7.11E-04	1.06E-03	2.60E-03	6.75E-03	4.92E-19
G[C>A]T	2.54E-03	1.13E-03	3.63E-03	3.04E-03	2.29E-03	3.99E-03	2.03E-03	2.13E-03	3.49E-03	5.61E-03	3.80E-03	6.89E-03
G[C>G]A	2.91E-03	7.64E-04	4.48E-03	2.67E-03	3.13E-03	0.00E+00	2.82E-03	2.25E-03	5.73E-03	3.67E-03	1.31E-03	8.92E-09
G[C>G]C	2.26E-04	4.05E-04	4.21E-03	2.12E-03	6.33E-08	2.82E-03	3.45E-03	2.30E-03	2.22E-03	1.59E-03	3.80E-03	5.59E-03
G[C>G]G	4.44E-04	2.82E-04	3.75E-04	1.34E-03	2.00E-03	7.27E-05	0.00E+00	1.30E-03	1.63E-03	3.37E-03	1.32E-03	8.98E-04
G[C>G]T	2.04E-03	3.31E-04	6.06E-03	6.71E-03	6.23E-03	1.59E-03	3.53E-03	3.76E-03	3.20E-03	9.98E-03	2.44E-03	4.92E-07
G[C>T]A	1.37E-04	5.75E-03	5.52E-03	2.50E-03	3.98E-03	5.52E-03	4.82E-03	2.57E-03	9.36E-03	1.04E-02	7.57E-03	5.36E-03
G[C>T]C	1.63E-03	2.87E-03	3.48E-03	2.95E-03	6.00E-03	3.38E-03	2.99E-03	4.34E-03	4.63E-03	9.04E-03	1.02E-02	3.29E-03
G[C>T]G	5.93E-03	8.40E-03	3.44E-03	6.62E-03	1.02E-02	7.47E-03	7.05E-03	1.17E-02	1.01E-02	1.28E-02	4.24E-03	1.82E-02
G[C>T]T	1.46E-03	4.31E-03	4.91E-03	2.29E-03	5.97E-03	2.51E-03	1.98E-03	5.93E-03	4.06E-03	4.37E-03	3.40E-03	5.42E-03
G[T>A]A	9.20E-04	1.57E-04	3.51E-03	2.68E-03	1.04E-28	1.72E-03	1.40E-03	3.40E-03	1.81E-03	3.43E-03	1.85E-03	4.42E-03
G[T>A]C	3.66E-08	1.58E-08	1.95E-03	3.46E-03	2.03E-03	6.07E-04	1.72E-03	3.52E-03	9.88E-04	1.42E-03	2.40E-03	1.95E-06
G[T>A]G	5.91E-04	6.09E-04	8.81E-04	4.85E-03	1.81E-03	2.97E-03	2.23E-03	1.43E-03	1.63E-03	1.70E-03	9.99E-04	1.34E-03
G[T>A]T	8.54E-04	1.81E-04	3.96E-03	3.98E-03	4.91E-03	6.04E-04	1.16E-03	2.47E-03	1.41E-03	7.21E-03	2.63E-03	3.70E-07
G[T>C]A	1.37E-03	1.87E-04	1.70E-03	2.03E-03	6.65E-03	2.85E-03	6.08E-03	1.65E-03	2.54E-03	3.09E-07	8.06E-03	3.27E-03
G[T>C]C	5.40E-04	9.13E-04	2.29E-03	2.12E-03	1.66E-03	3.38E-03	2.59E-03	1.60E-03	3.95E-03	1.33E-06	7.75E-03	5.66E-04
G[T>C]G	1.10E-07	6.05E-04	4.60E-04	3.79E-03	1.77E-03	4.00E-03	2.12E-03	3.16E-03	2.41E-03	3.90E-03	1.60E-03	6.42E-14
G[T>C]T	2.48E-03	2.93E-04	7.44E-04	1.85E-03	3.57E-03	3.86E-03	2.33E-03	2.31E-03	2.79E-03	5.60E-03	3.44E-03	3.16E-03
G[T>G]A	4.12E-08	0.00E+00	2.49E-03	2.93E-03	1.63E-03	3.58E-03	1.10E-03	2.53E-03	1.83E-03	1.95E-03	1.12E-03	3.36E-03
G[T>G]C	7.36E-04	9.40E-05	1.51E-03	1.00E-03	1.02E-03	3.70E-07	2.27E-03	2.32E-03	1.67E-03	1.47E-03	1.26E-03	2.24E-03
G[T>G]G	1.30E-03	1.78E-04	3.96E-03	2.16E-03	4.22E-03	3.08E-03	2.99E-03	2.76E-03	4.52E-03	5.51E-03	4.39E-03	4.36E-03
G[T>G]T	4.74E-04	1.85E-04	3.27E-03	4.51E-03	1.98E-03	2.89E-03	4.79E-03	4.16E-03	3.06E-03	1.50E-06	4.88E-03	9.05E-04
T[C>A]A	4.61E-03	1.02E-02	6.06E-03	6.92E-03	2.57E-03	4.33E-03	4.34E-03	3.07E-03	3.02E-03	1.09E-02	3.63E-03	8.06E-03
T[C>A]C	3.10E-03	3.40E-03	6.15E-03	1.46E-03	4.68E-03	0.00E+00	3.85E-03	2.39E-03	5.34E-03	3.33E-03	2.27E-03	1.11E-02
T[C>A]G	1.38E-03	8.45E-04	1.96E-03	1.59E-07	1.10E-03	1.91E-03	5.09E-04	4.83E-03	1.08E-03	2.05E-03	3.60E-03	4.49E-03
T[C>A]T	2.20E-03	5.60E-03	6.62E-03	7.10E-03	5.43E-03	6.24E-03	5.20E-03	7.87E-03	5.36E-03	1.06E-02	6.07E-03	2.15E-03
T[C>G]A	9.40E-03	2.67E-02	1.44E-02	4.34E-03	2.68E-03	9.58E-03	2.81E-03	7.03E-03	8.50E-03	4.10E-03	1.97E-03	3.07E-02
T[C>G]C	5.08E-03	8.82E-03	7.37E-03	1.67E-03	3.95E-03	5.93E-03	5.26E-03	2.90E-03	7.00E-03	8.46E-03	3.63E-03	2.01E-02
T[C>G]G	3.28E-03	3.12E-03	2.68E-03	3.72E-04	3.56E-04	4.36E-08	1.02E-03	9.35E-08	1.57E-03	7.26E-06	1.42E-03	7.00E-03
T[C>G]T	2.44E-02	3.52E-02	1.78E-02	6.14E-03	4.22E-03	7.46E-03	1.22E-02	2.37E-03	8.39E-03	1.09E-02	7.07E-03	1.89E-02
T[C>T]A	1.42E-02	1.46E-02	3.72E-02	2.30E-03	4.74E-03	1.21E-02	4.97E-03	1.08E-02	1.04E-02	4.27E-03	1.08E-02	2.41E-02
T[C>T]C	9.65E-03	2.81E-02	4.31E-03	5.21E-03	5.90E-03	9.00E-03	3.89E-03	7.15E-03	5.87E-03	4.18E-03	9.23E-03	4.44E-03
T[C>T]G	2.85E-03	7.49E-03	5.26E-03	5.38E-03	2.97E-03	5.46E-03	2.90E-03	6.74E-03	5.89E-03	1.25E-02	6.02E-03	7.72E-03
T[C>T]T	9.49E-03	1.76E-02	1.83E-02	1.60E-03	3.75E-03	7.36E-03	4.25E-03	8.22E-03	5.06E-03	8.16E-03	1.50E-02	1.08E-02
T[T>A]A	1.63E-03	7.01E-04	1.06E-03	4.47E-03	4.05E-03	6.31E-03	2.68E-03	1.30E-02	3.42E-03	6.57E-03	4.44E-03	3.84E-03
T[T>A]C	2.06E-03	8.36E-05	9.02E-04	4.90E-03	3.19E-03	1.96E-03	2.27E-03	7.67E-03	1.30E-03	3.13E-03	3.58E-03	2.25E-03
T[T>A]G	2.35E-04	1.63E-03	1.50E-03	9.34E-04	1.52E-03	1.38E-03	2.65E-03	2.57E-03	3.77E-03	2.12E-03	2.94E-03	9.52E-03
T[T>A]T	7.31E-04	4.14E-04	3.18E-03	2.54E-03	5.82E-03	1.64E-03	3.74E-03	1.54E-03	3.63E-03	4.72E-03	1.57E-03	3.91E-03
T[T>C]A	4.48E-04	0.00E+00	1.48E-07	3.23E-03	2.07E-03	2.62E-03	2.61E-03	6.09E-03	5.98E-03	3.12E-03	4.51E-03	3.76E-03
T[T>C]C	2.31E-03	6.33E-05	0.00E+00	3.00E-03	3.71E-03	3.92E-03	1.01E-03	3.58E-03	6.40E-03	4.20E-03	3.76E-03	6.89E-08
T[T>C]G	1.33E-03	2.50E-04	1.11E-03	1.73E-03	3.76E-03	7.66E-04	2.12E-03	6.77E-04	3.61E-03	2.53E-03	4.22E-04	2.73E-03
T[T>C]T	1.73E-03	5.46E-05	6.85E-04	5.42E-03	2.79E-03	1.06E-02	4.77E-03	3.98E-03	3.72E-03	1.68E-02	4.75E-03	6.55E-03
T[T>G]A	1.46E-04	9.10E-04	1.40E-45	5.21E-03	4.88E-03	1.97E-03	7.03E-04	2.82E-05	3.74E-03	2.77E-03	3.67E-03	5.43E-03
T[T>G]C	1.88E-04	2.58E-04	1.38E-03	3.18E-03	2.33E-03	7.66E-04	1.46E-03	1.26E-03	3.94E-03	2.48E-03	2.80E-03	2.88E-03
T[T>G]G	1.56E-08	0.00E+00	3.10E-03	4.14E-03	1.31E-03	3.77E-03	2.48E-03	1.00E-03	9.96E-04	6.96E-05	1.13E-03	2.23E-03
T[T>G]T	2.45E-04	5.93E-04	5.15E-03	4.42E-03	5.69E-03	3.48E-03	5.54E-03	4.93E-03	1.32E-02	2.88E-03	5.18E-03	7.20E-04
