MutationType	SBS96A	SBS96B	SBS96C	SBS96D	SBS96E	SBS96F	SBS96G	SBS96H	SBS96I
A[C>A]A	0.0027379061095416544	0.007759109884500503	0.01588101089000702	0.01111750237528213	0.015841621346771716	0.042141730338335036	0.012365942820906639	0.010816864669322968	0.015557068586349487
A[C>A]C	4.788391233887523e-05	0.00011587876360863447	0.008851834060627716	0.014082038123160601	0.020219636708498002	0.010575219239171929	0.019919115118682384	0.013250513747334481	0.012612572871148586
A[C>A]G	0.001762970897834748	7.042088725484064e-05	0.0003212412003449572	0.0019392192436271216	0.0012425795197486878	0.015248274803161621	0.0031141968926135634	0.005483425308773349	0.012230597488912842
A[C>A]T	0.00351831783412031	0.005717369626804114	0.015187560208141803	0.019416794180870056	0.010359114967286587	0.028040305152535437	0.008864336460828782	0.018551270104944707	0.005807813792489469
A[C>G]A	0.002711681742221117	0.00840526787796989	0.0010218028910458088	0.014094402722548693	0.004453176772221923	0.019874509843066334	0.01482019405812025	0.007381909061229995	0.003307790216058493
A[C>G]C	0.0010738016561873565	0.0006310877158555827	0.0017017222475260497	0.010749882692471147	0.004328504670411348	0.011320167221148729	0.006941145984455943	0.010064575538126518	0.0036369943991303444
A[C>G]G	0.0005510536189262894	0.0017677946365438403	0.004736253346891317	0.005879900598665699	0.00294802768576119	0.01262628436088562	0.001637934334576133	0.0020332789677742326	0.00028312020003795624
A[C>G]T	0.001933260983787477	0.0012083539506420494	0.019475662522017954	0.0426971260458231	0.018500836938619612	0.017908114567399026	0.008651621267199774	0.007543571200221777	0.004946657083928585
A[C>T]A	0.0032143875956535347	0.007174045871943374	0.021088407933712007	0.01847348064184189	0.0072028756870082585	0.007974980026483535	0.016501728910952806	0.008537530433386564	0.002954670228064191
A[C>T]C	0.005780684435740114	0.0022852947819049117	0.007751696091145277	0.01271029687486589	0.011348339542746545	0.009425843879580498	0.006900553777813912	0.010790674034397795	0.013829172868281604
A[C>T]G	0.01679622046649551	0.0038283669215161352	0.010704322811216116	0.027341419830918312	0.030501684918999673	0.04708943888545036	0.04822532813996076	0.025705543728680447	0.08434053510427475
A[C>T]T	0.001274597638985142	0.005163315497406479	0.02570515275001526	0.00886602234095335	0.024373918864876033	0.009539412055164575	0.003325054887683207	0.012295043841004372	0.005867387726902961
A[T>A]A	0.00022433442645706237	0.00011656489438820472	0.017364419344812632	0.0019448315724730492	0.004407881414692838	3.7106763102201564e-07	0.00280274017713964	0.0003559998241200901	0.004323381737140153
A[T>A]C	0.00023074350610841066	0.0016483532031998083	0.009167493414133787	0.005001312564127147	0.0030928684083846745	0.005868342104076873	0.012165133497182979	0.004359506070613861	0.011618147324770688
A[T>A]G	0.00037015690468251706	0.0006870579739683081	0.012656678818166256	0.007676013233140111	0.0048889791613191845	0.008238074183468485	0.003803432919085026	0.013928625360131263	0.009135135263204575
A[T>A]T	0.0011941125616431237	0.0	0.011688787769526244	0.00238083046860993	0.011772169917821883	0.002915443723708222	0.007020816859130719	0.004721639679723921	0.015297619812190532
A[T>C]A	0.00010295802494511008	0.009486792469397187	0.00730257872492075	0.0019351532217115163	0.015965146105736495	0.01637783907353878	0.01574312448501587	0.024123631045222284	0.009271715581417084
A[T>C]C	0.0008680256872821701	0.0006699256133290102	0.017303774785250425	0.004897268861532212	0.013333045318722725	0.006448550159370825	0.006741522345691919	0.007588639482857909	0.006185517087578774
A[T>C]G	0.005142462765797972	0.006290725152939559	0.006266259681433467	0.013611845858395099	0.003057270450517535	0.01741582378745079	0.012658884283155203	0.008009444642812013	0.017942944820970298
A[T>C]T	0.0024777472484856845	0.008418678515590727	0.008137305057607591	0.005265043023973704	0.0263568002730608	0.017739885761693587	0.0051227685064077376	0.006709468502867822	0.01028903104447636
A[T>G]A	4.5805027158450405e-19	0.003461100038839504	0.0056513180087677025	0.003385965511552058	0.00393871417727496	0.008596211625263094	0.01509079895913601	0.002009192728920084	0.0046440694262742
A[T>G]C	9.135650670941687e-05	0.00010223198914907064	0.0023056950420179156	0.004273283574730158	0.006234408728778363	0.0022894510766491294	0.0024470170895369847	0.003040643564258971	0.0005663338716885846
A[T>G]G	0.0002818275661638836	5.432790247255071e-05	0.008287430554628373	0.007368751015681374	0.0073492071661689804	0.006413697828850218	0.004343969747424578	0.003159817778785623	0.00014745579101145269
A[T>G]T	0.000389410948673687	0.0007019010520252777	0.006157891964539886	0.0028521175729110835	0.009520880319178106	5.311183631423815e-05	0.00142154582817966	0.005324918088388131	0.0015195974614471198
C[C>A]A	0.0002897248428780586	0.0027451701345853506	0.02590636406093836	0.014161365525797009	0.01335650123655796	0.02160756103694439	0.016610935753851662	0.015345300309127197	0.0010444999672472477
C[C>A]C	0.002315027278382331	0.0015638293407391757	0.009555435180664065	0.00972290292411344	0.039446499198675156	0.008395841252058745	0.0004478668523540577	0.012562974495813251	0.013597268238663673
C[C>A]G	0.003936483385041356	0.0004641755247156709	0.003657739330083132	0.0037988766096532347	0.002051294036209591	0.007220159564167261	0.002945585735142231	0.004902713508295164	0.004786654325926065
C[C>A]T	0.00014431903546210378	0.007709176710341126	0.0040390404872596266	0.01594144757837057	0.0320396900177002	0.01589259747415781	0.006790609378367662	0.018507554102689026	0.006883470714092255
C[C>G]A	0.002475579734891653	0.010051069408655166	0.010195267479866743	0.010997328767552971	0.010687667783349753	0.019223370403051377	0.0019065232714638113	0.014861307526007294	0.005411942768841982
C[C>G]C	0.0008836766006425023	0.005365747680712474	0.014716050680726766	0.011108091287314891	0.004430357695820763	0.016722924541682005	0.010346579365432262	0.0032906640321016313	0.00045118043199181556
C[C>G]G	0.001155834334821293	0.00080052535699906	0.0025000737048685552	0.01292632520198822	0.004026464093476534	0.003011084161698818	0.018036852311342954	0.0019397438197557904	0.003083948791027069
C[C>G]T	0.0035370560362935066	0.0026052803475522524	0.014369744434952736	0.017896353267133236	0.03473285296931863	0.0020670034689828755	0.00659836225934427	0.014257034286856759	0.012911770306527615
C[C>T]A	0.009061033697798848	0.010665365762542933	0.020399076957255603	0.018634610623121262	0.010900563700124622	0.003935173712670804	0.03468351885676384	0.015452062338590622	0.005862676352262497
C[C>T]C	0.004142379420608222	0.0066992037929594515	0.0111204054672271	0.00542944265762344	0.020584573224186897	0.009640943852411965	0.011386092379689216	0.01611490423089159	0.009309432143345476
C[C>T]G	0.029685116186738015	0.0014184658242325557	0.00693588238209486	0.020552387833595274	0.0038735639303922654	0.011799730191187584	0.07493907399475574	0.010998097341507673	0.034537729294970634
C[C>T]T	0.004091169519884474	0.016278156638145448	0.03059122208505869	0.01676857750862837	0.011516036186367273	0.019676244258880864	0.018500185944139956	0.013566391216591001	0.011482160357991234
C[T>A]A	0.0007804865192156285	0.0005337009206418635	0.0017885009292513132	0.013109701219946146	0.00239858134757861	0.00644135195761919	0.0028489977240099052	0.002338625135234906	0.002991204150021076
C[T>A]C	0.0017859211569884793	0.0034479740308597682	0.009622422326356173	0.022558443248271942	0.009764080212210046	0.0014018870609561417	0.004323167581361531	0.012804498585774126	0.003240721272709379
C[T>A]G	0.00028204101836308836	0.00044223469440120565	0.006615885067731142	0.013681820966303349	0.0033044076291844247	0.004441358636415771	0.024073865637183188	0.009505854919552803	0.0021131242858245967
C[T>A]T	0.0	2.1969979115965544e-07	0.01757882460951805	0.0020947319746483116	0.016207143291831018	0.0037580712610734146	0.005354486126452685	0.004980869105156671	0.003389537615214522
C[T>C]A	0.0002957889490062371	0.007406116858537659	0.005417555663734674	0.007466818962711841	0.005271654762327671	0.0047133511299762175	0.0011057541167604156	0.004714490893456968	1.1519362033141079e-07
C[T>C]C	0.0005154630345712175	0.0009259328013285995	0.018084060586988925	0.00429491673130542	0.006945854239165783	0.01279140766710043	0.011084469500929117	0.011282853782176971	0.006655822973698378
C[T>C]G	0.0014242398667434486	0.005291628511622548	0.0009739715605974197	0.010583510436120849	0.009935937635600568	0.031512004882097246	2.140813248322183e-07	0.0035135568812393104	0.004292741596520955
C[T>C]T	0.0009582429891452193	0.0018443695735186338	0.015492493286728859	0.01117950021289289	0.0038559967651963234	0.020762456953525542	0.003150180823286064	0.007036924595014887	0.006959400558844209
C[T>G]A	0.0	0.0	0.0013697725181430088	0.005562537675723433	0.0006875975576917881	0.0023856822288109924	0.005386068619515072	3.3256249025725993e-07	0.00325815090263859
C[T>G]C	0.0017498034225297942	0.0014938188284645548	0.003258615106005891	0.003433971246704459	0.012336348742246627	0.002192675884394687	0.0045016958145424725	0.015840302407741546	0.0077331175239123695
C[T>G]G	0.000660130104816915	0.008162925160239538	0.011894810665398835	0.011050605403885517	0.008079419750720263	0.019684918597340582	0.002569386955597697	0.007857665419578552	0.0019128765632558497
C[T>G]T	0.0	0.0	0.007812453643418848	0.004156740682554982	0.0070990245085113205	0.017381703853607176	0.013060700055211783	0.010248226579278708	0.005677797716134592
G[C>A]A	0.003925875446293503	0.0007107865763828159	0.013730762526392937	0.01569381430745125	0.017749246768653394	0.004337822378231238	0.008571503590792418	0.010002914629876614	0.018031423538923265
G[C>A]C	0.0009673670399934053	0.0011716465000063182	0.010721508041024208	0.022599676437675954	0.013772163912653923	0.013149617612361908	0.008614200027659535	0.010967019316620964	0.005922924913465977
G[C>A]G	0.0016855615708951887	0.0005423367118964961	0.007520384155213833	0.004365335498005152	2.8120732622483045e-07	0.0043987193377688525	0.004858888685703278	0.003154299198922672	0.0034300260711461307
G[C>A]T	0.001649932167492818	0.001461763523548173	0.021571767516434193	0.007532164251460927	0.012091658264398574	0.0035812443489476207	0.01167537810158592	0.004275229386985302	0.01435078441281803
G[C>G]A	0.004860734194517135	0.0016414044042363685	0.0041302948258817255	0.017692262958735227	0.007702396224249242	0.006221012026071548	0.00047329841181635856	0.009978434223637579	0.0020460431929677724
G[C>G]C	9.144323841411624e-32	0.004462850635172799	0.006849076075121729	0.002064387034624815	0.010085269436240196	0.011703378893435002	0.0017819620436057449	0.00818094874266535	0.003481563553214073
G[C>G]G	0.0010658252655048272	0.000949565733350255	0.0016199479378144587	0.006114550121128559	1.5678709814892499e-07	0.0023648158530704677	8.403703048998068e-07	0.002434093532377801	0.00010986480629071593
G[C>G]T	0.008210136787965894	0.00047180488311060476	0.013817096920742572	0.0233384121209383	0.017929276847280563	0.0039021724835038183	0.00203959345817567	0.004363336840032162	0.005491709429770708
G[C>T]A	0.004030857747420668	0.013640151679328482	0.006249034404754638	0.014856827165931463	0.0076951364990425555	0.021100446488708256	0.016087257221806796	0.03323094062507154	0.011363690020516515
G[C>T]C	0.002829967019602009	0.013038078835234047	0.012574648251757026	0.018178457766771315	0.014738699607551097	0.00873765181750059	0.01261432357132435	0.012664058059453965	0.0019507637601599015
G[C>T]G	0.016964177973568438	0.012272059638053227	0.0042605341877788305	0.021633297204971313	0.01018511625006795	0.015811573714017868	0.07117782831192017	0.0312508680857718	0.04189326800405979
G[C>T]T	0.0021981699923344423	0.01834023278206587	0.016406688280403613	0.009649543184787035	0.013737525139003993	0.004400337440893054	0.013145892787724734	0.006648134959891782	0.004478500271216035
G[T>A]A	0.0013196004641940818	0.00300228800624609	0.006415843218564987	0.0017829131800681352	0.006165756657719612	0.004577649821635532	0.005438251048326492	0.011442373692989349	0.009387180905036985
G[T>A]C	0.0	0.0	0.006812161672860384	0.002371417575614032	0.009673940476545795	0.0015608853484375019	0.004735537618398666	0.0026499478676214492	0.0026714542887816607
G[T>A]G	0.0004101429251356859	0.003544644989619883	0.0015355953481048345	0.012855258584022523	0.005841934215277433	9.300440524384612e-08	0.001969234761770622	0.007809743471443653	0.008111613802611828
G[T>A]T	0.0005235258625162942	0.0014985705085564405	0.005589571919108494	0.002046687289657712	0.020771152898669244	0.0012344557791948319	0.004200426586783124	0.006686229724436998	0.009540235623717308
G[T>C]A	0.0013978295493870974	0.006702043116092682	0.009526109042860753	0.008685922203585505	0.0014768637716770171	0.011935444548726082	0.010165190017981728	0.009504526178352535	0.007283163350075483
G[T>C]C	0.0016905336524359882	0.0029318916611373426	0.003969466782372066	0.010322487074881792	0.005024266481632367	0.005510235112160987	0.0073575607500970365	0.008495415234938264	0.00886800668668002
G[T>C]G	0.0001836854498833418	0.004651223355904221	0.0024121342226862907	0.011225323285907507	0.002635232196917059	4.7152739170996936e-07	0.005492976721006926	0.011112724803388119	0.004231225186958909
G[T>C]T	0.001806856319308281	0.004672120924806222	0.007615345250815153	0.005455668596550822	0.000646554306192491	0.009820417035371065	0.022872883640229703	0.009081932250410318	0.015132929855371912
G[T>G]A	0.0	0.0	0.0026582197487474706	0.0065273453052213885	0.005094845315408979	0.012907509878277778	0.0017390430893044595	0.000988953439332363	0.0053624146798483706
G[T>G]C	0.0011691996944136918	1.5338211551352287e-05	0.004385826550424099	0.0004229143320799267	0.0016426013531599891	0.002123622491762944	0.0	0.006354037811979652	0.007628474907744476
G[T>G]G	0.002658170089125633	0.0028811356402002274	0.0204274027608335	0.006397512182593346	0.0033488892484456302	0.01095330030657351	0.0028701092347546363	0.005243059620261193	0.0037888585589826106
G[T>G]T	0.0008605593466199934	0.0005264353037091496	0.01665963179957295	0.00449261125177145	0.0025794173445319755	0.004484367140651102	0.004989466528400044	0.009795011003393483	0.006853535419622858
T[C>A]A	0.015169511213798614	0.02533250574488193	0.007213929481804371	0.012321859411895276	0.023768501728773116	0.004095126102481572	0.016827064286917447	0.028696374595165254	0.02405071258544922
T[C>A]C	0.02310806717723608	0.01817186194748501	0.024825373385101556	0.02144525609910488	0.00953278576489538	0.012065118551254273	0.0023767070844769476	0.008868877567789469	0.008862992189824581
T[C>A]G	0.003471886971965452	0.003999480092898011	0.001652955602008277	0.0	0.003395269312388294	0.002421887032687664	0.004648194508627057	0.007564741931855678	0.008089235797524453
T[C>A]T	0.015501599607523531	0.01195301916450262	0.03253357745707035	0.006317617651075125	0.04285266101360321	0.010525113716721535	0.005530766027578532	0.031267116963863376	0.015195832587778568
T[C>G]A	0.11270171850919723	0.12631486356258392	0.026139997690916062	0.0020114587619900703	0.026113843978430733	0.007332558499183506	0.004069809411885217	0.004752055373270231	0.03549523614346981
T[C>G]C	0.025593234079133255	0.06436574086546898	0.012527745262794631	0.027325955405831336	0.01079237918381537	0.035237633436918256	0.004295062483288347	0.012972905347123743	0.014325479976832867
T[C>G]G	0.014204318914562464	0.010794008183665937	0.0018435079837217927	2.4329939378956932e-05	0.003041254126947024	0.005897085415199399	7.844657375244423e-07	0.003691992370545449	0.0011573320254683495
T[C>G]T	0.185506671667099	0.11178374588489533	0.06576538067311048	0.017474829312413932	0.030617579624254532	0.016348868614555284	0.005953418090939522	0.004452701378613711	0.03954357081092894
T[C>T]A	0.1964677631855011	0.16354077756404878	0.01321637437596164	0.0013987136939912048	0.006581583293154836	0.0011043542065030673	0.03490160182118416	0.04142534956336036	0.053170713037252425
T[C>T]C	0.06498146131634712	0.03380786832422018	0.03114853072911501	0.015501042082905769	0.020016920752823353	0.010369677376002074	0.020864685997366905	0.020990784652531146	0.0317549753934145
T[C>T]G	0.061067824438214305	0.03274308774191468	0.0009038830528747743	0.01646115109324455	0.013785145990550519	0.010817781556397729	0.023683290210419726	0.03877562563866377	0.03321981355547905
T[C>T]T	0.09315346032381058	0.1039279893040657	0.027750273793935843	0.0040337367914617065	0.003295924860393018	0.015434323437512063	0.02019902691245079	0.04235314503312111	0.020285881310701505
T[T>A]A	0.0006542015820741653	0.000781743973493576	0.002144470950588584	0.011965107917785645	0.009963393135467413	0.003565520700082523	0.01565788872539997	0.021711177239194513	0.010537978853972164
T[T>A]C	0.0010723668994614855	0.001325490337330848	0.000911623509000492	0.011288356129080057	0.014722164394333959	0.0067860453855246305	0.010105842351913452	0.003713763947598636	0.012425172259099782
T[T>A]G	0.0002802824390528258	0.005461008660495282	0.007667458057403565	0.0018575888243509086	0.005549797741696239	0.014378559403121471	0.005007806234061718	0.002935929503291845	0.005806583538651466
T[T>A]T	0.0006666750297881663	0.0001497517339885235	0.008728060459907283	0.007752071286820694	0.019064163928851484	0.00037149265408518577	0.0008967636153101921	0.009372679465520095	0.0083026722073555
T[T>C]A	0.00038466148544102907	0.0	0.003934675472521576	0.012336605228483677	0.0034658074378967284	0.0019991358232744004	0.02062186524271965	0.003364740761776375	0.011373643577098847
T[T>C]C	0.00046975487493909894	0.0001193016653590032	0.002269283715281745	0.019567432720214127	0.0023683216189965607	0.01039242144470336	0.014664777833968402	0.0069163177162408825	0.013809405579308986
T[T>C]G	0.0014508458902128057	0.00633745917584747	6.625561095111032e-08	0.006697359494864941	0.0042479649186134335	0.009695703256875276	8.69709879225411e-08	0.003822837397456169	0.009525773839203566
T[T>C]T	5.092530613274304e-05	0.004135297297034412	0.004570825397968293	0.013417690992355347	0.0056407093070447445	0.019489002227783204	0.021572575718164445	0.0053780499380081895	0.017329915054142477
T[T>G]A	0.0003376942506292835	0.0017054761423651143	5.417379270511447e-07	0.011447432823479176	0.0008964630775153637	0.018570386711508034	0.0032483352813869716	0.004025513678789139	0.0068397579341876735
T[T>G]C	6.58380915415513e-05	0.0017787246643820253	0.0018187537795065808	0.010988765023648739	0.00285281151673189	0.004499230533838272	0.0005857985389354781	0.005495396574940514	0.0007250916817611141
T[T>G]G	0.0	0.0	0.007600623266327489	0.007571005984209478	0.0031172479554697928	0.005145120563804539	0.006327620521187782	0.007958365502338438	0.00010147795936177317
T[T>G]T	0.0002851094875950367	0.0006633135525760281	0.008761000912636518	0.009418429248034954	0.00895914938300848	0.017859997593677335	0.013808524468913674	0.005470683984458447	0.0027584604918956756
