MutationType	DBS78A	DBS78B	DBS78C
AC>CA	0.0023557125203296893	0.002782501538786164	0.004325848293319723
AC>CG	5.868017240118206e-07	0.005770938185628438	0.006280310579995785
AC>CT	0.006151603339384337	0.006613303116364477	0.0011160916702237956
AC>GA	0.011216469947248698	0.0020588908415447803	8.050633027778531e-07
AC>GG	1.951503895725182e-06	3.3021659874066244e-06	2.578085491222737e-06
AC>GT	0.0030667580131421347	0.0005565252459746262	1.1340474657117738e-06
AC>TA	0.006728651840239764	0.019084544759243725	0.001073219378503154
AC>TG	0.0041142062728795285	0.002173957362560941	1.1230273116780153e-06
AC>TT	0.004179332426483029	0.002171639252651403	0.01852147374204378
AT>CA	0.0011417553580486128	0.006654425166516376	0.0014206520099833142
AT>CC	1.951503895725182e-06	3.3021659874066244e-06	2.578085491222737e-06
AT>CG	1.951503895725182e-06	3.3021659874066244e-06	2.578085491222737e-06
AT>GA	0.0066661010030657055	0.0004777427809699475	0.00103871355192382
AT>GC	1.951503895725182e-06	3.3021659874066244e-06	2.578085491222737e-06
AT>TA	0.0021070763733860077	0.008250539667642443	1.6084825460893625e-06
CC>AA	0.21200986802577973	0.09804269671440125	0.027598177455365656
CC>AG	0.03327039182186127	0.03455974087119103	0.015328210592269898
CC>AT	0.08216173499822617	0.03369850609451532	0.033007658272981646
CC>GA	0.01893125344067812	0.041774170473217964	0.002828843202436815
CC>GG	0.0008662232105734802	0.007238759734855193	8.819398431114678e-07
CC>GT	0.0007510662890581443	0.01642397061957581	0.059055451303720474
CC>TA	0.008616559021174908	1.5357664665316405e-06	0.04644272681325674
CC>TG	0.003000667688320391	1.0159805242437868e-06	0.008521489449492492
CC>TT	0.02644012700766325	0.013732269033789634	0.2189442366361618
CG>AT	0.0012849104486804207	2.57477561262931e-06	2.227057439085911e-06
CG>GC	1.951503895725182e-06	3.3021659874066244e-06	2.578085491222737e-06
CG>GT	0.002902430512506271	0.002175706715331671	1.617882412574545e-06
CG>TA	8.607499808022113e-07	0.02117416627570492	0.006834223852087007
CG>TC	1.951503895725182e-06	3.3021659874066244e-06	2.578085491222737e-06
CG>TT	1.951503895725182e-06	3.3021659874066244e-06	2.578085491222737e-06
CT>AA	0.02256857939064503	0.016630396246910095	0.02660686858769168
CT>AC	0.0045680588663799425	1.9035896457353374e-06	1.6122405099849857e-06
CT>AG	0.012680757596437341	0.045210323315041025	3.2253375366056005e-07
CT>GA	0.004132331991382898	0.00990040386095643	8.022933911888685e-07
CT>GC	5.200984105613315e-07	0.008536116601408138	0.00979317184537649
CT>GG	0.0030466101080776297	0.00830722932585104	0.012073653972777265
CT>TA	0.016601474955677986	0.0017456827391470141	0.06658295765519143
CT>TC	1.1559647873582436e-06	0.0006296590692500103	0.024235150218009947
CT>TG	0.0021549160387735354	0.009437922900542618	0.005940063655532413
GC>AA	0.061350039392709735	0.032838806696236136	0.029870018659153175
GC>AG	0.04351596981287002	0.01761792169281989	0.008509522119356915
GC>AT	0.00518906437791884	0.021874742382595968	0.006041403965218706
GC>CA	0.003410443942993879	0.014761544312978003	0.01219589646843815
GC>CG	1.951503895725182e-06	3.3021659874066244e-06	2.578085491222737e-06
GC>TA	0.002627892132602483	0.008952627451071749	9.542023121866806e-07
TA>AT	0.01043533906340599	0.005221252404982124	0.01156614013016224
TA>CG	1.0955479552876568e-06	0.0061126606617108335	0.0009658440630005316
TA>CT	0.0059130939707983995	0.03448407659889199	0.0028807640583949023
TA>GC	1.951503895725182e-06	3.3021659874066244e-06	2.578085491222737e-06
TA>GG	1.029205336067207e-06	0.005005625433068417	0.003114811545287921
TA>GT	0.007524874387308955	0.0007503226666358386	8.404470690948073e-07
TC>AA	0.09499146938323974	0.08492603078484535	0.014855663654570073
TC>AG	0.004000109806656838	0.007955238835438649	0.063692557066679
TC>AT	0.04654729999601841	0.01728101093323636	0.12591397613286973
TC>CA	0.033623595349490644	0.037485436908900736	0.0032523047875542945
TC>CG	0.003017169246379581	0.005725959578410311	0.004066113564158513
TC>CT	0.020467771496623755	0.00948756244033575	0.03198666833341122
TC>GA	0.021789261884987355	0.018405830946994682	5.808781196492418e-07
TC>GG	8.454918088318663e-07	0.004608399602466307	0.005497035072437484
TC>GT	0.0013920733248653505	0.011153027088221279	0.006349341664463282
TG>AA	0.007331723580136895	0.004817568389216831	5.573430030381133e-07
TG>AC	0.0021201056495328886	0.0008710424668379347	1.9781690070885817e-06
TG>AT	0.03207509741187096	0.02243189737200737	0.008074389939491767
TG>CA	0.0202515359967947	0.017615992948412894	0.006301928670336565
TG>CC	0.005131516903702504	0.0049594874453759985	0.0026422940573411326
TG>CT	0.05116525739431381	0.11142729073762894	0.005793806156427906
TG>GA	1.3561902960645966e-06	0.003589195534459577	1.5759482835164817e-06
TG>GC	9.382337566421484e-07	0.006190402535276007	0.0015702689495356026
TG>GT	0.001060961471966948	0.01822356544435024	0.008731422678624767
TT>AA	0.0037271025790460042	0.022957435995340347	0.009430952998559405
TT>AC	1.968592960110982e-06	0.004050521112185379	1.831297527132847e-06
TT>AG	0.004000910680883862	0.0036842112048134368	0.00566758341261675
TT>CA	1.097947745165584e-06	2.4341765993085574e-06	0.006014822833685684
TT>CC	0.0021945355679690694	1.6151692648236348e-06	0.007478837463281707
TT>CG	0.0004331618645494473	0.005709993789423606	0.0009561671679080064
TT>GA	1.951503895725182e-06	3.3021659874066244e-06	2.578085491222737e-06
TT>GC	1.8564138485999138e-06	0.002239992695695037	0.00896223614503242
TT>GG	0.0009641993986178931	0.0007264476226282568	1.8246149920742027e-06
