MutationType	SBS96A	SBS96B	SBS96C	SBS96D	SBS96E	SBS96F	SBS96G	SBS96H
A[C>A]A	0.001071232627145946	0.01665447872655932	0.01401443756185472	0.007250486733391881	0.019041004497557877	0.015024361573159695	0.013268502801656723	0.03609805479645729
A[C>A]C	0.00029727352957706896	0.006203976948745549	0.012449129577726125	2.7687991899227882e-08	0.023727548122406007	0.014349819254130125	0.022182732075452804	0.0029774657450616373
A[C>A]G	0.00043358611583244056	0.0008205652430888222	4.2641512269404183e-42	0.005840869015082717	0.003567026136443019	0.0032081592828035353	0.009508089750084991	0.007611203379929066
A[C>A]T	0.0004802828480023891	0.03363894447684288	0.01066517299041152	0.004683412122460595	0.00611024479946991	0.008367182341589795	0.007991902236580018	0.017483876273036002
A[C>G]A	0.002839610422961414	0.008373142743948847	0.004585728235542774	0.002526242146504278	0.013339583203196526	0.009911139309406281	0.006056138221174479	0.021357617527246475
A[C>G]C	0.0019370720721781254	0.006430444680154324	1.5057789284810318e-27	1.2047554776017933e-08	0.010776260478041876	0.014204701222479344	0.003593092877417803	0.012818541657179595
A[C>G]G	0.0011735002626664937	0.006949835456907749	6.851358921267092e-06	9.039369643915052e-08	0.0035751750365420774	0.010343680816008102	4.305253170855394e-07	0.0030201202545868
A[C>G]T	0.0019672425463795663	0.03408604823052883	0.01877052616328001	0.0020390619058161972	0.02312649330124259	0.004760419868776467	0.0034884112671761613	0.003928941438538259
A[C>T]A	0.005765618477016688	0.02728110533207655	0.010523824207484721	0.004322970099747181	0.003228737972676754	0.005969082752631039	0.013808499090373516	0.022023515962064266
A[C>T]C	0.0028333568247035147	0.0029977831058204175	0.015654992125928403	0.0028448183555155994	0.020826293714344503	0.008854790963250533	0.01656341478228569	0.007980606611818075
A[C>T]G	0.0044622075278311964	0.016259237381669078	0.01382215674966574	0.04072194248437881	0.025917186215519906	0.03876985600218177	0.06604062095284462	0.050748353451490404
A[C>T]T	0.00046040259767323735	0.021066802740097045	0.018115300685167313	0.0025034768972545863	0.007414352521300316	0.007271541096270084	0.015569815039634704	0.010781238786876202
A[T>A]A	0.0006604763882933184	0.0019842970883473753	0.012148348987102509	1.7338391415933075e-07	0.0020252728321224823	0.0017978525942908164	1.182040364255954e-07	0.005049260891973972
A[T>A]C	0.0012552295695059002	0.006226713117212057	0.0035243501886725427	0.003554799780249596	0.0066370102418659375	0.012297881580889226	0.012993971910327673	0.0012340730521827937
A[T>A]G	0.0003834087576251477	0.004912620130926371	0.0172664113342762	7.218591729170893e-08	0.0011199490167200566	0.02055531330406666	0.001870055124164547	0.011981380917131901
A[T>A]T	0.0	0.0023735178649764766	0.01961440686136484	0.003155866265296936	0.003972315927967429	0.014247744344174862	0.004279634146314493	0.015069647692143917
A[T>C]A	0.000802475563250482	0.00305741261690855	0.015295584313571453	5.58518367657878e-22	0.007951792702186575	0.02405742332339287	0.013216160424053668	0.016064345091581344
A[T>C]C	0.0013316473341546953	0.010310839861633512	0.014044485799968243	0.004033412225544453	0.005782817490398884	0.010815880261361599	0.004859254229813814	0.005220247455320859
A[T>C]G	0.0015177109744399786	0.010668860049918294	0.0026460252627128257	0.010630512796342372	0.009514269011560827	0.023819669522345065	0.016785098239779472	0.011995812272652983
A[T>C]T	0.0009258844103896991	0.01151071192722432	0.0322060102596879	0.0051944780978374185	0.003786231856793165	0.012373402249068022	0.00505539895966649	0.007674239389598369
A[T>G]A	0.00023231072118505834	0.006203914899379015	0.007177399192005396	3.781374005029647e-08	0.010234850179405838	0.0028706492099445312	0.010920851118862629	0.007974714506417513
A[T>G]C	0.0003763747459743172	0.007329725287854671	0.0002472555031999998	2.892977590818191e-08	0.0007142512402737111	0.005033242543837824	0.0006692712875974394	0.0046517566013343
A[T>G]G	0.00043492609984241426	0.010713169770315289	0.004113923478871584	3.5467812153910926e-08	0.008531176691758447	0.0035519487694728015	5.953806976322085e-08	0.0058494484474522325
A[T>G]T	0.0008076672966126353	0.001545309624634683	0.010529165808111429	3.1726760880701476e-07	0.0021818323526531457	0.004551438526667085	0.0003329965194154738	0.0024315117858350276
C[C>A]A	0.0010464512277394533	0.01443347129970789	0.0164889270439744	7.159896375204573e-21	0.017711260169744492	0.011540112793045409	0.021016553230583667	0.017917207442224026
C[C>A]C	0.0007788288872689009	0.010548810567706823	0.023475905880331993	0.0003933804252937989	0.026422698702663183	0.01124436138081819	2.7136093834489746e-16	0.004028150945703146
C[C>A]G	0.0015558415791019798	0.004694890591781587	0.0006428396794945001	0.0027299742214097478	0.007595735974609852	0.0037834459915758135	0.005708351219072938	0.00447902064770484
C[C>A]T	0.0012539942283183337	0.013748638145625592	0.013811531476676464	5.2148726581435766e-08	0.02977632712572813	0.03335778433829546	0.0033555302768945696	0.005533040115551557
C[C>G]A	0.005520594399422407	0.006908410601317883	0.012707759998738766	0.0	0.01665320061147213	0.01474116612225771	0.0012105575762689114	0.012796537938493202
C[C>G]C	0.001293681631796062	0.017968751303851605	0.004533345997333527	1.7034938082360895e-07	0.012886659521609545	0.006614368455484509	0.004560971120372415	0.008384902961552143
C[C>G]G	0.0024636969435960056	0.00700759869068861	0.0002089092795358738	7.37649429543092e-08	0.01975691042306522	0.007307428889907897	0.0037490962168703996	1.1336454460347898e-19
C[C>G]T	0.005511839734390378	0.017978869937360288	0.027910426259040833	0.0	0.014364712499082088	0.009955964412074535	0.007307331915944815	0.00256594680249691
C[C>T]A	0.009349775314331055	0.012320903345244005	0.013651543855667114	0.008963937684893609	0.02679541930556297	0.009891526254359628	0.02085501290857792	0.007977213151752949
C[C>T]C	0.004580631060525775	0.009218838717788457	0.02843673564493656	0.0	0.015269821928814053	0.008698419738175289	0.007709976751357317	0.005877981870435178
C[C>T]G	0.00984715335071087	0.01182829700410366	0.008623644709587097	0.0342775970697403	0.021630996279418467	0.010530991759151221	0.07138246968388558	0.017877084016799927
C[C>T]T	0.0067045255564153194	0.01770964148454368	0.0253862876445055	0.009405168984085322	0.010646379517493188	0.010129218773181492	0.00799691859479026	0.021841533482074738
C[T>A]A	0.00045245079090818765	0.006901069870218634	0.0016653468274512306	0.0031499971013643603	0.0035441662620769422	0.003103679371997714	0.00045391140211267853	0.013835401507094502
C[T>A]C	0.000653605634579435	0.019645192474126816	0.007331602880731225	0.0019799001272197358	0.007426257245242596	0.006057520270633177	0.0017295450903475318	0.008164339698851109
C[T>A]G	0.0007857780263293534	0.015272977016866206	0.0036937511700671165	0.0	0.013362409809931818	0.009813944183804324	0.010773302149027586	0.007596293452055735
C[T>A]T	0.0	0.0050985150892074674	0.021412570774555207	0.0	0.004108035378158093	0.0037687827736192503	0.004709210849364353	0.008308531220973237
C[T>C]A	0.0007457170984707772	0.0011673219734802843	0.002041545914528342	1.5971068876297067e-07	0.003544002678245306	0.007638355719512902	0.0037742558401077987	0.007138251513242722
C[T>C]C	0.0006627548311371357	0.0033194207146657107	0.016207882203161716	9.036157848640869e-08	0.006565950694493949	0.0035900885304727126	0.02154851257801056	0.01181039628572762
C[T>C]G	0.0017578297993168235	0.010452017560601235	0.004957350110635162	0.0	0.008178985770791769	0.008125933771952986	0.0020602627657353876	0.026825643330812454
C[T>C]T	0.00012980130463322582	0.011356065794825555	0.007930035782135293	0.004457248328253627	0.007147555891424418	0.008010408468544483	0.0075108423363417385	0.012475084943525871
C[T>G]A	0.0	0.001886331815742892	0.0020349533103626526	1.209889887832105e-07	0.003860874548126958	0.0014109442443213994	0.002011043582274397	0.004257671954110265
C[T>G]C	0.0009013216535095125	0.0035367126227356495	0.00508134753908962	0.006559876166284085	0.009047832153737546	0.004510409775321023	0.012793920468539	0.0037352538667619227
C[T>G]G	0.0009573565912432969	0.015603448636829853	0.013269508257508278	6.122883462467144e-08	0.010922904168376135	0.009026446137431776	0.0005954665020681205	0.00723220989341371
C[T>G]T	0.0	0.010450208932161332	0.008859340799972415	1.2054262015226415e-07	0.0077011262532323595	0.007383781804855971	0.015653124079108238	0.0016614131629474488
G[C>A]A	0.0012015326181426644	0.0167817828245461	0.01580888796597719	0.0024956336710602045	0.009777643205597996	0.011980852075248549	0.0028996534294776664	0.005846895976708311
G[C>A]C	0.0016474140109494328	0.025470979884266852	0.009489734487613078	0.0007203670917078853	0.014977043308317662	0.007590455422177911	0.004658270487561822	0.014083426631987094
G[C>A]G	0.0009286285610869526	0.001571796042844653	0.0010565059725195169	0.007375307939946651	0.0019259216263890267	0.0006289756391197443	0.007794832158833742	0.000669102895466267
G[C>A]T	0.0009235868463292717	0.00723746172443498	0.016764170490205288	0.007319625560194254	0.014328868687152862	0.007388738048030063	0.0056966589624607876	0.004692422055086354
G[C>G]A	0.0026796343503519894	0.01824332810938358	0.007681359630078077	0.0062031619308299925	0.003445973992347717	0.004897996177896857	1.7036032725266613e-38	0.006723321229219437
G[C>G]C	0.0007526036468334496	0.0075691961217671635	0.0036395307164639235	7.641215518106038e-08	0.007051250571385026	0.015041990707959484	0.005561572359874844	0.004950148612260818
G[C>G]G	0.0012068695039488375	0.004038307350128889	0.0006918882485479116	7.696237958043639e-08	0.005575254606083035	0.0027108805970613046	1.4407284254502883e-08	0.0014660452754469589
G[C>G]T	0.0015041139675304293	0.03330817222595215	0.0211418972350657	0.005899856891483068	0.005723539460450411	0.003179360085593734	0.0	0.003106772902492656
G[C>T]A	0.0064019661396741865	0.019587873294949532	0.005912776570767164	0.0009424800518900156	0.012423308100551367	0.02142643565312028	0.02431849017739296	0.015362856769934296
G[C>T]C	0.004184040194377303	0.012907334417104722	0.010375131369801237	0.005786660686135292	0.017111872881650926	0.0181526864413172	0.01046523595286999	0.00624585673213005
G[C>T]G	0.008234896883368491	0.002827030653133988	0.023060844838619234	0.012604955118149519	0.03407677672803402	0.03126029996201396	0.06296828612685204	0.01663631573319435
G[C>T]T	0.004612306412309408	0.0057775252518695195	0.02029828242957592	0.007229300402104855	0.010966173186898232	0.0054704110346392556	0.014260103181004524	0.009556942386552691
G[T>A]A	0.00038145042781252415	0.0010871017875615507	0.008650849480181933	0.003375709717622044	0.006091354554519058	0.004857890121638775	0.0058280368442865434	0.004528056439170314
G[T>A]C	0.0	0.0024994635721668603	0.008727325825020671	3.603060179102613e-08	0.0011145488905299316	0.006034593656136167	0.001708994425405308	0.0016285638790582342
G[T>A]G	0.0004728021856863052	0.012378789857029915	0.003819556813744682	0.0015656288912129668	0.007178460154682398	0.00786042963154614	0.0020332962058631663	9.034261456690729e-05
G[T>A]T	0.00040080780745483936	0.006771171744912863	0.015267123840749264	0.001678270986303687	0.006063787291191147	0.009937263187021017	0.0021968378219753503	0.004175929538905621
G[T>C]A	0.0002326162182725966	0.019610808975994588	0.006975290059529016	0.007359874714165926	0.007023295387625694	0.013533443585038185	0.002192414719084468	0.0055314887315034865
G[T>C]C	0.00084466184489429	0.004865097627043724	0.004137321887537837	0.0042426811531186106	0.012503468105569482	0.007140074763447047	0.002515093283727765	0.001029401458799839
G[T>C]G	0.0005378495436161757	0.005019747000187635	0.0011229482479393482	0.0003836604032244395	0.008006918230040582	0.006333900243043899	0.002654447852762587	0.004055425710976124
G[T>C]T	0.0001514216070063412	0.004021643334999681	0.0028794913116144015	0.005868993140757084	0.009071749518125217	0.009770546201616525	0.017046274710446598	0.004440101133832286
G[T>G]A	0.0	0.01239712219685316	0.0067146119428798555	4.360524599178461e-08	0.005155272123570853	0.0031342328643972905	0.0022602746706638756	0.0062211455777287485
G[T>G]C	0.00027937467384617774	0.002802488743327558	0.0016611092258244752	0.002923607104207804	0.0007277934854982959	0.004426667385996552	1.4388168096957087e-07	0.003996527357958257
G[T>G]G	0.001294494024477899	0.01756479162722826	0.008376656509392432	0.007353386422619223	0.004316450422629714	0.004845042526721954	0.008960143011063338	0.0037896931171417236
G[T>G]T	0.00027618465537671	0.004743318376131356	0.008909520925953984	0.0003929495287223972	0.005728111136704683	0.008952954225242138	0.008400018000975252	0.009965539164841174
T[C>A]A	0.024169141054153444	0.008601896278560162	0.009727474497049115	0.02250460013747215	0.02195874582976103	0.030949006602168084	0.009876173467455373	0.005056503775995225
T[C>A]C	0.013134937733411789	0.030589604377746583	0.019019836187362672	0.024248824641108512	0.001075435611528519	0.010474574472391395	0.004276592284440994	0.01938174804672599
T[C>A]G	0.003714719135314226	0.0011771468445658684	0.0013715832494199276	0.0036239025415852667	0.0021448878047522157	0.0020917486166581512	0.01813916340470314	0.004191911965608597
T[C>A]T	0.014784644544124603	0.011261013171191636	0.04530260264873505	0.013636205997318029	0.017386082389612055	0.028593794908374548	0.00917926172260195	0.003938883543014526
T[C>G]A	0.1387147456407547	0.01011879718862474	0.010995873529464007	0.12304721027612686	0.012283997237717831	0.004903852008283138	0.010305789671838284	0.024437982402742118
T[C>G]C	0.0371071882545948	0.025577368400990962	0.004560549277812247	0.034336750581860545	0.01151621260214597	0.014767633192241192	0.024920282931998373	0.03474128730595112
T[C>G]G	0.014785070903599262	0.0003816811600700021	0.004263431879758172	0.008733025565744077	0.000503203715197742	0.0006526400709688573	3.345833505363771e-07	0.006694652978330851
T[C>G]T	0.1759316474199295	0.021494235470891	0.04226012788712978	0.1451770156621933	0.019242553040385246	0.028010904137045146	0.010728418454528344	0.05157703123986721
T[C>T]A	0.2140817254781723	0.009756803885102272	2.2809041533850236e-09	0.14741878509521483	0.02155528785660863	0.02350187711417833	0.03884708844125271	0.02667755922302604
T[C>T]C	0.0649183802306652	0.007029571454325584	0.03062836788594723	0.045160993188619616	0.016287903860211374	0.01822625082335192	0.0253549300134182	0.02092224071336659
T[C>T]G	0.05536661371588707	0.007977613685725516	0.011773872189223766	0.04452154189348221	0.016501785721629858	0.027955981716513634	0.017147420160472392	0.010282088624979946
T[C>T]T	0.10917031913995742	0.010166157334424497	0.020981496130116285	0.09932868480682373	0.014835078548640013	0.02275675181299448	0.03881228156387806	0.02402078788727522
T[T>A]A	0.0008878590306267142	0.00647730240598321	0.00544424531981349	0.003128705266863108	0.006918714428320527	0.023736558482050897	0.01845843903720379	0.008761799382045864
T[T>A]C	0.00018603400385472924	0.00609172279946506	0.004888499341905117	0.003351756650820903	0.01907932534813881	0.01052676821127534	0.00423917995726697	0.0005579371954331815
T[T>A]G	0.0012731472495943307	0.007869959203526377	0.003868349641561508	0.0	0.005196487810462713	0.00108352219308534	0.005373079888522625	0.013278719410300255
T[T>A]T	0.0002921762934420258	0.015962654538452626	0.009133101196732695	0.003107589131309396	0.007877197675406932	0.006584872305393219	0.002631870564073324	0.005351890064775944
T[T>C]A	0.0	0.005506177200004458	0.004110346846107405	0.0010396519908681511	0.017125912857881075	0.008863138686865567	0.012473431972557592	0.001968769542872906
T[T>C]C	4.862035566475242e-05	0.00837110923603177	3.2289583486999616e-07	0.006600186321884393	0.009849706944078208	0.006236236216500402	0.014920355193316937	0.019960500299930573
T[T>C]G	0.0003707972568008699	0.008120494708418847	0.0024358835529938905	0.003977795504033566	7.40079030947527e-08	0.005192255647853017	0.0016590402814642858	0.01289999671280384
T[T>C]T	0.00027192287816433234	0.010444288514554501	0.002907002717256546	0.004112225957214832	0.02019961828657415	0.0036733652467631816	0.025827971887702007	0.011961340997368097
T[T>G]A	0.0008812597137875855	0.008427384356036783	0.0011250725015997886	2.9983303306835295e-08	0.0009890254666629517	0.004146325170662024	0.005538649437949061	0.013999543152749538
T[T>G]C	0.0008438390563242137	0.006188477948307991	0.0019501026254147291	1.0192135050605289e-06	0.005605688768787332	0.0012917441257684458	0.003947391547262669	0.006622918136417874
T[T>G]G	0.0	0.00825564730912447	0.007601349878950714	4.0717952742852506e-08	0.003191328557110751	0.006691620597121073	0.007077635751215894	0.0007225512526929379
T[T>G]T	0.0005128149292431772	0.008414600626565516	0.014703174028545618	4.0361643982578246e-08	0.010289032710716128	0.005290244985371828	0.008325484668978334	0.01885388366645202
