MutationType	SBS96A	SBS96B	SBS96C	SBS96D	SBS96E	SBS96F	SBS96G	SBS96H
A[C>A]A	1.37E-04	6.05E-03	4.36E-03	1.58E-03	4.81E-03	3.61E-03	3.75E-03	6.91E-03
A[C>A]C	4.78E-05	3.29E-03	4.15E-03	2.64E-08	3.61E-03	5.62E-03	2.80E-03	2.00E-03
A[C>A]G	2.31E-04	5.14E-04	4.26E-42	2.57E-03	1.65E-03	1.33E-03	3.78E-03	3.41E-03
A[C>A]T	1.77E-04	4.38E-03	3.63E-03	2.45E-03	3.52E-03	3.83E-03	4.25E-03	7.42E-03
A[C>G]A	5.70E-04	3.17E-03	1.90E-03	1.09E-03	4.25E-03	4.78E-03	2.01E-03	2.63E-03
A[C>G]C	3.65E-04	2.39E-03	1.51E-27	1.20E-08	3.69E-03	1.64E-03	2.56E-03	5.34E-03
A[C>G]G	2.62E-04	3.17E-03	6.85E-06	4.29E-08	1.89E-03	5.56E-03	1.85E-07	1.45E-03
A[C>G]T	2.07E-04	4.71E-03	3.82E-03	9.17E-04	5.56E-03	2.97E-03	2.17E-03	2.47E-03
A[C>T]A	4.12E-04	6.95E-03	3.11E-03	1.91E-03	1.69E-03	5.90E-03	3.40E-03	8.40E-03
A[C>T]C	4.03E-04	1.24E-03	2.87E-03	1.18E-03	6.80E-03	3.65E-03	3.89E-03	2.17E-03
A[C>T]G	2.09E-04	5.72E-03	5.42E-03	3.65E-03	7.08E-03	1.50E-02	5.83E-03	7.84E-03
A[C>T]T	1.31E-04	1.45E-03	2.60E-03	1.25E-03	3.51E-03	3.27E-03	1.92E-03	4.20E-03
A[T>A]A	2.41E-04	1.03E-03	2.37E-03	7.66E-08	8.94E-04	1.28E-03	1.18E-07	3.10E-03
A[T>A]C	1.98E-04	1.81E-03	2.22E-03	1.76E-03	2.97E-03	2.26E-03	2.65E-03	8.89E-04
A[T>A]G	9.49E-05	1.53E-03	2.47E-03	3.44E-08	1.12E-03	6.54E-03	1.16E-03	2.91E-03
A[T>A]T	0.00E+00	2.15E-03	2.48E-03	1.42E-03	1.62E-03	5.10E-03	2.97E-03	8.74E-03
A[T>C]A	1.81E-04	1.27E-03	3.36E-03	5.59E-22	3.19E-03	3.77E-03	2.46E-03	5.86E-03
A[T>C]C	3.44E-04	4.35E-03	3.03E-03	1.16E-03	3.12E-03	4.09E-03	2.61E-03	5.09E-03
A[T>C]G	2.36E-04	3.08E-03	1.63E-03	1.80E-03	2.87E-03	5.12E-03	4.61E-03	5.27E-03
A[T>C]T	2.05E-04	5.59E-03	8.66E-03	1.73E-03	1.67E-03	3.18E-03	3.67E-03	5.14E-03
A[T>G]A	1.05E-04	5.76E-03	9.25E-04	3.78E-08	4.10E-03	1.39E-03	3.15E-03	5.41E-03
A[T>G]C	1.89E-04	1.44E-03	2.47E-04	2.89E-08	7.14E-04	2.23E-03	6.69E-04	2.37E-03
A[T>G]G	1.52E-04	2.84E-03	1.92E-03	3.55E-08	2.84E-03	2.19E-03	5.95E-08	3.00E-03
A[T>G]T	2.01E-04	7.23E-04	2.44E-03	1.39E-07	1.05E-03	2.35E-03	3.32E-04	1.55E-03
C[C>A]A	2.44E-04	4.48E-03	6.75E-03	7.16E-21	6.07E-03	3.54E-03	3.07E-03	8.56E-03
C[C>A]C	1.28E-04	3.70E-03	4.76E-03	3.93E-04	1.02E-02	5.19E-03	2.71E-16	3.14E-03
C[C>A]G	1.19E-04	1.74E-03	6.43E-04	1.54E-03	3.07E-03	2.36E-03	1.30E-03	2.04E-03
C[C>A]T	1.36E-04	3.54E-03	3.93E-03	5.21E-08	1.11E-02	8.63E-03	2.35E-03	3.76E-03
C[C>G]A	2.44E-04	2.40E-03	3.70E-03	0.00E+00	4.82E-03	4.29E-03	1.21E-03	5.48E-03
C[C>G]C	2.02E-04	2.68E-03	1.91E-03	1.70E-07	2.50E-03	4.25E-03	2.13E-03	4.49E-03
C[C>G]G	3.93E-04	3.75E-03	2.02E-04	5.15E-08	7.43E-03	2.04E-03	3.75E-03	1.13E-19
C[C>G]T	5.54E-04	6.65E-03	4.61E-03	0.00E+00	3.89E-03	4.20E-03	2.38E-03	1.74E-03
C[C>T]A	4.68E-04	6.29E-03	3.77E-03	2.83E-03	5.31E-03	3.73E-03	6.27E-03	4.71E-03
C[C>T]C	3.72E-04	3.86E-03	3.44E-03	0.00E+00	4.87E-03	4.29E-03	3.82E-03	3.26E-03
C[C>T]G	4.14E-04	3.31E-03	2.78E-03	3.60E-03	7.27E-03	4.84E-03	9.42E-03	4.07E-03
C[C>T]T	7.87E-04	6.18E-03	5.37E-03	1.05E-03	3.30E-03	3.80E-03	2.96E-03	5.78E-03
C[T>A]A	2.00E-04	2.96E-03	1.06E-03	1.50E-03	1.88E-03	1.55E-03	4.54E-04	4.05E-03
C[T>A]C	1.67E-04	3.97E-03	1.71E-03	1.22E-03	3.25E-03	3.02E-03	1.06E-03	6.06E-03
C[T>A]G	1.49E-04	4.77E-03	1.91E-03	0.00E+00	4.09E-03	4.59E-03	4.06E-03	2.98E-03
C[T>A]T	0.00E+00	1.76E-03	3.06E-03	0.00E+00	2.02E-03	1.83E-03	2.10E-03	6.43E-03
C[T>C]A	1.12E-04	8.88E-04	1.22E-03	8.02E-08	1.59E-03	3.70E-03	1.78E-03	5.07E-03
C[T>C]C	1.83E-04	1.60E-03	2.75E-03	9.04E-08	3.69E-03	2.48E-03	3.34E-03	4.76E-03
C[T>C]G	1.98E-04	5.11E-03	1.94E-03	0.00E+00	3.05E-03	4.65E-03	1.46E-03	6.33E-03
C[T>C]T	5.53E-05	5.08E-03	2.38E-03	1.96E-03	4.09E-03	5.48E-03	1.46E-03	5.42E-03
C[T>G]A	0.00E+00	1.20E-03	1.11E-03	1.21E-07	1.76E-03	9.60E-04	1.25E-03	2.10E-03
C[T>G]C	3.34E-04	1.62E-03	2.33E-03	1.10E-03	2.49E-03	2.61E-03	3.47E-03	1.97E-03
C[T>G]G	1.04E-04	2.58E-03	2.26E-03	3.99E-08	6.84E-03	5.06E-03	5.95E-04	2.15E-03
C[T>G]T	0.00E+00	2.91E-03	1.68E-03	1.21E-07	4.20E-03	2.19E-03	4.66E-03	1.66E-03
G[C>A]A	1.58E-04	3.94E-03	4.07E-03	1.05E-03	4.21E-03	7.75E-03	2.04E-03	2.80E-03
G[C>A]C	1.86E-04	3.80E-03	4.00E-03	4.42E-04	8.40E-03	2.03E-03	3.09E-03	4.44E-03
G[C>A]G	2.47E-04	7.87E-04	9.19E-04	1.58E-03	1.20E-03	6.29E-04	2.55E-03	6.69E-04
G[C>A]T	2.19E-04	3.16E-03	4.79E-03	1.19E-03	2.90E-03	4.11E-03	4.21E-03	2.61E-03
G[C>G]A	2.84E-04	4.96E-03	3.64E-03	2.35E-03	2.29E-03	2.62E-03	1.70E-38	6.72E-03
G[C>G]C	1.88E-04	2.69E-03	3.22E-03	5.57E-08	2.58E-03	9.85E-03	2.21E-03	2.18E-03
G[C>G]G	1.44E-04	1.99E-03	6.92E-04	6.97E-08	1.89E-03	1.53E-03	1.44E-08	6.42E-04
G[C>G]T	1.90E-04	2.95E-03	4.87E-03	2.24E-03	2.83E-03	2.31E-03	0.00E+00	2.23E-03
G[C>T]A	7.81E-04	3.22E-03	3.43E-03	5.80E-04	6.15E-03	1.03E-02	2.53E-03	9.49E-03
G[C>T]C	4.68E-04	1.74E-03	4.86E-03	2.67E-03	6.76E-03	1.00E-02	4.43E-03	3.93E-03
G[C>T]G	4.62E-04	2.21E-03	7.73E-03	2.43E-03	5.00E-03	1.45E-02	6.45E-03	1.19E-02
G[C>T]T	2.78E-04	1.70E-03	4.13E-03	1.78E-03	2.12E-03	1.95E-03	2.04E-03	6.80E-03
G[T>A]A	1.23E-04	9.81E-04	2.69E-03	1.43E-03	2.77E-03	2.32E-03	2.43E-03	2.78E-03
G[T>A]C	0.00E+00	1.33E-03	1.93E-03	3.60E-08	6.82E-04	2.38E-03	8.63E-04	1.10E-03
G[T>A]G	1.25E-04	2.55E-03	2.43E-03	6.64E-04	2.17E-03	1.96E-03	1.28E-03	9.03E-05
G[T>A]T	8.64E-05	3.51E-03	6.07E-03	7.19E-04	2.19E-03	6.61E-03	1.06E-03	2.78E-03
G[T>C]A	1.78E-04	6.54E-03	2.35E-03	2.45E-03	3.54E-03	6.80E-03	9.08E-04	2.44E-03
G[T>C]C	1.47E-04	2.12E-03	2.09E-03	9.79E-04	3.01E-03	2.74E-03	8.68E-04	1.03E-03
G[T>C]G	1.54E-04	1.67E-03	1.12E-03	3.84E-04	2.10E-03	1.34E-03	2.18E-03	2.37E-03
G[T>C]T	1.02E-04	2.42E-03	2.18E-03	2.43E-03	3.79E-03	2.49E-03	2.95E-03	2.32E-03
G[T>G]A	0.00E+00	1.83E-03	2.51E-03	4.36E-08	2.67E-03	9.14E-04	1.72E-03	1.67E-03
G[T>G]C	8.59E-05	1.53E-03	7.73E-04	1.22E-03	7.28E-04	1.71E-03	8.82E-08	1.13E-03
G[T>G]G	3.77E-04	4.16E-03	3.43E-03	3.27E-03	2.18E-03	2.15E-03	5.13E-03	2.35E-03
G[T>G]T	1.21E-04	2.45E-03	2.25E-03	3.93E-04	1.41E-03	2.38E-03	3.11E-03	3.13E-03
T[C>A]A	1.38E-03	2.17E-03	7.57E-03	3.35E-03	3.33E-03	7.38E-03	2.85E-03	3.23E-03
T[C>A]C	1.65E-03	3.20E-03	8.17E-03	4.32E-03	1.07E-03	7.20E-03	4.28E-03	6.78E-03
T[C>A]G	2.55E-04	5.71E-04	6.64E-04	1.92E-03	2.03E-03	1.73E-03	6.95E-03	2.27E-03
T[C>A]T	4.47E-04	6.96E-03	4.97E-03	2.66E-03	7.79E-03	7.06E-03	4.33E-03	1.69E-03
T[C>G]A	1.85E-03	4.27E-03	4.32E-03	9.30E-03	1.09E-02	3.31E-03	8.28E-03	8.57E-03
T[C>G]C	1.47E-03	4.38E-03	3.58E-03	4.42E-03	3.82E-03	4.27E-03	1.05E-02	6.17E-03
T[C>G]G	3.82E-04	3.82E-04	1.89E-03	2.67E-03	4.41E-04	6.52E-04	3.00E-07	5.02E-03
T[C>G]T	1.99E-03	4.70E-03	6.85E-03	9.63E-03	6.07E-03	9.64E-03	6.61E-03	2.21E-02
T[C>T]A	4.55E-03	4.88E-03	2.28E-09	1.53E-02	7.10E-03	7.33E-03	9.07E-03	1.93E-02
T[C>T]C	1.15E-03	4.44E-03	2.22E-03	5.98E-03	5.66E-03	9.14E-03	7.16E-03	9.96E-03
T[C>T]G	9.55E-04	3.54E-03	2.60E-03	5.49E-03	4.41E-03	4.03E-03	2.76E-03	4.74E-03
T[C>T]T	2.53E-03	6.95E-03	8.44E-03	7.56E-03	5.66E-03	7.68E-03	9.45E-03	8.52E-03
T[T>A]A	1.76E-04	2.21E-03	2.41E-03	1.97E-03	1.72E-03	8.38E-03	7.58E-03	7.21E-03
T[T>A]C	9.40E-05	3.18E-03	3.06E-03	1.59E-03	3.16E-03	4.77E-03	2.28E-03	3.98E-04
T[T>A]G	2.44E-04	2.34E-03	1.48E-03	0.00E+00	2.50E-03	1.08E-03	4.11E-03	3.25E-03
T[T>A]T	1.42E-04	2.44E-03	2.98E-03	1.60E-03	3.32E-03	2.40E-03	1.66E-03	3.29E-03
T[T>C]A	0.00E+00	3.77E-03	1.72E-03	6.70E-04	6.40E-03	2.84E-03	5.31E-03	1.32E-03
T[T>C]C	4.86E-05	3.21E-03	3.23E-07	2.07E-03	3.16E-03	2.54E-03	4.49E-03	6.09E-03
T[T>C]G	2.28E-04	2.45E-03	2.44E-03	1.01E-03	7.40E-08	1.89E-03	1.66E-03	1.28E-03
T[T>C]T	1.30E-04	1.81E-03	1.72E-03	2.06E-03	8.83E-03	1.58E-03	1.11E-02	4.63E-03
T[T>G]A	2.25E-04	3.75E-03	1.13E-03	3.00E-08	6.09E-04	2.31E-03	2.39E-03	5.35E-03
T[T>G]C	1.80E-04	2.83E-03	1.25E-03	1.02E-06	3.04E-03	8.43E-04	1.38E-03	3.39E-03
T[T>G]G	0.00E+00	1.49E-03	3.02E-03	4.07E-08	2.46E-03	4.27E-03	3.98E-03	7.23E-04
T[T>G]T	1.85E-04	3.51E-03	3.01E-03	4.04E-08	3.91E-03	2.36E-03	5.85E-03	1.18E-02
