MutationType	DBS78A	DBS78B	DBS78C	DBS78D	DBS78E	DBS78F	DBS78G	DBS78H
AC>CA	3.77E-06	1.66E-02	4.92E-06	7.84E-02	5.70E-02	2.85E-02	1.54E-05	1.11E-05
AC>CG	4.13E-06	9.29E-06	2.19E-06	4.71E-06	5.21E-06	9.09E-06	7.16E-06	5.72E-06
AC>CT	4.13E-06	9.29E-06	2.19E-06	4.71E-06	5.21E-06	9.09E-06	7.16E-06	5.72E-06
AC>GA	4.13E-06	9.29E-06	2.19E-06	4.71E-06	5.21E-06	9.09E-06	7.16E-06	5.72E-06
AC>GG	6.07E-06	1.27E-05	2.50E-02	1.02E-01	8.51E-06	1.91E-05	1.93E-05	1.03E-05
AC>GT	4.13E-06	9.29E-06	2.19E-06	4.71E-06	5.21E-06	9.09E-06	7.16E-06	5.72E-06
AC>TA	4.13E-06	9.29E-06	2.19E-06	4.71E-06	5.21E-06	9.09E-06	7.16E-06	5.72E-06
AC>TG	4.13E-06	9.29E-06	2.19E-06	4.71E-06	5.21E-06	9.09E-06	7.16E-06	5.72E-06
AC>TT	3.96E-06	6.43E-02	3.50E-06	1.02E-05	7.96E-06	1.63E-05	6.62E-02	6.64E-02
AT>CA	4.13E-06	9.29E-06	2.19E-06	4.71E-06	5.21E-06	9.09E-06	7.16E-06	5.72E-06
AT>CC	4.13E-06	9.29E-06	2.19E-06	4.71E-06	5.21E-06	9.09E-06	7.16E-06	5.72E-06
AT>CG	4.13E-06	9.29E-06	2.19E-06	4.71E-06	5.21E-06	9.09E-06	7.16E-06	5.72E-06
AT>GA	4.13E-06	9.29E-06	2.19E-06	4.71E-06	5.21E-06	9.09E-06	7.16E-06	5.72E-06
AT>GC	4.13E-06	9.29E-06	2.19E-06	4.71E-06	5.21E-06	9.09E-06	7.16E-06	5.72E-06
AT>TA	4.13E-06	9.29E-06	2.19E-06	4.71E-06	5.21E-06	9.09E-06	7.16E-06	5.72E-06
CC>AA	3.32E-02	1.11E-01	6.66E-02	3.32E-02	3.98E-02	1.76E-05	1.93E-05	6.63E-02
CC>AG	1.44E-06	1.44E-06	2.08E-06	9.61E-06	4.67E-06	6.24E-02	1.88E-05	1.18E-05
CC>AT	7.41E-06	2.77E-02	5.58E-02	6.83E-06	6.41E-06	9.33E-06	7.04E-06	6.85E-06
CC>GA	4.13E-06	9.29E-06	2.19E-06	4.71E-06	5.21E-06	9.09E-06	7.16E-06	5.72E-06
CC>GG	4.13E-06	9.29E-06	2.19E-06	4.71E-06	5.21E-06	9.09E-06	7.16E-06	5.72E-06
CC>GT	2.29E-06	6.64E-02	2.91E-06	3.98E-02	2.30E-06	6.62E-02	6.62E-02	6.64E-02
CC>TA	2.44E-02	9.07E-06	9.89E-06	4.51E-02	6.61E-06	5.70E-02	1.09E-05	7.64E-06
CC>TG	8.96E-06	6.65E-02	5.52E-06	1.02E-05	4.99E-02	7.09E-06	1.74E-05	7.98E-02
CC>TT	6.21E-02	8.87E-06	8.08E-06	7.10E-06	4.89E-06	1.49E-05	1.80E-05	8.96E-06
CG>AT	4.13E-06	9.29E-06	2.19E-06	4.71E-06	5.21E-06	9.09E-06	7.16E-06	5.72E-06
CG>GC	4.13E-06	9.29E-06	2.19E-06	4.71E-06	5.21E-06	9.09E-06	7.16E-06	5.72E-06
CG>GT	4.13E-06	9.29E-06	2.19E-06	4.71E-06	5.21E-06	9.09E-06	7.16E-06	5.72E-06
CG>TA	4.13E-06	9.29E-06	2.19E-06	4.71E-06	5.21E-06	9.09E-06	7.16E-06	5.72E-06
CG>TC	4.13E-06	9.29E-06	2.19E-06	4.71E-06	5.21E-06	9.09E-06	7.16E-06	5.72E-06
CG>TT	4.13E-06	9.29E-06	2.19E-06	4.71E-06	5.21E-06	9.09E-06	7.16E-06	5.72E-06
CT>AA	2.07E-06	6.24E-06	3.33E-06	6.61E-06	1.45E-01	5.57E-02	1.00E-05	1.12E-05
CT>AC	7.90E-06	6.76E-06	3.15E-02	6.88E-06	6.79E-06	1.22E-05	9.96E-02	6.90E-06
CT>AG	4.13E-06	9.29E-06	2.19E-06	4.71E-06	5.21E-06	9.09E-06	7.16E-06	5.72E-06
CT>GA	4.13E-06	9.29E-06	2.19E-06	4.71E-06	5.21E-06	9.09E-06	7.16E-06	5.72E-06
CT>GC	7.19E-06	2.84E-06	8.47E-06	8.27E-02	9.08E-06	7.96E-02	9.95E-02	1.13E-05
CT>GG	4.13E-06	9.29E-06	2.19E-06	4.71E-06	5.21E-06	9.09E-06	7.16E-06	5.72E-06
CT>TA	4.13E-06	9.29E-06	2.19E-06	4.71E-06	5.21E-06	9.09E-06	7.16E-06	5.72E-06
CT>TC	4.13E-06	9.29E-06	2.19E-06	4.71E-06	5.21E-06	9.09E-06	7.16E-06	5.72E-06
CT>TG	4.13E-06	9.29E-06	2.19E-06	4.71E-06	5.21E-06	9.09E-06	7.16E-06	5.72E-06
GC>AA	1.81E-02	8.41E-06	1.78E-01	9.99E-06	9.48E-06	1.01E-05	1.70E-05	9.97E-02
GC>AG	4.13E-06	9.29E-06	2.19E-06	4.71E-06	5.21E-06	9.09E-06	7.16E-06	5.72E-06
GC>AT	4.13E-06	9.29E-06	2.19E-06	4.71E-06	5.21E-06	9.09E-06	7.16E-06	5.72E-06
GC>CA	4.13E-06	9.29E-06	2.19E-06	4.71E-06	5.21E-06	9.09E-06	7.16E-06	5.72E-06
GC>CG	4.13E-06	9.29E-06	2.19E-06	4.71E-06	5.21E-06	9.09E-06	7.16E-06	5.72E-06
GC>TA	4.13E-06	9.29E-06	2.19E-06	4.71E-06	5.21E-06	9.09E-06	7.16E-06	5.72E-06
TA>AT	3.07E-02	9.86E-06	2.50E-02	9.96E-02	9.71E-06	1.69E-05	2.09E-05	9.46E-06
TA>CG	4.13E-06	9.29E-06	2.19E-06	4.71E-06	5.21E-06	9.09E-06	7.16E-06	5.72E-06
TA>CT	4.13E-06	9.29E-06	2.19E-06	4.71E-06	5.21E-06	9.09E-06	7.16E-06	5.72E-06
TA>GC	4.13E-06	9.29E-06	2.19E-06	4.71E-06	5.21E-06	9.09E-06	7.16E-06	5.72E-06
TA>GG	4.13E-06	9.29E-06	2.19E-06	4.71E-06	5.21E-06	9.09E-06	7.16E-06	5.72E-06
TA>GT	4.67E-06	1.66E-02	5.25E-06	6.85E-02	8.53E-06	2.85E-02	1.24E-05	7.82E-06
TC>AA	3.32E-02	8.83E-06	1.33E-06	7.38E-06	5.56E-02	1.25E-05	1.54E-05	3.99E-02
TC>AG	4.13E-06	9.29E-06	2.19E-06	4.71E-06	5.21E-06	9.09E-06	7.16E-06	5.72E-06
TC>AT	3.78E-02	5.97E-02	1.29E-01	1.10E-05	3.31E-06	1.45E-05	1.58E-05	3.48E-05
TC>CA	4.13E-06	9.29E-06	2.19E-06	4.71E-06	5.21E-06	9.09E-06	7.16E-06	5.72E-06
TC>CG	4.13E-06	9.29E-06	2.19E-06	4.71E-06	5.21E-06	9.09E-06	7.16E-06	5.72E-06
TC>CT	4.13E-06	9.29E-06	2.19E-06	4.71E-06	5.21E-06	9.09E-06	7.16E-06	5.72E-06
TC>GA	4.13E-06	9.29E-06	2.19E-06	4.71E-06	5.21E-06	9.09E-06	7.16E-06	5.72E-06
TC>GG	4.13E-06	9.29E-06	2.19E-06	4.71E-06	5.21E-06	9.09E-06	7.16E-06	5.72E-06
TC>GT	1.00E-06	1.00E-05	4.29E-06	4.51E-02	3.99E-02	3.98E-02	1.30E-05	6.64E-02
TG>AA	4.13E-06	9.29E-06	2.19E-06	4.71E-06	5.21E-06	9.09E-06	7.16E-06	5.72E-06
TG>AC	4.13E-06	9.29E-06	2.19E-06	4.71E-06	5.21E-06	9.09E-06	7.16E-06	5.72E-06
TG>AT	6.65E-02	6.65E-02	5.32E-06	8.03E-06	1.11E-01	1.68E-05	2.22E-05	1.02E-05
TG>CA	4.13E-06	9.29E-06	2.19E-06	4.71E-06	5.21E-06	9.09E-06	7.16E-06	5.72E-06
TG>CC	9.02E-07	4.70E-06	4.38E-06	9.63E-06	2.06E-06	1.81E-05	9.04E-02	1.04E-05
TG>CT	3.99E-02	1.13E-05	4.54E-06	4.98E-02	8.06E-06	1.62E-05	1.90E-05	5.55E-06
TG>GA	4.20E-06	6.81E-06	2.12E-06	9.91E-06	1.22E-01	6.09E-02	1.12E-05	1.01E-05
TG>GC	9.46E-06	5.54E-06	4.06E-06	1.11E-05	1.16E-05	1.27E-05	2.17E-05	1.63E-01
TG>GT	4.13E-06	9.29E-06	2.19E-06	4.71E-06	5.21E-06	9.09E-06	7.16E-06	5.72E-06
TT>AA	3.95E-02	8.52E-06	1.56E-02	6.46E-06	4.74E-06	1.19E-05	1.14E-05	7.84E-06
TT>AC	4.13E-06	9.29E-06	2.19E-06	4.71E-06	5.21E-06	9.09E-06	7.16E-06	5.72E-06
TT>AG	4.13E-06	9.29E-06	2.19E-06	4.71E-06	5.21E-06	9.09E-06	7.16E-06	5.72E-06
TT>CA	4.13E-06	9.29E-06	2.19E-06	4.71E-06	5.21E-06	9.09E-06	7.16E-06	5.72E-06
TT>CC	4.13E-06	9.29E-06	2.19E-06	4.71E-06	5.21E-06	9.09E-06	7.16E-06	5.72E-06
TT>CG	4.13E-06	9.29E-06	2.19E-06	4.71E-06	5.21E-06	9.09E-06	7.16E-06	5.72E-06
TT>GA	4.13E-06	9.29E-06	2.19E-06	4.71E-06	5.21E-06	9.09E-06	7.16E-06	5.72E-06
TT>GC	4.13E-06	9.29E-06	2.19E-06	4.71E-06	5.21E-06	9.09E-06	7.16E-06	5.72E-06
TT>GG	4.13E-06	9.29E-06	2.19E-06	4.71E-06	5.21E-06	9.09E-06	7.16E-06	5.72E-06
