MutationType	SBS96A	SBS96B	SBS96C	SBS96D	SBS96E	SBS96F	SBS96G	SBS96H	SBS96I
A[C>A]A	0.0009911744040437044	0.01075608651155777	0.008852256397949532	0.025926446821540595	0.013465837389230729	0.0052620783160818975	0.007842787774279714	0.019085249211639167	0.03641782626509667
A[C>A]C	0.00012929500080645094	0.0002109428634867072	0.012189175165258349	0.005774449390133896	0.013482486736029387	0.021481670998036863	0.013981632030231594	0.01098400605842471	0.009705649130046368
A[C>A]G	0.00033923844931678105	0.003821998555213213	0.0015659287571907043	0.0037067783065140246	0.0006481544580310584	0.0042769652485731054	0.001195113534356551	0.001469297334551838	0.01640848461538553
A[C>A]T	0.0007039728923700749	0.0038733443710953	0.021327276434749364	0.01959100579842925	0.008688309360695711	8.005374979802582e-07	0.019293644372373818	0.01659932965412736	0.017443283880129456
A[C>G]A	0.0017145231802714988	0.003651541518047452	0.008283871598541874	0.009411850338801741	0.011651083081960677	0.008161593601107598	0.012783446395769716	0.011772347986698151	0.01901770689546254
A[C>G]C	0.00115116727538613	0.005081833303123062	0.0018009803772656597	0.012632503919303418	0.009254402574151754	0.005702026266203575	0.004131938034177551	0.0019607166820321707	0.009308874110377018
A[C>G]G	0.000793574342969805	0.0006500661794035523	0.0037660981892713606	0.004201766103506092	0.008523088604647455	0.0009698535085931326	0.0016958793469711963	0.00469266540605986	0.00041703851803731606
A[C>G]T	0.0019240560010075735	0.008191986987367273	0.01686073010787368	0.029544002376496792	0.01899438314139843	0.006125055735282103	0.029526573605835438	0.01628748937509954	0.0016991391094052233
A[C>T]A	0.004950392432510853	0.0024647634017002608	0.01950571909546852	0.013204385712742805	0.018026730976998806	0.011990985553711652	0.01698871089902241	0.010034489622921684	0.0038191364146769047
A[C>T]C	0.0015082640689797699	0.009997856779955327	0.012537738168612122	0.009294671425595879	0.021824074536561967	0.005438780282020161	0.015242495108395815	0.01354661681689322	0.015244035422801972
A[C>T]G	0.0033046116014487483	0.037164421007037166	0.01094302162528038	0.018872854486107826	0.04607220105826855	0.0731852725148201	0.03162836711853743	0.01812772834673524	0.049580558016896245
A[C>T]T	0.0004750759224615558	0.0044645501766353846	0.02575765550136566	0.013385879900306463	0.004394009569659829	0.012467902712523937	0.018484428897500037	0.007267780788242817	0.013839485961943865
A[T>A]A	0.00040351300267502663	0.0004918141756206752	0.009815508499741554	0.005773049732670188	4.782880068887607e-06	0.0036354878917336463	0.003520393288556534	0.002126578481596653	0.0029666365297941867
A[T>A]C	0.0007272767834365368	0.0021801185048701656	0.009700390044599771	0.005652537010610104	0.013485289737582206	0.016947796987369656	0.0010305392014428704	0.0020017986843413383	0.005799910872934788
A[T>A]G	0.00023615271784365176	0.008021947741508485	0.01222526552155614	0.004916064569260925	0.01207740489489879	0.002108615171363626	0.016962935961782933	0.0018742742016911508	0.007611931795509008
A[T>A]T	0.0	0.0004819053690880537	0.01572980619966984	0.0022616634400634437	0.0059040657244622706	0.019119100738316776	0.011988732263120028	0.005744156241416931	0.0056650684215128425
A[T>C]A	0.0005006956402816088	0.0014574449509382249	0.004934958973899483	0.006669449550100337	0.008312134444713593	0.005351893696933984	0.012784917466342449	0.03276723064482212	0.03423646623268724
A[T>C]C	0.0018411390483379364	0.005570549657568336	0.015463057160377502	0.007457549335180229	0.005096289399079979	0.002554755564779043	0.0032757719978690147	0.002785525404920069	0.010378839634358882
A[T>C]G	0.0010397710953839122	0.007787248399108648	0.007988846115767955	0.00288053173571825	0.018966246396303177	0.01735279131680727	0.008796160761266946	0.0084097133949399	0.013623385428456914
A[T>C]T	0.00014473073097178712	0.007941648922860622	0.014355574734508991	0.007822953583672698	0.008396598010313028	0.005718338117003441	0.025809969194233416	0.024666578485630454	0.007266496482498041
A[T>G]A	0.0	0.0011427834846870154	0.002970711328089237	0.009798375517129898	0.008425223547965289	0.0028783291578292846	0.014747717045247554	0.0035334760788828133	0.010189260356128216
A[T>G]C	0.00014705496723763645	0.0009367870239941567	0.005470377067103982	0.007502191979451731	0.002252477631128613	0.0017117198619303053	0.00115375992686495	1.351427158624574e-07	0.0005289934059135249
A[T>G]G	0.0003350457296137512	0.001860923426266936	0.008148448058165059	0.00782544659585085	0.009033240761073102	0.001853759833420554	0.004438954081558677	0.0013351108878850936	0.005539510514296353
A[T>G]T	0.0003924274700844478	0.002830824053095395	0.004887101659551263	0.005619858205318451	0.00013235519760259606	0.005869857314974069	0.008517572620866077	0.0006696934388003229	0.003127680086811324
C[C>A]A	0.0005948131962213665	0.0030890249880030753	0.015390716632828117	0.01872150469571352	0.01496162804942287	0.012295248134205395	0.015034408738907245	0.008962213899940253	0.021624273993074893
C[C>A]C	0.0006231627776287496	0.00700970059260726	0.022870026156306268	0.016320031458360525	0.0021258289103798234	0.0005704203897835214	0.025728679820895196	0.01909830765798688	2.3441373286914313e-07
C[C>A]G	0.0017564130248501897	0.003893534978851676	0.004914358630776406	0.007698996830731631	0.0	0.0022080821944427953	0.0017678417265415193	6.629329741755785e-08	0.007814790960401297
C[C>A]T	0.0009328050808618648	0.005252885073423386	0.01922360323369503	0.019585290271788836	0.015245517436414956	0.012313632853329181	0.014244026225060224	0.02254325677640736	0.005083948164974572
C[C>G]A	0.0029879863373935734	0.005903890466512962	0.007062719228417791	0.009209828171879052	0.009560496254380269	0.0029945371339408665	0.009916856919994643	0.020678908564150333	0.009331169206087253
C[C>G]C	0.0006681600119918585	0.0005277798717493454	0.012225442007184029	0.013640680257230997	0.016321590449661017	0.0006516640437098431	0.012438757950985747	0.009850362967699765	0.009256598859741417
C[C>G]G	0.002069815411232412	0.004864564017043449	0.0009273707721604548	0.006291715591214597	0.016288217157125473	0.00616072746925056	0.005356366361957044	3.311080255226225e-15	0.002120906644623233
C[C>G]T	0.004902591183781624	0.009192229434847831	0.014339923765510321	0.012400126922875643	0.004388486314564943	0.01668604463338852	0.023087696211800336	0.009994810633361339	0.0040487654507160185
C[C>T]A	0.00700091682375088	0.01264389157295227	0.013635843060910702	0.01385439457371831	0.024264563247561453	0.01507441084831953	0.014902747221236723	0.022934092860668897	0.006158292759209871
C[C>T]C	0.0034296270852809175	0.004796477407217026	0.018302991427481173	0.004716883349465207	0.009424584917724136	0.0013287617519381456	0.01607508584856987	0.027593392133712768	0.002988293803272768
C[C>T]G	0.009768017288297414	0.01555769182741642	0.00925891324877739	0.002022703526017722	0.035174771957099435	0.07383838444948196	0.010960283107873536	0.012375260912813246	0.006411723165828676
C[C>T]T	0.006409835442900658	0.006788817570986793	0.014918774552643298	0.020642573200166225	0.017360857408493757	0.008365975995548069	0.016510255448520184	0.014382969262078405	0.012308193132015787
C[T>A]A	0.00024949273210950196	0.0024075791239738463	0.004958382062613964	0.006300126668065786	0.010043837456032633	0.0003214942471710557	0.00346982375745597	1.511576280447478e-20	0.002814607851871642
C[T>A]C	0.0012673591147176922	0.002641378925181925	0.012573530711233617	0.014688188023865224	0.006622073706239464	0.0002013490376612026	0.00841308232766096	0.013284723274409771	0.003234182228334248
C[T>A]G	0.0004777911214887354	0.0015316004399210214	0.00485558311920613	0.015463614091277122	0.01241952907294035	0.021636511897668242	0.001431931644346207	0.000325947410524683	0.0025001707777960293
C[T>A]T	0.0	0.0	0.01938718669116497	0.003054866205036433	0.004734468599781394	0.006008961191400886	0.004216816765926978	0.005235742591321468	0.0007942187731487139
C[T>C]A	0.0004043849223592133	0.0021429654210805894	0.0054612649139016865	0.0027822103584185243	0.006805439572781324	0.0011411850222430076	0.0027029023864002964	0.006671802327036858	0.006572712399065495
C[T>C]C	7.8455223970135e-05	0.003253399580717087	0.015226703369989991	0.004862562753260136	0.013928050920367242	0.011713175196200609	0.010529694916172616	0.004544253554195165	0.008856718338029168
C[T>C]G	0.0012570658000186086	0.002133495546877384	0.004331875778734684	0.014633368700742791	0.003101667156443	1.2998914371564753e-07	0.007137643545866013	0.011889238129288392	0.03462903313338757
C[T>C]T	0.0004174631605565082	0.0005369076039642096	0.017367984913289548	0.0027638524770736694	0.006692248908802867	0.002352935972157866	0.004675487046279158	0.009340362995862961	0.013064243271946907
C[T>G]A	0.0	0.0	0.001890619765953261	0.00290203550393926	0.0018895952276238859	0.00040713254606998816	0.005712123021964999	0.0	1.8060527509078384e-07
C[T>G]C	0.0006204368546606761	0.0048684561862955885	0.0024465393740683793	0.00426509901881218	0.0037739309482701516	0.010927626044349381	0.011166999582201242	0.006811181316152215	0.003684394273818725
C[T>G]G	0.0007193355704657733	0.004431690687073342	0.0093464782461524	0.012821433506906085	0.010361850447952747	0.0012670196834768887	0.01303906524553895	0.016283946949988602	0.011615277055966544
C[T>G]T	3.7873785885267354e-09	0.0	0.008124809898436069	0.012501419894397259	0.019276424869894983	0.00684039993211627	0.011812432017177344	0.002529686875641346	0.0036177282221615315
G[C>A]A	0.0012221410870552063	0.004951285594142973	0.014691092260181903	0.014254292100667953	0.009031657408922911	0.016826835460960865	0.013498526252806186	0.0035750817508012184	0.005799363367259502
G[C>A]C	0.0009249707171079535	0.004351666430011392	0.022190485522150992	0.022706278041005133	0.007471748068928719	4.0255902149510804e-07	0.010304665442617988	0.010632775677368077	0.012256179577673266
G[C>A]G	0.001241645310074091	0.007051753156403074	0.0011221318505704402	0.002446479396894574	0.006425138637708461	0.0013650522504576666	0.01055406928062439	9.718661895021796e-05	0.00026943829761307827
G[C>A]T	0.0009676310540269017	0.0053633061237633225	0.010535437427461148	0.010443754121661186	0.0047290511429309845	0.012141013135453705	0.009171019429521721	0.01136485229495996	0.0035015970498158077
G[C>G]A	0.0017375986557455908	0.0097840940579772	0.011129602009896189	0.015659706357564574	0.0007498686201870442	0.001560317946905343	0.0031331893056631087	1.5404177773026978e-23	0.0018034940893258522
G[C>G]C	0.0003620697839608056	0.0004648346919566393	0.009115511924028397	0.010031583486124873	0.002710293689574428	0.0018253074043855122	0.005724033899605274	0.004734930954873562	0.01028252961114049
G[C>G]G	0.0008270060890402855	0.0010928633425464796	0.00142659794055362	0.003229001071304083	0.00246101758250461	0.0004439562283266696	0.0011784100306897471	0.0015182848830590959	0.002458556555211544
G[C>G]T	0.0017760374816134573	0.0038627516331189325	0.029873502254486085	0.018814296834170817	0.006027430482208729	9.434267667529638e-07	0.006856228810022458	0.014067825395613909	1.6949688870226963e-07
G[C>T]A	0.0030107817629122314	0.006680086964070142	0.004352927953614915	0.026930836511167656	0.017118561267852783	0.017525011394172906	0.008215057477355004	0.022632763495558733	0.02813318833634639
G[C>T]C	0.0040079778060533545	0.0005065937968595335	0.01600078083574772	0.009409677579537857	0.016921186447143556	0.004824734199792147	0.0012855875072535384	0.0343734685331583	0.02020775228738785
G[C>T]G	0.00678959833458066	0.021890611946582796	0.014429528056643904	0.005414494778960943	0.03932945393025875	0.08035445883870125	0.01361613069566254	0.02433718079701066	0.003737638890743256
G[C>T]T	0.0049995397683233024	0.005203549819998443	0.01252300157211721	0.009610514994710693	0.007726895995438099	0.020173267787322403	0.024072903394699096	0.006226969913859281	0.00331198712810874
G[T>A]A	0.0001126473187468946	0.0022011869587004185	0.001778317578600408	0.0037602195657385094	0.004996191430836917	0.0053580584353767335	0.0012915624771267183	0.008886450366117061	0.012063642963767052
G[T>A]C	4.390951957589096e-09	0.001337270833664661	0.01350195063278079	0.0035088356199139527	4.822598052669491e-05	0.002956866454496776	0.0035601173130203278	0.0011287003755570968	0.0018613729636342668
G[T>A]G	0.0008075759833445773	0.001597277798813934	0.008148361183702945	0.016366025619208812	0.006369641609489917	0.0007682828552788383	0.007817628848715685	0.00316053070127964	0.005162965687895848
G[T>A]T	0.00012252966989763082	0.004256966308480515	0.01082226587459445	0.004659619201265741	0.004618721827864647	0.010932778846472502	0.008674786612391471	0.0003004136495292187	0.0010450130367303245
G[T>C]A	4.053385893598733e-09	0.003250464890152216	0.012506906036287546	0.018801869172602893	0.010233739882278315	0.0016813521177709845	0.021188082825392484	0.006378305703401565	0.0009515844600847667
G[T>C]C	0.0013107328210775258	0.0033514359791297467	0.0027531048104716405	0.003247368335723877	0.012775910366326571	0.006881503938075184	0.0044290026551948355	0.008746948186308145	0.005400331138390868
G[T>C]G	0.0008161189965903759	0.0031011659186333416	0.004945563152432442	0.0017059701494901857	0.009269506970485963	0.0037834308891092406	0.005215077170475979	0.008394038873473165	0.0017695164146999786
G[T>C]T	0.000252279793494381	0.0028443449400811006	0.00547192373778671	0.009755601966753602	0.010094055303868643	0.012211511377245188	0.008439067670738609	0.0032939470373094084	0.01239590160548687
G[T>G]A	0.0	0.0005075322929769755	0.004215580504387617	0.010382987465709448	0.002554391844790871	0.0052032371051609514	0.006586668454110623	0.0021939493715763094	0.010444768145703855
G[T>G]C	0.000201282964553684	0.005447205761447549	0.003469108675182042	0.002747579291462898	0.0026839981502234877	0.0027989910881615287	0.000721272127117345	5.015513693251705e-08	0.00882641039788723
G[T>G]G	0.0016519066179171205	0.0027711345315253764	0.014772041887044906	0.01163229700177908	0.006661243923008442	0.0017198761598706369	0.01609364226460457	0.0011330612530247308	0.001955040438429023
G[T>G]T	0.0004743162856463812	0.0023024668451398613	0.009705630410462619	0.008146221004426479	0.006029416600949844	0.002064277630051947	0.009724672511219978	0.003524865582585335	0.0032390350499748614
T[C>A]A	0.024098534509539603	0.029384959116578103	0.009450500644743443	0.015118513628840447	0.02037289193831384	0.011787368915975094	0.025300397258251905	0.0034762654453516007	0.014755684090778232
T[C>A]C	0.012446103151887655	0.019620983116328716	0.029779285937547684	0.019286371674388646	0.0034751046448946	0.004971390409053811	0.0035454100766173723	0.019663807190954688	0.0022787894122302532
T[C>A]G	0.0021680313753908997	0.005039087077602744	0.002162221446633339	0.0	0.001722359610721469	0.011803788636848367	0.0007390437824710717	0.005370102993782666	0.00620551277247614
T[C>A]T	0.01376250721514225	0.02099739294499159	0.03009249418973923	0.012821380840614438	0.013514755619689822	0.011826431144270847	0.03347410745918751	0.020777823776006697	0.020752644538879393
T[C>G]A	0.14465528428554536	0.08979568555951119	0.011923036676678368	0.012426317017525435	0.000580530004753832	0.006022868344047971	0.014428639039397239	0.031154922768473627	0.0358175303786993
T[C>G]C	0.035680804029107095	0.049668699875473975	0.011027960858994119	0.03732484132051468	0.007220980897545815	0.008353073458170001	0.026936283521354198	0.0008509216830134868	0.05277180038392544
T[C>G]G	0.013412067480385304	0.006976144572399789	0.002113541029393673	0.0012422400061041117	0.0005928900325670838	0.0013029898302335142	0.0012008792336246187	0.005071917525492608	0.006011147098615765
T[C>G]T	0.18048813343048095	0.15643177330493926	0.039064930751919746	0.019535385424387642	0.014281849563121795	7.135715573980406e-09	0.01303610284232164	0.06675956808030606	0.0448323905467987
T[C>T]A	0.2281364381313324	0.09629035436082631	9.347818699656506e-12	0.002275616375988404	0.012344636488705873	0.036365071684122084	0.017090868240757118	0.07990893125534057	0.036448383890092376
T[C>T]C	0.06860652416944504	0.030333505664020776	0.023962428607046605	0.015255851857364177	0.02011104077100754	0.04163388907909393	0.008629082352854311	0.021247566677629948	0.005131338189358814
T[C>T]G	0.059786781668663025	0.03675626441836357	0.007195973489433527	0.010645417217165231	0.025811942294239998	0.03985675573348999	0.030105344764888287	0.006232884339988231	0.012517477571964263
T[C>T]T	0.10841429382562637	0.07545100338757038	0.019259047601372002	0.0050192757509653985	0.02704915702342987	0.033179620280861855	0.012188975885732934	0.05632451251149177	0.01999434530735034
T[T>A]A	0.0009598863834980875	0.00716262252535671	0.0002654337056420264	0.003359114844352007	0.017711757589131592	0.032711312919855115	0.019049270637333394	1.0773206088227749e-18	0.003093228290307337
T[T>A]C	0.00018157206255593473	0.0017431035795397066	0.002329686866141856	0.010685663763433694	0.012994210980832577	0.008175251702778042	0.003812149784451435	0.002682820265181363	0.007055381701366059
T[T>A]G	0.0008381025632843375	0.0013271672428402325	0.004589136317372322	0.007752573490142823	0.00716134408201583	0.0060333204455673695	2.312635430712362e-07	0.011139549361541868	0.00897229356050957
T[T>A]T	0.0006739115284290165	0.00047907211651008195	0.009500964172184467	0.033088678121566774	0.0029499226249754427	0.0013391201395007775	0.007895149569958449	0.004736333266749637	0.005541691926998738
T[T>C]A	0.0	0.002631710159926115	0.0008823815966024995	0.008312075212597848	0.01889582648873329	0.017536818236112594	0.004667718475684523	0.001278230268508196	0.006273717568274151
T[T>C]C	8.504557190462947e-05	0.003656744142790558	0.006458998750895261	0.009175747307017446	0.012441389448940753	0.016040419600903986	0.007653611773434932	0.0016867504455149174	0.01021678304481451
T[T>C]G	0.0003090902057033638	0.013904099818319082	0.008872481808066369	0.0036374269984662533	0.0018198123667389154	0.002760087698698044	0.00177447247915552	0.002018780121579766	0.007817250590687764
T[T>C]T	0.00011959415520443884	0.004681550338864327	0.002005867556454177	0.013761191090013013	0.025489938259124757	0.019661382585763932	0.006097856464924156	5.447509665579275e-11	0.02274241894483566
T[T>G]A	0.0005708059179596603	0.0015375490031544815	0.000614504370341784	0.0053433174267411235	0.006873779464513063	0.00752347631801058	0.003557906672358513	0.0017187152057886123	0.017185527272522448
T[T>G]C	0.000398779014358297	0.0050770147703588005	0.0023757679882692173	0.009137786437395334	0.0008993817958980799	0.0010535051229908277	0.006610173359513955	0.0067803701385855675	0.003443220187909901
T[T>G]G	0.0	0.00030768339258600006	0.01328949462622404	0.006098209321498873	0.004626267096784886	0.0029259059578180314	0.0020140409885925697	0.002506199944764376	0.006980520439083193
T[T>G]T	0.00020225246553309462	0.002072590310126543	0.009180414071306587	0.01316161286085844	0.012144372053444385	0.008263359405100345	0.012687422148883343	0.0048379552732038976	0.007917349043339073
