MutationType	DBS78A	DBS78B	DBS78C	DBS78D	DBS78E	DBS78F	DBS78G	DBS78H
AC>CA	2.3902792872831923e-05	2.7311735993862386e-05	5.6823498744051905e-05	2.0082267656107434e-05	0.09032682609467883	2.4441130881314167e-05	5.457738807308487e-05	8.351546784979291e-05
AC>CG	3.030177977052517e-05	3.958852648793254e-05	6.707732900395058e-05	2.7139407029608266e-05	3.122840535070281e-05	3.094436451647198e-05	6.271526726777665e-05	9.436507389182225e-05
AC>CT	3.0302022059913726e-05	3.958922170568258e-05	6.707731881760992e-05	2.327834290554165e-05	3.122884554613847e-05	4.120678295294056e-05	6.271544334595092e-05	9.43655424634926e-05
AC>GA	3.0301697916002012e-05	3.958828783652279e-05	6.70773304591421e-05	2.846297466021497e-05	3.122825401078444e-05	2.7426424276200122e-05	6.271520833251998e-05	9.436491382075474e-05
AC>GG	2.1316287513700348e-05	0.04977225329571734	3.9693062555556934e-05	1.244067375978375e-05	0.02853526827608448	1.9757561560140857e-05	0.17918309499145835	5.2277981009196675e-05
AC>GT	3.0301744118332863e-05	3.9588422441738655e-05	6.707732900395058e-05	2.7719516219804062e-05	3.1228339139488526e-05	2.9402479231066537e-05	6.2715241801925e-05	9.436500404262916e-05
AC>TA	3.0301807055366225e-05	3.958860361308325e-05	6.707732609356754e-05	2.6712084581959063e-05	3.122845409961883e-05	3.208015314157819e-05	6.271528691286221e-05	9.43651277339086e-05
AC>TG	3.0301917649921962e-05	3.958892048103735e-05	6.707732318318449e-05	2.4952328931249213e-05	3.122865418845322e-05	3.675745192595059e-05	6.271536913118325e-05	9.436534019187093e-05
AC>TT	2.0122164731550817e-05	2.790992893744182e-05	5.322888937371317e-05	1.399094236171905e-05	2.173072181506086e-05	0.2989649964491036	5.2120754393403244e-05	7.882702193455771e-05
AT>CA	3.0302056620712393e-05	3.958931956731249e-05	6.70773173624184e-05	2.2732524212187854e-05	3.1228908119373956e-05	4.2657528865674976e-05	6.271546735661104e-05	9.436561085749418e-05
AT>CC	3.0301772130769678e-05	3.9588503932463935e-05	6.707732900395058e-05	2.726701095525641e-05	3.1228390071191825e-05	3.060520193685079e-05	6.271526217460632e-05	9.436505933990702e-05
AT>CG	3.0301715014502406e-05	3.958833913202398e-05	6.70773304591421e-05	2.8179094442748465e-05	3.1228286024997944e-05	2.8180955996504054e-05	6.271522070164793e-05	9.436494729015976e-05
AT>GA	3.0301772494567557e-05	3.9588503932463935e-05	6.707732900395058e-05	2.7265821336186492e-05	3.1228390071191825e-05	3.0608365523221434e-05	6.271526217460632e-05	9.436506079509854e-05
AT>GC	3.0301813239930198e-05	3.958862143917941e-05	6.707732609356754e-05	2.6610622444422916e-05	3.122846501355525e-05	3.2349832144973335e-05	6.27152927336283e-05	9.436513937544078e-05
AT>TA	3.030182961083483e-05	3.958866909670178e-05	6.707732463837602e-05	2.63499121501809e-05	3.122849484498147e-05	3.304277943243506e-05	6.271530437516049e-05	9.436517138965428e-05
CC>AA	0.453751745820146	6.5136848162705145e-09	0.018157650803768844	0.29191729733320243	0.028518055835854324	0.021827950076792075	2.1633807685359615e-05	3.2603258900198995e-05
CC>AG	1.1279308525963846e-05	5.538264976223673e-06	0.334360546964841	1.4216179818050414e-05	1.2435349418637998e-05	8.662405951945429e-06	0.17909313385171116	4.4784079490984274e-05
CC>AT	0.03335244790451384	2.864124980987981e-05	0.018178537080166278	0.07463704393012449	2.2673699641018173e-05	2.6825494023796638e-05	5.203365290071815e-05	7.769087824271992e-05
CC>GA	3.030175903404597e-05	3.958846573368646e-05	6.707732900395058e-05	2.7477571347844786e-05	3.12283660605317e-05	3.0045549829083028e-05	6.271525198826566e-05	9.436503314645961e-05
CC>GG	3.03020093269879e-05	3.958918423450086e-05	6.707731881760992e-05	2.348612561036134e-05	3.122882226307411e-05	4.06545101213851e-05	6.271543388720602e-05	9.436551772523671e-05
CC>GT	1.8532606554799712e-05	1.0733934050222161e-05	0.06641393039426476	0.02494025168780354	1.8357342923991382e-05	1.2714255687695103e-05	0.039868255252440574	0.13248312026183412
CC>TA	2.3676514683756977e-05	0.07841530161604168	3.7065146763204385e-05	1.6240089743746465e-05	0.07840592667926102	0.036397481426683954	4.3438204738777134e-05	7.797363359713927e-05
CC>TG	2.244989409518894e-05	2.2519487083627608e-05	4.6394250239245595e-05	0.1852615078270901	1.8041420298686715e-05	0.02769932952887757	4.393841081764549e-05	5.919936556892935e-05
CC>TT	1.2391681914892534e-05	0.5880591392517089	1.5177004007682626e-05	9.120774490838698e-06	1.1473963471075877e-05	0.018211174133466557	3.517140949043096e-05	7.915895985206589e-05
CG>AT	3.030192747246474e-05	3.9588948493474166e-05	6.707732318318449e-05	2.479343402228551e-05	3.122867310594302e-05	3.71797805200913e-05	6.27153756795451e-05	9.436535910936072e-05
CG>GC	3.030168154509738e-05	3.958824272558559e-05	6.70773304591421e-05	2.8716857559629717e-05	3.122822490695398e-05	2.675162309060397e-05	6.271519596339204e-05	9.436488326173276e-05
CG>GT	3.0301883452921174e-05	3.9588822619407435e-05	6.707732318318449e-05	2.5497935348539612e-05	3.1228593070409263e-05	3.530726917233551e-05	6.271534221014008e-05	9.43652747082524e-05
CG>TA	3.030175321327988e-05	3.958844936278183e-05	6.707732900395058e-05	2.7569978192332202e-05	3.122835514659528e-05	2.9799939693475607e-05	6.27152476226911e-05	9.436502150492743e-05
CG>TC	3.030176449101418e-05	3.9588481376995334e-05	6.707732900395058e-05	2.7391148250899278e-05	3.1228376246872355e-05	3.0275256176537368e-05	6.271525635384023e-05	9.436504333280027e-05
CG>TT	3.030184961971827e-05	3.958872657676693e-05	6.707732463837602e-05	2.6029476066469216e-05	3.12285319523653e-05	3.389447538211243e-05	6.271531819947995e-05	9.43652106798254e-05
CT>AA	7.790057508216818e-06	7.413132595397368e-06	1.1012223509609953e-05	7.974382460749357e-06	0.3908172845840454	2.422600609861547e-05	0.04983063318055088	3.940245183002847e-05
CT>AC	0.09990667420167938	3.0367988074431196e-05	0.018182886367870094	0.02252268859083415	2.3586097783123704e-05	2.120812316461773e-05	5.0944452959811314e-05	8.899424283299595e-05
CT>AG	3.0301780861918813e-05	3.958852794312406e-05	6.707732900395058e-05	2.7128126021125354e-05	3.122840607829858e-05	3.097434837400215e-05	6.271526872296818e-05	9.436507534701377e-05
CT>GA	3.0301797232823445e-05	3.95885763282422e-05	6.707732609356754e-05	2.686462103156373e-05	3.122843590972479e-05	3.1674722231400664e-05	6.271528036450036e-05	9.436511027161032e-05
CT>GC	1.9860287284245715e-05	0.019973185655544512	3.878607167280279e-05	2.01255666979705e-05	0.02853383676156227	0.04983778373753012	0.08969206103647594	5.811176160932519e-05
CT>GG	3.0301837614388206e-05	3.9588692379766145e-05	6.707732463837602e-05	2.6222591986879707e-05	3.12285093968967e-05	3.3381188586645294e-05	6.27153080131393e-05	9.436518739676103e-05
CT>TA	3.0301683364086784e-05	3.9588246727362276e-05	6.70773304591421e-05	2.8689975079032592e-05	3.122822854493279e-05	2.682307545001095e-05	6.271519814617931e-05	9.436488471692428e-05
CT>TC	3.0301674269139766e-05	3.9588221625308506e-05	6.707733191433363e-05	2.8832153839175588e-05	3.122821181023028e-05	2.6445178230005693e-05	6.271519159781747e-05	9.436486870981753e-05
CT>TG	3.030206062248908e-05	3.958933157264255e-05	6.70773173624184e-05	2.2668286965199515e-05	3.1228914667735805e-05	4.282826503185788e-05	6.271547172218562e-05	9.436561667826026e-05
GC>AA	0.0979839281479715	0.05464012331722188	4.140046003215512e-05	1.790367814464844e-05	1.9667876404128038e-05	0.15438485760769255	5.130406425450929e-05	7.378306563623482e-05
GC>AG	3.0301749939098953e-05	3.958844026783481e-05	6.707732900395058e-05	2.76219845545711e-05	3.122835005342495e-05	2.9661710323125588e-05	6.271524471230805e-05	9.436501568416134e-05
GC>AT	3.0301762672024778e-05	3.9588476283825e-05	6.707732900395058e-05	2.7418894387665204e-05	3.122837260889355e-05	3.020150925294729e-05	6.271525489864871e-05	9.436504042241723e-05
GC>CA	3.030175903404597e-05	3.958846609748434e-05	6.707732900395058e-05	2.7476970717543737e-05	3.12283660605317e-05	3.00471458103857e-05	6.271525198826566e-05	9.436503314645961e-05
GC>CG	3.0301766310003585e-05	3.958848501497414e-05	6.707732900395058e-05	2.7368836163077505e-05	3.1228379157255404e-05	3.0334558141476008e-05	6.271525780903176e-05	9.436504478799179e-05
GC>TA	3.0301796505227686e-05	3.958857269026339e-05	6.707732609356754e-05	2.6882126985583454e-05	3.122843445453327e-05	3.162819502904313e-05	6.271527890930884e-05	9.43651088164188e-05
TA>AT	2.1388828697971318e-05	0.04978196523643419	4.584559774230001e-05	2.309030169271864e-05	0.028538655014563118	1.988330491258239e-05	0.09972205453013885	7.452908321283757e-05
TA>CG	3.030180960195139e-05	3.9588611616636624e-05	6.707732609356754e-05	2.667000335350167e-05	3.12284584651934e-05	3.219200389139587e-05	6.271528982324526e-05	9.436513355467468e-05
TA>CT	3.0301777223940006e-05	3.9588518484379164e-05	6.707732900395058e-05	2.7185150611330754e-05	3.122839952993672e-05	3.082278108195169e-05	6.271526581258513e-05	9.436506661586463e-05
TA>GC	3.0301755396067163e-05	3.9588455911143684e-05	6.707732900395058e-05	2.753298649622593e-05	3.1228359512169844e-05	2.9898261163907592e-05	6.271524907788261e-05	9.436502732569352e-05
TA>GG	3.030171719728969e-05	3.9588346044183706e-05	6.70773304591421e-05	2.8141457369201818e-05	3.1228291118168275e-05	2.8280991500650998e-05	6.271522215683945e-05	9.436495165573432e-05
TA>GT	1.7749410199030534e-05	1.3843250715017685e-05	4.0610914584249255e-05	1.2436473251840884e-05	0.2091270379758498	2.7214296642341652e-05	3.368908769516565e-05	6.322083177110472e-05
TC>AA	1.2044635179137008e-05	2.3354238041942837e-05	4.771716240663526e-05	0.1721609594547772	2.3563937702419935e-05	2.7998449877486564e-05	3.829995713691137e-05	6.929240612287834e-05
TC>AG	3.030170155398082e-05	3.958830020565074e-05	6.70773304591421e-05	2.83971330645727e-05	3.122826128674205e-05	2.760142951956368e-05	6.271521124290302e-05	9.436492255190387e-05
TC>AT	0.31304963108134415	0.054597825461786445	0.25667850138706855	0.022497809574690563	5.558122685175155e-06	0.17252480050956365	3.0076675152690412e-05	0.09953894127845757
TC>CA	3.030174193554558e-05	3.958841516578104e-05	6.707732900395058e-05	2.7756923373090103e-05	3.122833477391396e-05	2.930305472546024e-05	6.271524107432924e-05	9.436500113224611e-05
TC>CG	3.030171646969393e-05	3.9588343497598544e-05	6.70773304591421e-05	2.815609077515546e-05	3.1228288935380985e-05	2.8242099324415905e-05	6.271522215683945e-05	9.436495165573432e-05
TC>CT	3.0302022787509485e-05	3.958922388846986e-05	6.707731881760992e-05	2.3266641528607578e-05	3.1228847001329994e-05	4.123788476135814e-05	6.271544334595092e-05	9.436554682906717e-05
TC>GA	3.0301919468911365e-05	3.95889252104098e-05	6.707732172799297e-05	2.4926752121245955e-05	3.1228657826432026e-05	3.682543265313143e-05	6.271536913118325e-05	9.436534455744549e-05
TC>GG	3.0301756851258688e-05	3.958845991292037e-05	6.707732900395058e-05	2.7506230617291293e-05	3.122836315014865e-05	2.9969374554639217e-05	6.271525053307414e-05	9.436502878088505e-05
TC>GT	1.9278280524304138e-05	1.8422405901219463e-05	0.018179431348107754	0.024939939490104736	0.058221666108511275	2.2091261696743915e-05	0.039831495749240275	7.869778346503153e-05
TG>AA	3.0301797232823445e-05	3.958857596444432e-05	6.707732609356754e-05	2.6865931067732164e-05	3.122843590972479e-05	3.1671241049480156e-05	6.271528036450036e-05	9.43651088164188e-05
TG>AC	3.0301744118332863e-05	3.9588421714142896e-05	6.707732900395058e-05	2.7719403806258925e-05	3.1228339139488526e-05	2.940277827292448e-05	6.2715241801925e-05	9.436500404262916e-05
TG>AT	9.922456922595301e-06	2.2925168606146e-05	5.090023187221959e-05	0.1794474508948042	1.799587193756848e-05	0.15009754897528182	4.4186101513332686e-05	6.203988086781465e-05
TG>CA	3.0302066807053053e-05	3.9589349762536584e-05	6.70773173624184e-05	2.2566906227439177e-05	3.122892630926799e-05	4.309772866690764e-05	6.271547608776018e-05	9.436563123017549e-05
TG>CC	5.040226530568515e-06	4.5349978688216247e-07	2.79821350214704e-05	9.81819149075136e-06	6.679468642989405e-06	1.9147540817060444e-05	3.091056055382069e-05	0.7615085244178772
TG>CT	1.9860287284245715e-05	0.019973185656090207	3.878607167280279e-05	2.0146553106314967e-05	0.02853383676156227	0.049837727901553566	0.08969206103647594	5.8111762336920945e-05
TG>GA	1.7419343200864023e-05	1.0823973683216082e-05	3.55357987075422e-05	2.1041244795583226e-05	0.02853807668493715	1.4775992320892329e-05	0.22907997666625307	4.967870523077678e-05
TG>GC	1.7585675993236904e-05	1.609421674868827e-05	0.26561058004081134	2.1614201068587134e-05	2.1416748796587726e-05	1.8194052900128223e-05	4.3361244388506746e-05	7.399917237008273e-05
TG>GT	3.030172665603459e-05	3.9588373692822645e-05	6.70773304591421e-05	2.799257890728768e-05	3.1228307852870786e-05	2.867669736588141e-05	6.271522943279706e-05	9.436497202841565e-05
TT>AA	2.8584520805452485e-05	0.08242243919048634	5.5975787472561936e-05	2.4189264149754307e-05	2.5414324409211985e-05	0.018214851304583134	5.744581139879301e-05	9.215687605319544e-05
TT>AC	3.0301753940875643e-05	3.958845154556911e-05	6.707732900395058e-05	2.755607492872514e-05	3.122835732938256e-05	2.9836892827006524e-05	6.271524907788261e-05	9.436502296011895e-05
TT>AG	3.0301787774078548e-05	3.9588549043401144e-05	6.707732609356754e-05	2.701673365663737e-05	3.122841844742652e-05	3.1270418367057574e-05	6.271527454373426e-05	9.436509135412053e-05
TT>CA	3.0301991864689624e-05	3.958913403039333e-05	6.707732172799297e-05	2.3762931232340633e-05	3.1228790976456364e-05	3.9918782749737145e-05	6.271542079048232e-05	9.436548425583169e-05
TT>CC	3.0301853257697076e-05	3.958873639930971e-05	6.707732463837602e-05	2.5972502044169232e-05	3.122853850072716e-05	3.404590843274491e-05	6.2715321109863e-05	9.436521795578301e-05
TT>CG	3.0301740844151935e-05	3.958841298299376e-05	6.707732900395058e-05	2.777074805635493e-05	3.1228333318722436e-05	2.926630804722663e-05	6.271523961913772e-05	9.436499676667154e-05
TT>GA	3.030192201549653e-05	3.958893357776105e-05	6.707732318318449e-05	2.4883213518478443e-05	3.122866291960236e-05	3.6941153848601974e-05	6.271537058637478e-05	9.436535037821159e-05
TT>GC	3.0301745937322266e-05	3.9588427534908986e-05	6.707732900395058e-05	2.7690056231222116e-05	3.122834132227581e-05	2.9480781267920975e-05	6.2715241801925e-05	9.43650069530122e-05
TT>GG	3.0301832885015757e-05	3.958867782785092e-05	6.707732463837602e-05	2.629915252327919e-05	3.1228499938151796e-05	3.3177696786879095e-05	6.271530583035201e-05	9.436517721042036e-05
