MutationType	SBS96A	SBS96B	SBS96C	SBS96D	SBS96E	SBS96F	SBS96G	SBS96H
A[C>A]A	0.0011886956577952705	0.015075775980949401	0.022746448032557966	0.02074674889445305	0.010064463689923286	0.011648318730294704	0.03317238241434097	0.0072819054126739505
A[C>A]C	0.0002928451052866876	0.011732134968042374	0.01175450817681849	0.01904716417193413	0.017500056279823185	0.0007183196488767862	0.0007584583852803916	0.020578566007316113
A[C>A]G	0.00027165120700374247	0.00034597456713232654	0.0013335488249751394	0.002832103182430501	0.0040039680898189545	0.008732308691833168	0.01208942560479045	0.013320681094501196
A[C>A]T	0.0002463290758896619	0.013056839679484256	0.01835272219032049	0.038367252238094805	1.4156189536151943e-07	0.007706704828888178	0.016059006574784006	0.0029369788244366646
A[C>G]A	0.0017378593795001507	0.0015274781733751297	0.009952123463153838	0.009521107375621795	0.009272781299172058	0.0038628326263278724	0.02424400895833969	0.00832131518013739
A[C>G]C	0.001612902758643031	0.01024258891120553	0.0007246624212712049	0.004191333288326859	0.009000519802793861	3.1301806302508337e-08	0.009720502607524394	0.009434081386916659
A[C>G]G	0.0008462302852421999	0.006479763612151146	0.005343400035053491	0.0069772542368809806	0.000765149288519833	1.1614317259045493e-07	0.005427502006602936	0.0016115340296551039
A[C>G]T	0.0020182391628623007	0.02525957264006138	0.02626042813062668	0.014597292430698872	0.011184245022013784	0.0005212458316236734	0.017858761455863716	0.0034804183989763276
A[C>T]A	0.006432404555380344	0.002444661920890212	0.019176152162253858	0.0239959642291069	0.013381731696426868	0.0038524518255144357	0.009058127924801866	0.0025386226874502425
A[C>T]C	0.0021219766000285744	0.016797982342541217	0.008945065608713776	0.010491320816799998	0.010745871160179377	0.008974978979676963	0.006494984915480018	0.005744000244885683
A[C>T]G	0.003054460071785393	0.016187166422605516	0.017894426448628042	0.009057355465731406	0.05556766912341118	0.05541135668754578	0.05235201828181744	0.05707092955708504
A[C>T]T	0.0007018201751634479	0.015261212084442376	0.02972272168844938	0.013891029544174672	0.005164208273697568	0.004108292981982231	0.009847654029726982	0.0024433603606439647
A[T>A]A	0.0003485193883534521	0.006890502688474953	0.003991289743930792	0.0046298554167151455	0.002009870675004062	5.163209380043554e-07	0.0054572477946174995	0.005979861433786482
A[T>A]C	0.0005247988912742585	0.006216988153755665	0.006005181185901165	0.0042664249893277885	0.01435609832406044	0.002423003129661083	0.0032810974459266617	0.008770531788468362
A[T>A]G	0.0006485309684649109	0.009617676818743348	0.004235568456351757	0.011825470824260265	0.007434142150964362	9.429465990251628e-08	0.0059941054337514284	0.018020425084978343
A[T>A]T	0.0	0.006569798104465008	0.013802314409986138	0.0035522526130080225	0.012053984948784091	0.004285393655300141	0.0011804681309513399	0.008252999326214195
A[T>C]A	0.0007320499862544239	0.015605107322335244	0.014966465812176467	0.007762656360864639	0.011380433011800051	0.0009821370233908055	0.017198228184133767	0.025472714006900786
A[T>C]C	0.001086933771148324	0.014008915377780795	0.009221808979054913	0.01408618837594986	0.0035004602745175363	0.003548854193650186	0.0038380118553273724	0.004757381044328213
A[T>C]G	0.0014757110504433513	0.001818513403142674	0.006460982002826658	0.019842900708317755	0.011305318027734757	0.013146853633224964	0.009137642104178667	0.009924645535647869
A[T>C]T	0.000682438522198936	0.02139157485216856	0.0143668279517442	0.01879051080904901	0.004252586467191577	0.0059346891939640045	0.0011415161658078431	0.012927472405135632
A[T>G]A	0.000161888703587465	0.0032461366383358834	0.009317578986583896	0.0021221865434199573	0.013704635761678218	1.1289646408840782e-07	0.010264759045094251	0.0039200651168812325
A[T>G]C	0.00013954652822576464	0.004388932041234739	0.003447338938434541	0.0037972702644765376	0.0019377336246805044	1.1761123882872925e-07	0.0035625650933070576	0.0026441790990588744
A[T>G]G	0.0003279864584328607	0.010370363015681505	0.005569443386048095	0.006531486101448536	0.002249143515008714	1.6231078632245043e-07	0.0066902732911176795	0.001716605482920386
A[T>G]T	0.0009448833239730448	0.012638439517468214	0.004953467310406268	0.002254923619329929	0.0009364509501892826	1.6925363013342576e-07	0.0010200818315945662	0.0018413346410554253
C[C>A]A	0.0008718190163103934	0.014393035881221294	0.021110435388982295	0.022748917900025846	0.01707976534962654	0.0007764558606595529	0.021416273899376392	0.0044663639739155854
C[C>A]C	0.000570574717130512	0.041496456041932105	0.016166537860408427	0.00692531829699874	0.0007183659829991029	0.0035563409561291336	0.0014093810833536225	0.012872191518545151
C[C>A]G	0.001821409584954381	0.005487325554713607	0.0013930339366197586	0.0035133041441440583	0.005460472538379691	0.006449667364358902	0.003936103750878317	0.0004898564720576815
C[C>A]T	0.0011999848415143789	0.026519058831036092	0.012548340857028962	0.0099734708230244	0.005749499194417312	3.6871679753858186e-08	0.014684198237955571	0.02469160556793213
C[C>G]A	0.004707088903523981	0.010633882463249155	0.009114447795187188	0.026310701668262482	0.0038769120816141366	0.0006278196342009324	0.004799933793275516	0.013926423713564872
C[C>G]C	0.0010370078147388996	0.005285519827157259	0.009828383661806583	0.017196258157491685	0.010443691536784172	0.0	0.013124503126482523	1.5548124565611943e-07
C[C>G]G	0.0017304317792877556	0.0012698159871149528	0.008246454130858182	0.005871908622793853	0.015425167232751846	0.0	0.0018198678269982338	0.002545435324421419
C[C>G]T	0.005866417847573757	0.023869270272552968	0.024164127185940742	0.009882753984857117	0.009484449587762355	0.0	8.184331096572351e-06	0.016942925380666503
C[C>T]A	0.011490203440189362	0.01014150558039546	0.014260575361549854	0.016064298525452613	0.03014734238386154	0.0032661249505622435	0.014295768605734338	0.009819141868501902
C[C>T]C	0.005825581215322018	0.02224332056939602	0.012770254537515471	0.017365519888699055	0.012350647614221088	4.792573236045428e-08	0.003604756668350975	0.006383654138491224
C[C>T]G	0.009286631923168897	0.0016983525478281123	0.020986688509583473	0.01074979491531849	0.0714566469192505	0.03163936771452427	0.0062556448858231304	0.009869585931578957
C[C>T]T	0.0064070004038512705	0.013798330817371607	0.020045656338334085	0.02669702246785164	0.02130883317440748	0.005832556821405888	0.017501572519540785	0.01163242906332016
C[T>A]A	0.0004275981686078012	0.0016480550169944764	0.004114946629852056	0.0046472942433385305	0.0051625891122967	0.0010994435288012028	0.012828947347588836	0.0017042245100786964
C[T>A]C	0.0006208514416357503	0.005929278927207066	0.01703497804701328	0.01865878775715828	0.004131285345647484	0.0026779911946505307	0.003093780856579542	0.004851033608429134
C[T>A]G	0.0004891278222203255	0.008353422541404143	0.0011935166978452871	0.008249638229608535	0.025478535518050193	0.0	0.00471445718430914	0.007917842093894479
C[T>A]T	0.0	0.00914047732949257	0.02190976728937244	0.005419922463698867	0.0029375184793025257	1.7397612168679187e-07	0.0038145455207597933	0.005146264622271701
C[T>C]A	0.0008658016304252669	0.0034841757733374834	0.0059137211545021275	0.004340649627135917	0.0032047057524323464	8.19135493657086e-08	0.006531670410186938	0.001705684513203504
C[T>C]C	0.0009084898163564503	0.014069081284105778	0.007391586434096098	0.016577768698334695	0.01365143503062427	0.0006136554630927548	0.007407196890562772	0.0014259482508606424
C[T>C]G	0.001815194683149457	0.014723903499543667	0.00408178293146193	0.01823358591645956	2.034419367191731e-07	0.0017726733193882183	0.01711178404815682	0.0046684454971455125
C[T>C]T	0.00034797394182533025	0.009422022290527821	0.0046200048178434375	0.029721524193882944	0.006534923915751278	0.004069891828112304	0.007529335236176849	0.0017076791729778052
C[T>G]A	0.0	0.0008651107264483926	0.002105384518793585	0.001850167194211849	0.004722331889422548	1.9503833641465463e-07	0.003233565940507788	0.002970312052184454
C[T>G]C	0.0004446387843927369	0.006173237599432469	0.006582053521337628	0.003161604539491236	0.0035490818321704865	0.006746080704033375	0.0027209789957851173	0.01558124301955104
C[T>G]G	0.0014102885033935308	0.013444243744015694	0.010635693153017201	0.012702912744134664	0.00043621815093501936	3.86275800678959e-08	0.015664567798376085	0.007695622742176056
C[T>G]T	0.0	0.015488047711551189	0.0036769531972396406	0.007336705646594055	0.015075708553195	1.3549703726312146e-05	0.009583693370223046	0.005330263436508176
G[C>A]A	0.001309865713119507	0.014763667806982994	0.011680941469967366	0.006165390135720372	0.01470309216529131	0.007219785079360008	0.0079552729614079	0.015286010224372149
G[C>A]C	0.0011422787210904062	0.015982301626354455	0.012171750614120699	0.010151407444936922	0.006107470067217946	0.0017821697518229484	0.014548750128597021	0.011622761862778186
G[C>A]G	0.0007456778781488538	7.147380074457032e-08	0.0013880306854844094	0.0009816521717311848	0.008126464589818739	0.003961675334721804	0.006816337537020445	0.0015704348936367296
G[C>A]T	0.0012206866755150258	0.017551233060657978	0.015435480466112494	0.008272282662801445	0.014765449799597263	0.005631372937932611	0.004828410968184471	0.00284696314483881
G[C>G]A	0.002899376954883337	0.00912192785181105	0.010727563174441457	0.005690781839587711	2.2040111048714684e-24	0.004084158848854713	0.011442374065518379	0.0029629862401636697
G[C>G]C	0.00042293693841202187	0.016939150635153055	0.0034560762578621507	0.00861225724220276	0.004152893682476133	0.0008945053443312645	0.004646031279116869	0.0039020983082117765
G[C>G]G	0.0017092174850404263	0.0005510054528713226	0.0019890863448381426	1.4780859180518746e-05	0.003956751233279303	1.656582810483087e-07	0.006519740935232221	1.1506917473980139e-06
G[C>G]T	0.0021733314031735064	0.01714710919186473	0.025163988396525384	0.011008891301207769	2.60982750294023e-34	0.009407234704121947	0.005229218117892742	4.4313392209005544e-07
G[C>T]A	0.006501146126538515	0.00909333722665906	0.011237434577196836	0.010450337454676628	0.010783014819025993	0.004038610182843245	0.030555813387036324	0.027943119779229163
G[C>T]C	0.004264921694993973	0.009988211560994387	0.02583329752087593	0.009082512371242047	0.015923329815268516	0.0020585871308149446	0.01629021679982543	0.0023231107741594316
G[C>T]G	0.008714650850743055	0.0059539367444813324	0.025631598103791474	0.01428812276571989	0.07866529673337937	0.01873592883348465	0.0046267558880572325	0.03925285767763853
G[C>T]T	0.004218871891498566	0.009788912907242774	0.021317083947360517	0.008665919210761786	0.007687651365995407	0.0021178835071623326	0.013884591124951839	0.008824744448065757
G[T>A]A	0.00025424141495022923	0.011642748350277543	0.0037292642518877983	0.0071290032006916994	0.007096470054239035	0.00652921418659389	0.004517279146239161	0.0022360471542924643
G[T>A]C	0.0	0.006854084879159927	0.009674606705084443	0.0021953841205834277	0.0036906849592924116	1.9362045122761629e-07	0.0032462703530654834	0.001739362721963289
G[T>A]G	0.00066493782796897	0.008245236566290259	0.0031998062040656805	0.007380613218992948	0.0031900381385185027	0.001995369978249073	0.0006548829842361116	0.009476560445332894
G[T>A]T	0.0002782106093945913	0.013873922917991877	0.010054657654836773	0.0010195498820632734	0.005627647135406732	0.002070102235302329	1.192680770145671e-07	0.009143856354057789
G[T>C]A	0.0002740186813753098	0.005156980920583009	0.011217840388417244	0.013872627355158328	0.004035371541976929	0.005695463484153151	0.011535137938335539	0.0024976076558232306
G[T>C]C	0.0006787147547584027	0.002292732475325465	0.00796303190290928	0.008316477201879025	0.008502008020877838	0.003773134807124734	0.00359785258769989	0.008069102466106415
G[T>C]G	0.0006210120278410614	0.001568346843123436	0.008628931967541576	0.0037823264272560664	0.003839101560515701	2.733207793426118e-08	0.0005781701964224339	0.01695597879588604
G[T>C]T	9.891615773085504e-05	0.005001731961965561	0.005861442163586616	0.012561316788196563	0.014893115404993296	0.008249627612531184	0.005374029651284218	0.01019512265920639
G[T>G]A	0.0	0.00469777612015605	0.005674494121848284	0.00762622645124793	0.0017622817039409711	1.430385736966855e-07	0.008062051636233036	0.00471793483447982
G[T>G]C	0.0001720089217997156	0.0026652984699467195	0.001657497906126082	0.0019328299909830093	5.085864245302218e-08	0.00468406449072063	0.007146500113458387	0.0017573521372469258
G[T>G]G	0.0010702422936446966	0.006256649270653725	0.008246187586337328	0.01917619854211807	0.0014449342619627715	0.006081040855497122	0.009373815169942646	0.0013561720959842205
G[T>G]T	0.0005299340118654072	0.007418275991676637	0.006400466104969383	0.007439702562987804	0.004605321073904633	0.0027980028094305	0.011897091707214712	0.003834176901727915
T[C>A]A	0.024757630378007888	0.020537050299897296	0.008925624936819077	0.002701371302828193	0.014853914454579353	0.014972898177802563	0.0034559372114017608	0.053977005928754804
T[C>A]C	0.013103395327925682	0.005624385341070593	0.03137756511569023	0.016566983509983403	0.0008258861489604046	0.023326133377850056	0.020236726850271225	0.007775025954470038
T[C>A]G	0.0027161858510226324	0.0006906069815166872	0.0038903714085563477	0.0009679179671525471	0.004433182743377983	0.010148613061755896	0.0019125666469335556	0.008855198021046817
T[C>A]T	0.010912546701729298	0.041846681386232376	0.027355166524648665	0.015871786512434483	0.014014460705220699	0.014979624841362237	0.007373772328719497	0.021108496561646463
T[C>G]A	0.1340130865573883	0.025849465653300284	0.010904235788621009	0.007741472224006429	0.0023066728841513394	0.11597730219364166	0.0356456208974123	0.005964484930402627
T[C>G]C	0.038980848342180255	0.010069424915127457	0.015274599567055703	0.012957851774990559	0.005834616115316748	0.02840916682034731	0.05982216596603394	0.029910657089203596
T[C>G]G	0.01420242190361023	0.0017773829866200685	0.00213772790314124	0.00691035958006978	4.954152410934895e-29	0.006864975905045867	0.0031862264952483206	9.300832992664709e-10
T[C>G]T	0.1819749057292938	0.03755004797130823	0.015915676672011613	0.03141858727106967	0.008565365057438611	0.12292601466178894	0.03023192501132712	0.011622027959674609
T[C>T]A	0.21494197845458984	0.010834195801723512	0.012214430553621014	0.009249391034245491	0.022894581872969867	0.17087340354919434	0.02569437399506569	0.02065172147171097
T[C>T]C	0.06197359710931778	0.01652895975857973	0.014179361425340176	0.022695896774530412	0.02837302852421999	0.03965741163119674	0.014898919686675071	0.022356908395886423
T[C>T]G	0.06166035458445549	0.00904901148751378	0.0012419949663126316	0.010772073362022638	0.019921465404331686	0.03081604428589344	0.012319062277674675	0.06435093581676483
T[C>T]T	0.11093342155218125	0.013779705762863234	0.011911507323384285	0.034614871442317965	0.015886868350207806	0.07218606323003769	0.018785476963967086	0.02706214490408456
T[T>A]A	0.0009535272678476758	0.0036292023956775664	0.007578225736506283	0.0	0.014544841647148133	0.003385250782594085	0.006293339841067791	0.038122767210006715
T[T>A]C	0.0001679548731772229	0.014117596577852965	0.0021046675276011227	0.0024739577434957027	0.015265069156885146	0.0050537352890955844	0.005956666916608811	0.011688127554953099
T[T>A]G	0.0005163741589058191	0.0023912529714607443	0.005828423728235066	0.008951176423579454	0.003439337760210039	0.005754415608680574	0.013214127533137799	0.005463708564639092
T[T>A]T	0.00011190926597919315	0.01980738025158644	0.007210523914545774	0.004831335879862309	0.0008605404690676278	0.0038152463309472752	5.372747182263993e-07	0.009847806720063097
T[T>C]A	0.0	0.003931635373737663	0.0017857991012306229	0.0038216857184579568	0.02192737124860287	0.0020415727747604253	0.004549108456740214	0.011760622076690198
T[T>C]C	0.0001506918459199369	0.0006113401662162233	0.010137002542614936	0.005042582843453268	0.01837481278926134	0.004820848722010851	0.012723140884190798	0.0061208578059449795
T[T>C]G	0.0007127421675249934	0.0028858293313533067	0.001599719002842903	0.00291093192063272	0.0	0.005600180159854062	0.010330523350569365	0.0151702337898314
T[T>C]T	0.00023621059081051498	0.004830989195033908	0.008561699162237346	0.0058999157976359125	0.01836351826786995	0.010192353499587626	0.016619564633356277	0.014441560581326984
T[T>G]A	0.0003496843921311665	2.9966281545057427e-07	0.0033735719205083116	0.005529391951858998	0.008463236597208318	0.0013886870237570293	0.019108536560088395	0.004691165977366948
T[T>G]C	0.00016336632979800924	0.005383395869284868	0.00572125930339098	0.0038154667243361475	0.0010821135476760447	7.594241111519295e-08	0.006386649102245201	0.004089908672568754
T[T>G]G	0.0	0.011109131115370019	0.0036947056123750764	0.008995717111974954	0.005497078663756838	2.5984103899645563e-07	0.0032413071713222052	3.282591251263511e-07
T[T>G]T	0.0007590800407342613	0.00785950617864728	0.010295869875699281	0.012064791563898326	0.01055558631196618	0.0	0.011747446632391788	0.003117454452990387
