Samples	SBS1	SBS2	SBS5	SBS10a	SBS10b	SBS13	SBS15	SBS26	SBS29	SBS31	SBS39	SBS42	SBS44	SBS51	SBS52	SBS87	SBS96C	SBS96E	SBS96L
TCGA-3C-AAAU-01	7	0	16	0	0	0	14	0	0	0	0	0	0	0	0	0	0	9	0
TCGA-3C-AALI-01	38	260	54	0	98	358	0	0	0	0	0	0	0	0	0	0	0	0	0
TCGA-3C-AALJ-01	10	0	40	0	0	0	0	0	0	0	0	0	0	0	0	0	16	0	0
TCGA-3C-AALK-01	8	5	16	0	0	5	0	0	0	0	0	14	0	0	0	16	0	0	0
TCGA-4H-AAAK-01	7	0	20	0	6	0	0	0	0	0	0	0	0	0	0	0	0	0	0
TCGA-5L-AAT0-01	12	98	0	0	45	72	0	0	0	0	0	0	0	0	0	0	0	0	52
TCGA-5L-AAT1-01	48	838	97	0	224	779	0	0	0	0	0	0	0	0	0	0	0	0	0
TCGA-5T-A9QA-01	7	0	11	0	0	0	0	0	0	0	0	0	11	0	0	24	0	0	0
TCGA-A1-A0SB-01	5	0	11	0	0	0	0	0	0	0	0	0	0	0	0	0	0	0	0
TCGA-A1-A0SD-01	12	0	28	0	0	0	0	0	0	0	0	0	0	0	0	0	0	0	0
TCGA-A1-A0SE-01	2	4	20	0	5	0	0	0	0	0	0	0	0	0	5	0	0	0	0
TCGA-A1-A0SF-01	2	31	12	0	0	7	12	0	0	0	0	0	0	0	0	0	0	0	0
TCGA-A1-A0SG-01	8	0	19	0	8	0	0	0	0	0	0	0	0	0	0	0	0	0	0
TCGA-A1-A0SH-01	7	42	31	0	0	37	0	0	0	0	0	0	0	0	0	0	0	0	21
TCGA-A1-A0SI-01	9	91	23	0	22	133	0	0	0	0	0	0	0	0	0	0	0	0	0
TCGA-A1-A0SJ-01	2	5	4	0	0	5	14	0	0	0	0	0	0	0	0	10	0	0	0
TCGA-A1-A0SK-01	22	0	27	0	0	0	0	0	0	0	35	0	0	0	0	0	0	0	0
TCGA-A1-A0SM-01	2	0	20	0	5	0	0	0	0	0	0	0	0	0	0	5	0	0	0
TCGA-A1-A0SN-01	1	6	18	0	10	17	11	0	0	0	0	0	0	0	0	13	0	0	0
TCGA-A1-A0SO-01	20	0	82	0	0	0	0	0	99	43	109	0	0	0	0	0	0	0	0
TCGA-A1-A0SP-01	12	0	18	0	0	0	0	0	0	0	0	0	21	0	0	0	0	0	19
TCGA-A2-A04N-01	10	0	24	0	9	0	0	0	0	10	0	0	0	0	0	0	0	0	0
TCGA-A2-A04R-01	10	0	30	0	0	0	0	0	32	0	30	0	0	0	0	0	0	0	0
TCGA-A2-A04U-01	20	0	20	0	0	0	0	0	0	0	27	0	0	0	0	0	0	0	0
TCGA-A2-A04W-01	11	44	26	0	27	50	0	0	0	0	0	0	0	0	0	0	29	0	0
TCGA-A2-A0CK-01	12	4	11	0	0	0	0	0	0	0	0	0	0	0	0	0	0	0	0
TCGA-A2-A0CL-01	29	71	19	0	0	81	0	0	0	0	0	0	0	0	0	0	0	0	0
TCGA-A2-A0CR-01	10	96	22	0	0	82	0	0	0	0	0	0	0	0	0	0	0	0	0
TCGA-A2-A0CS-01	15	0	33	0	0	0	0	0	0	0	0	0	0	0	0	0	0	0	0
TCGA-A2-A0CV-01	3	0	6	0	5	0	10	0	0	0	0	0	0	0	0	0	0	0	0
TCGA-A2-A0CW-01	11	19	19	0	0	13	0	0	0	0	0	0	0	0	0	22	0	0	0
TCGA-A2-A0D3-01	5	0	0	0	0	0	10	0	0	0	0	0	0	0	0	17	0	0	0
TCGA-A2-A0EN-01	11	0	17	0	0	0	0	0	0	11	0	0	0	0	0	0	0	0	0
TCGA-A2-A0EP-01	1	2	4	0	0	4	0	0	0	0	0	5	0	0	0	0	0	0	0
TCGA-A2-A0ES-01	3	0	12	0	0	0	0	0	0	0	0	0	0	0	0	0	0	0	4
TCGA-A2-A0EW-01	0	0	10	0	0	0	0	0	0	0	0	0	0	0	0	10	0	0	0
TCGA-A2-A0ST-01	10	0	14	0	0	0	0	0	0	0	0	0	0	0	0	0	0	4	0
TCGA-A2-A0SU-01	2	0	8	0	0	0	13	0	0	12	0	0	0	0	0	0	0	0	0
TCGA-A2-A0SX-01	3	0	10	0	0	0	13	0	0	0	0	0	0	0	6	0	0	0	9
TCGA-A2-A0SY-01	14	48	28	0	21	66	0	0	0	0	0	0	0	0	0	0	0	0	0
TCGA-A2-A0T0-01	11	0	88	0	0	0	0	0	0	0	94	0	24	0	0	0	0	0	0
TCGA-A2-A0T1-01	9	0	19	0	4	0	0	0	0	0	0	0	0	0	0	0	0	0	0
TCGA-A2-A0T3-01	3	0	12	0	0	0	0	0	16	0	0	0	0	0	0	13	0	0	0
TCGA-A2-A0T4-01	3	0	9	0	0	0	8	0	0	0	21	0	0	0	0	0	0	0	0
TCGA-A2-A0T5-01	7	0	6	0	0	0	0	0	0	0	0	0	0	0	0	0	0	0	0
TCGA-A2-A0T6-01	13	3	12	0	0	0	0	0	0	0	0	0	0	0	0	0	0	0	0
TCGA-A2-A0T7-01	7	3	10	0	0	0	0	0	0	0	0	0	0	0	0	9	0	0	0
TCGA-A2-A0YC-01	2	4	14	0	0	0	0	0	0	0	0	0	0	0	0	12	0	0	0
TCGA-A2-A0YD-01	13	24	9	0	19	22	0	0	0	0	0	0	0	0	0	0	0	0	0
TCGA-A2-A0YE-01	15	8	13	0	0	0	0	0	0	0	0	0	0	0	7	0	0	0	0
TCGA-A2-A0YF-01	6	0	29	4	0	0	0	0	0	0	0	0	0	0	0	0	0	0	0
TCGA-A2-A0YG-01	16	7	55	0	0	0	0	0	0	0	0	0	0	0	0	0	0	0	0
TCGA-A2-A0YH-01	16	19	18	0	0	30	0	0	0	17	0	0	0	0	0	0	0	0	0
TCGA-A2-A0YI-01	3	0	9	0	0	0	0	0	0	0	0	0	0	0	0	0	0	0	6
TCGA-A2-A0YJ-01	27	0	71	0	0	0	0	0	0	0	0	0	0	0	0	0	0	0	0
TCGA-A2-A0YK-01	18	195	31	0	0	234	0	0	0	0	0	0	0	0	0	0	0	0	0
TCGA-A2-A0YL-01	4	12	6	0	0	11	0	0	0	0	0	0	0	0	0	0	0	0	10
TCGA-A2-A0YM-01	14	18	25	0	0	21	11	0	0	0	0	0	0	0	0	20	0	0	0
TCGA-A2-A0YT-01	11	14	20	0	18	0	18	0	0	0	0	0	0	0	0	0	0	0	0
TCGA-A2-A1FV-01	16	7	19	0	0	0	0	0	0	0	0	0	0	0	0	0	0	0	8
TCGA-A2-A1FW-01	28	0	32	0	0	0	0	0	0	0	0	15	0	0	0	0	0	0	20
TCGA-A2-A1FX-01	2	0	4	3	3	0	6	0	0	0	0	0	0	0	0	5	0	0	5
TCGA-A2-A1FZ-01	8	0	18	0	0	0	0	0	0	0	0	0	0	0	0	0	0	3	0
TCGA-A2-A1G0-01	4	3	6	0	0	0	0	0	0	10	0	0	0	0	0	0	0	0	0
TCGA-A2-A1G1-01	7	3	18	0	0	0	0	0	0	0	11	0	0	0	0	0	0	0	0
TCGA-A2-A1G6-01	1	0	0	0	0	0	3	0	0	0	6	0	0	0	0	0	0	0	0
TCGA-A2-A259-01	5	0	14	0	0	0	0	0	0	0	0	0	0	0	0	0	0	6	4
TCGA-A2-A25A-01	14	52	27	0	0	36	0	0	0	0	0	0	0	0	0	0	0	0	0
TCGA-A2-A25B-01	4	0	53	0	11	0	16	0	0	0	33	0	0	0	0	0	0	0	11
TCGA-A2-A25C-01	0	0	14	0	0	0	0	0	19	0	0	0	0	0	0	0	0	0	6
TCGA-A2-A25D-01	10	5	26	0	0	4	0	0	0	0	0	19	0	0	0	0	0	0	0
TCGA-A2-A25E-01	3	5	9	0	0	0	0	0	0	0	22	15	0	0	0	7	0	0	0
TCGA-A2-A25F-01	0	0	3	0	0	0	0	0	3	0	0	0	0	0	0	0	0	0	0
TCGA-A2-A3KD-01	6	0	8	0	0	0	0	0	0	4	0	0	0	0	0	0	0	0	0
TCGA-A2-A3XT-01	7	4	41	0	0	22	0	0	0	0	48	0	0	0	0	0	0	0	0
TCGA-A2-A3XU-01	5	0	4	0	0	0	0	0	0	0	0	0	8	0	0	14	0	0	0
TCGA-A2-A3XV-01	4	0	22	0	0	0	13	0	0	9	0	0	0	0	0	0	0	0	0
TCGA-A2-A3XW-01	1	0	9	0	3	0	0	0	0	0	0	0	0	0	0	4	0	0	0
TCGA-A2-A3XX-01	8	0	13	0	6	0	10	0	0	0	15	0	0	0	0	0	0	0	0
TCGA-A2-A3XZ-01	10	8	14	0	7	13	0	0	0	0	0	0	0	0	0	0	0	0	0
TCGA-A2-A3Y0-01	18	8	96	0	0	29	0	0	0	0	92	0	0	0	0	0	0	0	0
TCGA-A2-A4S1-01	0	0	20	8	0	0	18	0	0	0	0	0	0	21	0	31	0	0	0
TCGA-A2-A4S2-01	8	6	29	0	0	0	0	0	0	0	0	0	0	0	0	0	0	0	0
TCGA-A2-A4S3-01	20	0	73	0	0	0	0	0	0	0	0	0	0	0	0	0	14	0	0
TCGA-A7-A0CE-01	4	0	21	0	0	0	8	0	0	0	17	0	0	0	0	0	0	0	11
TCGA-A7-A0CH-01	0	0	5	0	0	0	0	0	0	6	0	0	0	0	0	6	0	0	0
TCGA-A7-A0D9-01	3	2	1	0	0	2	0	0	0	0	0	0	0	0	0	0	0	0	4
TCGA-A7-A0DA-01	10	0	57	0	0	0	0	0	32	0	88	0	0	0	0	0	0	0	0
TCGA-A7-A0DB-01	11	10	24	0	0	8	0	0	0	0	0	0	0	0	0	0	0	0	0
TCGA-A7-A13D-01	8	0	46	0	0	0	0	0	0	0	69	0	0	0	0	17	0	0	0
TCGA-A7-A13E-01	42	0	38	0	0	0	0	0	0	0	0	0	0	0	0	0	0	0	0
TCGA-A7-A13F-01	5	0	16	0	7	0	6	0	0	0	0	0	0	0	0	11	0	0	0
TCGA-A7-A13G-01	3	7	13	0	0	0	9	0	0	0	0	0	0	0	0	0	0	0	0
TCGA-A7-A26E-01	18	16	21	0	12	0	0	0	0	0	0	0	0	0	0	0	0	0	0
TCGA-A7-A26F-01	19	0	27	0	0	0	0	0	0	0	0	0	0	0	0	0	0	0	0
TCGA-A7-A26G-01	3	9	31	0	0	0	9	0	0	0	0	0	0	0	0	0	16	0	0
TCGA-A7-A26H-01	17	36	23	0	0	46	0	0	0	0	0	0	0	0	0	28	0	0	0
TCGA-A7-A26I-01	3	5	21	0	0	2	0	0	0	0	0	0	0	0	0	9	0	0	6
TCGA-A7-A26J-01	9	0	17	0	0	0	0	0	0	0	0	0	0	0	0	0	7	9	0
TCGA-A7-A2KD-01	1	5	18	0	0	0	11	0	0	0	0	0	0	0	0	20	0	0	0
TCGA-A7-A3RF-01	8	0	32	0	0	0	0	0	0	0	0	0	0	0	0	0	0	0	0
TCGA-A7-A425-01	14	0	14	0	0	0	0	0	0	0	0	0	0	0	0	0	0	0	5
TCGA-A7-A4SC-01	0	0	16	0	0	0	7	0	0	0	0	0	0	0	0	15	0	0	0
TCGA-A7-A4SD-01	19	0	27	0	0	0	0	0	0	0	0	0	0	0	0	16	0	0	0
TCGA-A7-A4SE-01	8	15	0	0	0	22	0	0	0	0	68	33	0	0	0	0	0	0	0
TCGA-A7-A56D-01	33	65	79	0	0	48	0	0	0	0	0	0	0	0	0	0	0	0	0
TCGA-A7-A5ZV-01	11	0	169	0	0	30	0	0	0	0	0	0	0	0	0	58	0	0	0
TCGA-A7-A5ZW-01	9	5	15	0	0	7	0	0	0	0	0	0	0	0	0	0	0	0	0
TCGA-A7-A5ZX-01	4	0	30	0	8	0	0	0	0	0	0	0	0	0	0	0	0	0	0
TCGA-A7-A6VV-01	17	0	14	0	0	9	0	0	0	24	0	0	0	0	0	0	0	0	0
TCGA-A7-A6VW-01	11	0	48	0	0	0	0	0	0	14	19	0	0	0	0	0	0	0	0
TCGA-A7-A6VX-01	13	30	73	0	0	0	0	0	0	0	0	31	0	0	0	0	30	0	0
TCGA-A7-A6VY-01	4	8	21	0	0	6	0	0	0	0	58	23	0	0	0	16	0	0	0
TCGA-A8-A075-01	13	18	22	0	0	13	0	0	0	20	0	0	0	0	0	0	0	0	14
TCGA-AC-A23C-01	7	35	62	0	0	24	17	0	0	0	0	0	0	0	0	0	0	0	0
TCGA-AC-A23E-01	4	0	8	0	0	0	0	0	0	0	0	0	0	0	0	12	0	0	0
TCGA-AC-A23H-01	147	2625	394	0	0	3212	0	0	0	0	0	0	0	0	0	0	0	0	0
TCGA-AC-A2B8-01	5	46	18	0	0	41	0	0	0	0	0	0	0	0	0	18	0	0	0
TCGA-AC-A2BK-01	0	0	15	0	0	0	30	0	0	0	36	0	0	0	0	29	0	0	0
TCGA-AC-A2BM-01	6	0	5	0	0	0	0	0	0	0	0	15	0	0	0	0	0	0	0
TCGA-AC-A2FB-01	3	4	0	0	0	0	0	0	0	10	0	0	0	0	0	0	0	0	0
TCGA-AC-A2FF-01	2	0	0	0	0	3	0	0	0	0	0	0	0	0	0	0	0	6	0
TCGA-AC-A2FG-01	12	8	19	0	0	0	0	0	0	0	0	0	0	0	0	0	0	0	0
TCGA-AC-A2FK-01	0	0	2	0	0	0	0	0	0	0	0	0	0	0	0	0	0	1	0
TCGA-AC-A2FO-01	5	7	0	0	0	6	0	0	0	0	0	0	0	0	0	0	0	9	0
TCGA-AC-A2QH-01	9	0	9	0	0	0	9	0	0	0	0	0	0	0	0	0	0	0	0
TCGA-AC-A3HN-01	3	0	12	0	0	0	7	0	0	0	0	0	0	0	0	0	0	0	0
TCGA-AC-A3OD-01	4	5	7	2	5	0	6	0	0	10	0	0	0	0	0	0	0	0	0
TCGA-AC-A3QP-01	3	0	23	0	0	0	0	0	9	0	0	0	0	0	0	0	0	0	0
TCGA-AC-A3QQ-01	0	0	8	0	0	0	11	0	0	0	0	0	0	0	0	14	0	3	0
TCGA-AC-A3W5-01	18	23	28	0	0	32	0	0	0	0	78	32	0	0	0	0	0	0	0
TCGA-AC-A3YI-01	1	0	4	0	4	0	4	0	0	0	0	0	0	5	0	0	0	0	0
TCGA-AC-A3YJ-01	10	3	12	0	0	0	0	0	0	8	0	0	0	0	0	0	0	0	5
TCGA-AC-A4ZE-01	16	7	31	0	0	0	0	0	0	0	0	20	0	0	0	0	0	0	0
TCGA-AC-A5EH-01	1	0	164	0	0	0	0	0	0	0	0	0	0	0	0	40	0	0	0
TCGA-AC-A5EI-01	14	11	6	0	0	0	0	0	0	12	0	0	0	0	0	0	0	0	0
TCGA-AC-A5XS-01	10	267	58	0	90	290	0	0	0	0	0	0	0	0	0	0	0	0	0
TCGA-AC-A5XU-01	33	0	41	0	0	0	20	0	0	0	0	0	0	0	0	0	0	19	0
TCGA-AC-A62V-01	18	0	23	0	0	0	38	0	0	0	27	0	0	0	0	0	0	0	0
TCGA-AC-A62X-01	22	0	20	0	0	0	19	0	0	0	0	0	0	0	0	26	0	0	0
TCGA-AC-A62Y-01	18	14	41	0	0	16	0	0	0	0	0	0	0	0	0	0	0	0	0
TCGA-AC-A6IV-01	5	0	10	0	6	0	0	0	0	6	0	0	0	0	0	0	0	0	0
TCGA-AC-A6IW-01	0	31	70	0	0	62	26	0	0	0	0	0	0	0	0	42	0	0	0
TCGA-AC-A6IX-01	12	23	11	0	0	4	0	0	0	0	0	13	0	0	0	0	8	0	0
TCGA-AC-A6NO-01	14	0	8	0	0	0	0	0	0	0	0	15	0	0	0	0	0	0	6
TCGA-AC-A7VB-01	15	0	6	0	0	0	0	0	0	0	0	14	0	0	0	0	0	0	0
TCGA-AC-A7VC-01	9	0	6	0	4	0	0	0	0	0	0	7	0	0	0	0	0	0	0
TCGA-AC-A8OP-01	43	0	45	7	22	0	0	0	0	0	85	0	42	0	0	0	0	0	0
TCGA-AC-A8OQ-01	40	17	50	0	0	0	0	0	0	0	0	30	0	0	0	0	0	0	0
TCGA-AC-A8OR-01	0	0	14	0	0	0	11	0	0	0	0	0	0	0	0	7	0	0	0
TCGA-AC-A8OS-01	7	14	32	0	0	5	0	0	0	0	0	0	0	0	0	21	0	0	0
TCGA-AN-A0XL-01	4	0	22	0	0	0	0	0	0	0	0	0	0	0	0	14	0	0	0
TCGA-AN-A0XN-01	16	0	143	0	0	16	0	0	0	0	0	0	0	0	0	0	0	0	0
TCGA-AN-A0XO-01	5	7	23	0	8	0	0	0	0	0	0	0	0	0	0	0	0	0	0
TCGA-AN-A0XP-01	0	4	13	0	0	3	6	0	0	0	0	0	0	0	0	8	0	0	0
TCGA-AN-A0XR-01	9	5	2	0	0	3	0	0	0	0	0	19	0	0	0	0	0	0	0
TCGA-AN-A0XS-01	6	6	5	0	0	0	0	0	0	0	0	15	0	0	0	0	0	0	0
TCGA-AN-A0XT-01	10	0	3	0	0	0	0	0	0	9	0	0	0	0	0	0	0	0	0
TCGA-AN-A0XU-01	16	0	0	10	0	0	0	0	0	31	80	0	0	0	0	0	0	0	0
TCGA-AN-A0XV-01	4	0	10	0	4	0	11	0	0	0	0	0	0	0	0	0	15	0	0
TCGA-AN-A0XW-01	10	173	5	0	0	235	0	0	0	0	0	0	0	0	0	0	0	0	0
TCGA-AO-A03M-01	32	449	44	0	0	625	0	0	0	0	0	0	0	0	0	0	0	0	0
TCGA-AO-A03N-01	18	36	22	0	0	42	0	0	0	0	0	0	0	0	0	0	0	16	0
TCGA-AO-A03U-01	0	0	2	0	0	1	0	0	0	0	0	0	0	0	1	0	0	1	0
TCGA-AO-A03V-01	11	9	17	0	0	0	0	0	0	0	0	0	0	0	0	0	23	0	12
TCGA-AO-A0JG-01	0	0	11	4	0	0	0	0	0	0	0	0	0	0	0	0	0	0	6
TCGA-AO-A124-01	18	0	83	0	0	0	0	0	0	0	63	0	0	0	14	0	0	0	0
TCGA-AO-A125-01	2	0	7	0	4	0	6	0	0	8	0	0	0	0	0	18	0	0	0
TCGA-AO-A126-01	11	4	10	0	0	0	0	0	0	0	0	0	0	0	0	0	0	0	0
TCGA-AO-A128-01	314	0	186	0	0	0	327	383	0	0	0	0	0	0	0	0	0	0	0
TCGA-AO-A129-01	14	14	29	0	0	17	0	0	30	0	40	0	0	0	0	0	0	0	0
TCGA-AO-A12A-01	1	4	0	0	0	0	6	0	0	0	0	0	0	0	0	8	0	0	0
TCGA-AO-A12B-01	12	0	11	0	0	0	0	0	0	0	0	0	0	0	0	0	0	0	0
TCGA-AO-A12D-01	11	20	5	0	13	10	0	0	0	0	0	0	0	0	0	0	0	0	14
TCGA-AO-A12E-01	12	0	14	0	0	0	0	0	0	0	0	0	0	0	0	0	0	0	7
TCGA-AO-A12F-01	1	0	10	0	0	0	18	0	0	0	0	0	0	0	0	11	0	0	0
TCGA-AO-A12G-01	14	0	23	0	0	0	0	0	0	0	0	0	0	0	0	0	0	5	0
TCGA-AO-A12H-01	10	0	20	0	0	0	0	0	0	0	0	0	0	0	0	0	0	0	0
TCGA-AO-A1KO-01	0	0	7	0	3	0	0	0	0	0	0	0	0	0	0	0	0	0	0
TCGA-AO-A1KR-01	0	0	61	0	0	0	0	0	0	0	0	0	0	0	0	28	0	0	0
TCGA-AO-A1KT-01	5	0	26	0	0	0	6	0	0	0	0	0	0	0	0	14	0	0	0
TCGA-AQ-A04H-01	42	0	39	0	0	0	0	0	0	0	0	0	0	0	0	0	0	0	0
TCGA-AQ-A0Y5-01	24	11	24	0	0	11	0	0	0	0	0	0	0	0	0	0	0	0	0
TCGA-AQ-A1H2-01	13	0	21	0	0	0	0	0	0	0	0	0	0	0	0	0	0	0	0
TCGA-AQ-A1H3-01	19	0	8	0	0	0	0	0	0	0	0	0	0	0	0	0	0	0	0
TCGA-AQ-A54O-01	3	3	6	0	0	0	0	0	0	0	0	0	8	0	0	5	0	0	0
TCGA-AQ-A7U7-01	9	32	16	0	0	29	10	0	0	0	0	0	0	0	0	0	0	0	0
TCGA-AR-A0TP-01	4	0	26	0	0	0	0	0	15	0	26	0	0	0	0	0	0	0	0
TCGA-AR-A0TQ-01	0	12	13	0	0	0	7	0	0	0	0	0	0	0	0	17	0	0	0
TCGA-AR-A0TR-01	0	0	4	0	0	0	0	0	0	0	0	0	11	0	0	21	0	0	6
TCGA-AR-A0TS-01	7	0	28	0	0	0	0	0	0	0	31	0	0	0	0	15	0	0	9
TCGA-AR-A0TT-01	16	9	45	0	0	5	0	0	0	0	0	0	0	0	0	0	0	0	0
TCGA-AR-A0TU-01	14	0	27	0	0	0	0	0	0	0	49	0	0	0	0	0	0	0	0
TCGA-AR-A0TV-01	20	0	59	0	0	0	0	0	0	0	0	0	0	0	0	0	0	0	0
TCGA-AR-A0TW-01	20	0	33	0	0	0	0	0	14	0	0	0	0	0	0	0	0	0	0
TCGA-AR-A0TX-01	19	166	43	0	0	179	0	0	0	0	0	0	0	0	0	0	0	0	0
TCGA-AR-A0TZ-01	12	10	18	0	13	14	0	0	0	0	0	0	0	0	0	0	0	0	0
TCGA-AR-A0U0-01	1	0	21	0	0	0	0	0	0	0	0	0	0	0	0	12	11	5	0
TCGA-AR-A0U1-01	4	0	48	0	0	0	0	0	0	0	57	0	0	0	0	0	0	0	0
TCGA-AR-A0U2-01	10	0	23	0	0	0	23	0	0	0	0	0	0	0	0	0	0	0	0
TCGA-AR-A0U3-01	5	0	2	2	4	0	17	0	0	0	0	0	0	0	0	0	0	0	10
TCGA-AR-A0U4-01	9	18	54	0	0	34	0	0	0	0	86	0	0	0	0	0	0	0	0
TCGA-AR-A1AH-01	5	0	31	8	0	0	21	0	23	0	32	0	0	0	0	0	0	0	0
TCGA-AR-A1AI-01	15	0	24	0	11	16	0	0	0	13	0	0	0	0	0	0	0	0	10
TCGA-AR-A1AJ-01	14	16	15	0	0	8	0	0	0	0	0	0	0	0	0	0	0	0	0
TCGA-AR-A1AK-01	16	18	12	0	0	21	0	0	0	15	0	0	0	0	0	0	0	0	0
TCGA-AR-A1AL-01	5	4	19	0	0	2	0	0	0	0	0	0	0	0	0	0	0	0	0
TCGA-AR-A1AN-01	14	0	7	0	0	0	0	0	0	0	0	0	0	0	0	0	6	4	0
TCGA-AR-A1AO-01	14	14	25	0	0	8	0	0	0	0	61	0	0	0	0	0	0	0	0
TCGA-AR-A1AP-01	18	0	13	0	0	0	0	0	0	0	0	0	0	0	0	0	11	0	9
TCGA-AR-A1AQ-01	3	0	13	0	0	0	0	0	0	0	0	0	13	0	0	12	0	0	0
TCGA-AR-A1AR-01	9	0	31	0	0	0	11	0	0	12	0	0	0	0	0	0	0	0	0
TCGA-AR-A1AS-01	0	10	12	0	5	2	12	0	0	0	0	0	0	0	0	0	0	0	0
TCGA-AR-A1AT-01	0	0	18	0	0	0	0	0	0	0	0	0	0	0	0	14	0	0	0
TCGA-AR-A1AU-01	11	0	6	0	0	0	0	0	0	0	0	0	0	0	0	0	0	4	5
TCGA-AR-A1AV-01	14	0	13	0	0	0	11	0	0	0	0	0	0	0	0	0	0	5	6
TCGA-AR-A1AW-01	0	0	24	0	0	0	8	0	0	0	0	0	0	0	0	9	0	0	0
TCGA-AR-A1AX-01	5	0	14	0	7	0	0	0	0	0	0	0	0	0	0	0	0	0	6
TCGA-AR-A1AY-01	12	10	0	0	0	7	0	0	0	0	0	23	0	0	0	20	0	0	0
TCGA-AR-A24H-01	15	9	22	8	0	15	0	0	0	22	61	0	0	0	0	0	0	0	0
TCGA-AR-A24K-01	7	0	19	0	0	0	0	0	0	0	0	0	8	0	0	0	0	0	0
TCGA-AR-A24L-01	0	0	15	0	0	0	7	0	0	0	31	0	0	0	0	0	0	0	0
TCGA-AR-A24M-01	6	0	15	0	0	0	0	0	0	0	0	0	0	0	4	0	0	0	0
TCGA-AR-A24N-01	6	5	2	0	0	0	12	0	0	0	0	0	0	0	0	13	0	0	9
TCGA-AR-A24O-01	3	0	7	0	0	0	0	0	0	0	0	5	0	0	0	7	0	0	0
TCGA-AR-A24P-01	6	0	7	0	6	0	0	0	0	0	0	0	0	0	0	0	0	0	0
TCGA-AR-A24Q-01	11	22	37	0	0	12	0	0	0	0	100	50	0	0	0	0	0	0	0
TCGA-AR-A24R-01	4	0	2	0	0	0	5	0	0	9	0	0	0	0	0	6	0	0	0
TCGA-AR-A24S-01	17	6	22	0	0	4	0	0	0	0	0	0	0	0	0	0	0	0	8
TCGA-AR-A24T-01	7	0	9	0	0	0	0	0	0	0	0	0	0	0	0	8	0	0	0
TCGA-AR-A24U-01	10	11	13	0	0	10	0	0	0	0	0	0	0	0	0	0	0	0	0
TCGA-AR-A24V-01	2	0	6	0	5	0	6	0	0	0	0	0	0	0	0	9	0	0	0
TCGA-AR-A24W-01	1	0	5	0	0	0	0	0	0	0	0	0	5	0	0	0	0	0	3
TCGA-AR-A24X-01	9	0	19	0	6	0	0	0	0	0	0	0	0	0	0	0	0	0	0
TCGA-AR-A24Z-01	7	0	34	0	0	0	0	0	0	0	0	0	0	0	0	15	0	0	0
TCGA-AR-A250-01	15	16	26	0	16	46	15	0	0	0	0	0	0	0	0	21	0	0	0
TCGA-AR-A251-01	10	7	51	0	0	22	0	0	0	30	85	0	0	0	0	0	0	0	0
TCGA-AR-A252-01	0	0	2	0	0	0	4	0	0	0	0	0	0	0	0	10	0	0	3
TCGA-AR-A254-01	15	0	11	0	6	0	0	0	0	0	0	0	0	0	0	0	0	0	10
TCGA-AR-A255-01	4	13	37	0	0	18	0	0	0	0	0	0	0	0	0	17	0	0	0
TCGA-AR-A256-01	13	17	61	0	0	0	0	0	0	29	104	0	0	0	0	0	0	0	0
TCGA-AR-A2LE-01	9	174	33	0	54	124	0	0	0	0	0	0	0	0	0	0	0	0	0
TCGA-AR-A2LH-01	6	22	0	0	10	9	0	0	0	0	0	0	0	0	0	0	14	0	10
TCGA-AR-A2LK-01	18	5	25	0	0	0	0	0	0	0	0	0	0	0	0	0	0	0	0
TCGA-AR-A2LL-01	18	0	19	0	0	0	0	0	0	0	0	0	0	0	0	0	0	0	0
TCGA-AR-A2LM-01	2	0	11	0	4	0	0	0	0	0	0	0	0	0	0	0	0	0	0
TCGA-AR-A2LN-01	7	15	2	0	9	6	0	0	0	0	0	0	0	0	0	0	0	0	15
TCGA-AR-A2LO-01	6	0	11	0	0	0	0	0	0	0	0	0	0	0	0	0	0	0	0
TCGA-AR-A2LQ-01	3	0	5	0	0	0	0	0	0	5	0	0	0	0	0	0	0	0	0
TCGA-AR-A2LR-01	14	0	56	0	0	0	0	0	0	0	0	0	0	0	0	0	0	0	0
TCGA-AR-A5QM-01	11	0	14	0	0	0	0	0	0	6	0	0	0	0	0	0	0	0	5
TCGA-AR-A5QN-01	3	4	12	0	0	0	14	0	0	0	0	0	0	0	0	16	0	0	0
TCGA-AR-A5QP-01	9	3	22	0	0	0	0	0	0	0	0	0	0	0	0	0	0	0	0
TCGA-AR-A5QQ-01	1	0	36	0	0	0	0	0	0	0	28	13	0	0	0	18	0	0	0
TCGA-B6-A0I1-01	29	0	51	0	0	0	0	0	0	0	0	0	0	0	0	0	0	0	0
TCGA-B6-A0IH-01	5	0	12	0	0	0	17	0	0	0	0	0	0	0	0	0	0	0	7
TCGA-B6-A0RH-01	12	11	0	0	0	5	0	0	0	0	17	0	0	0	0	0	0	0	0
TCGA-B6-A0RL-01	1	11	16	0	0	3	15	0	0	0	0	0	0	0	0	23	0	0	0
TCGA-B6-A0RM-01	15	7	0	0	0	0	0	0	0	0	0	14	0	0	0	0	0	0	0
TCGA-B6-A0RN-01	12	0	15	0	0	0	0	0	0	0	0	0	6	0	0	0	0	0	0
TCGA-B6-A0RO-01	2	0	13	0	9	0	0	0	0	11	0	0	8	0	0	0	0	0	0
TCGA-B6-A0RP-01	0	0	9	0	0	0	6	0	0	8	0	0	0	0	0	7	0	0	0
TCGA-B6-A0RQ-01	10	11	24	0	0	4	0	0	0	0	0	0	0	0	0	0	0	7	0
TCGA-B6-A0RT-01	0	0	28	0	0	0	0	0	0	0	0	0	0	0	0	16	28	0	0
TCGA-B6-A0RU-01	5	0	26	0	10	0	7	0	0	0	0	0	0	10	0	0	0	0	0
TCGA-B6-A0RV-01	11	29	3	0	0	24	0	0	0	0	0	0	0	0	0	0	0	0	0
TCGA-B6-A0WS-01	1	0	17	0	0	0	0	0	0	0	0	0	0	0	0	0	0	0	0
TCGA-B6-A0WT-01	3	0	8	0	5	0	0	0	0	0	0	0	0	0	0	6	0	0	0
TCGA-B6-A0WV-01	5	0	32	0	0	0	0	0	0	0	0	0	0	0	0	0	0	0	0
TCGA-B6-A0WW-01	0	7	17	0	0	3	0	0	0	0	0	0	0	0	0	20	0	0	0
TCGA-B6-A0WX-01	13	0	21	0	0	0	0	0	11	0	0	0	0	0	0	0	0	0	0
TCGA-B6-A0WY-01	3	4	9	0	4	3	12	0	0	0	0	0	0	0	0	0	0	0	0
TCGA-B6-A0WZ-01	5	47	21	0	0	22	0	0	0	0	0	0	0	0	0	0	0	0	0
TCGA-B6-A0X0-01	0	0	15	0	0	0	0	0	0	0	0	0	0	0	0	10	0	0	0
TCGA-B6-A0X1-01	0	4	43	0	8	13	0	0	0	11	0	0	0	0	0	13	0	0	0
TCGA-B6-A0X4-01	0	0	1	2	8	0	0	0	0	0	0	0	0	0	0	11	0	0	0
TCGA-B6-A0X5-01	3	0	20	4	14	0	0	0	0	0	0	0	0	0	7	0	0	0	0
TCGA-B6-A0X7-01	7	4	6	0	0	0	0	0	0	0	0	6	0	0	0	0	0	0	0
TCGA-B6-A1KN-01	12	0	33	6	0	0	0	0	0	0	0	0	10	0	0	0	0	0	11
TCGA-B6-A2IU-01	5	10	17	0	11	0	11	0	0	0	0	0	0	0	0	0	0	0	0
TCGA-B6-A401-01	5	0	7	0	0	0	8	0	0	8	0	0	0	0	0	0	0	0	0
TCGA-B6-A409-01	17	0	39	0	0	0	0	0	0	0	0	0	0	0	0	0	0	0	0
TCGA-B6-A40B-01	0	10	18	0	0	5	9	0	0	0	0	0	0	0	0	13	0	0	11
TCGA-B6-A40C-01	26	0	28	0	0	0	0	0	0	0	0	0	0	0	0	0	0	0	0
TCGA-BH-A0AU-01	7	0	4	0	0	0	0	0	7	0	0	0	0	0	0	0	5	0	0
TCGA-BH-A0AV-01	3	3	30	0	0	9	0	0	0	23	19	0	0	0	0	0	0	0	0
TCGA-BH-A0AY-01	11	4	19	0	7	0	0	0	0	0	0	0	0	0	5	0	0	0	0
TCGA-BH-A0AZ-01	3	13	37	0	0	0	0	0	0	0	0	0	0	0	0	0	17	0	0
TCGA-BH-A0B0-01	6	46	3	0	21	23	0	0	0	0	0	0	0	0	0	0	0	0	0
TCGA-BH-A0B3-01	1	0	2	0	0	0	3	0	6	0	0	0	0	0	0	6	0	0	0
TCGA-BH-A0B6-01	51	557	159	0	0	523	0	0	0	0	0	0	0	0	0	0	0	0	0
TCGA-BH-A0B7-01	1	2	8	0	7	6	7	0	0	0	0	0	0	0	0	11	0	0	0
TCGA-BH-A0B8-01	4	0	11	0	0	0	0	0	0	0	0	12	0	0	0	0	0	7	0
TCGA-BH-A0BA-01	5	4	18	0	0	2	0	0	0	0	0	0	0	0	0	0	0	0	0
TCGA-BH-A0BC-01	13	8	21	0	0	3	0	0	0	0	0	0	0	0	0	0	0	0	0
TCGA-BH-A0BF-01	7	0	20	0	0	6	0	0	0	0	0	0	0	0	0	0	0	0	0
TCGA-BH-A0BG-01	3	5	0	0	0	0	6	0	0	11	20	0	0	0	0	0	0	0	0
TCGA-BH-A0BJ-01	2	0	9	0	0	0	0	0	6	0	0	0	0	0	0	0	0	0	0
TCGA-BH-A0BL-01	12	0	16	0	0	0	0	0	17	0	24	0	0	0	0	0	0	0	0
TCGA-BH-A0BM-01	1	2	8	0	0	0	0	0	0	4	0	0	0	0	4	0	0	0	0
TCGA-BH-A0BO-01	5	0	19	0	0	0	0	0	0	0	0	0	0	0	0	0	7	0	0
TCGA-BH-A0BP-01	34	18	36	0	20	35	0	0	0	0	0	31	0	0	0	0	0	0	22
TCGA-BH-A0BQ-01	2	0	12	0	0	0	6	0	0	0	0	0	0	0	0	10	0	0	0
TCGA-BH-A0BS-01	3	0	20	0	0	0	0	0	0	0	0	0	0	0	0	0	0	0	0
TCGA-BH-A0BT-01	0	4	19	0	0	0	12	0	0	0	0	0	0	0	0	13	0	0	0
TCGA-BH-A0BV-01	4	0	6	0	0	0	0	0	0	6	0	0	0	0	0	0	0	0	8
TCGA-BH-A0BW-01	14	0	89	0	0	0	0	0	0	0	0	0	0	0	0	0	0	0	0
TCGA-BH-A0BZ-01	19	0	69	0	0	0	0	0	0	0	155	53	0	0	0	0	0	0	0
TCGA-BH-A0C0-01	6	0	32	0	0	0	0	0	0	0	0	0	10	0	0	0	0	0	0
TCGA-BH-A0C1-01	7	7	6	0	0	0	20	0	0	10	0	0	0	0	0	0	0	0	0
TCGA-BH-A0C3-01	6	0	12	0	0	0	0	0	0	0	0	0	0	0	0	0	0	0	0
TCGA-BH-A0C7-01	19	0	39	0	0	0	0	0	0	0	0	0	0	0	0	0	0	0	0
TCGA-BH-A0DD-01	11	4	10	0	0	3	9	0	0	0	0	0	0	0	0	0	0	0	0
TCGA-BH-A0DE-01	5	0	13	0	0	0	0	0	0	15	0	0	0	0	0	0	0	0	0
TCGA-BH-A0DG-01	3	4	6	0	12	9	0	0	0	0	0	13	0	0	0	0	0	0	0
TCGA-BH-A0DH-01	18	11	16	0	0	0	0	0	0	0	0	0	0	0	0	0	0	0	7
TCGA-BH-A0DI-01	14	12	14	0	0	14	0	0	0	0	0	0	0	0	0	0	0	0	8
TCGA-BH-A0DK-01	11	0	32	0	0	0	0	0	0	0	0	0	0	0	10	0	0	0	0
TCGA-BH-A0DL-01	2	13	0	0	0	0	21	0	0	0	0	0	0	0	0	19	10	0	0
TCGA-BH-A0DO-01	2	0	17	0	5	0	6	0	0	0	0	0	0	0	0	0	0	0	0
TCGA-BH-A0DP-01	0	4	9	0	0	0	0	0	0	0	0	0	0	0	0	6	0	0	0
TCGA-BH-A0DQ-01	4	0	0	0	0	0	0	0	0	0	0	16	0	0	0	15	0	0	0
TCGA-BH-A0DT-01	5	3	7	0	0	0	0	0	0	0	0	0	0	0	0	0	0	0	0
TCGA-BH-A0DV-01	0	3	6	0	0	0	0	0	0	6	0	0	0	0	0	0	0	0	0
TCGA-BH-A0DX-01	16	31	13	0	0	17	0	0	0	0	0	0	0	0	0	0	0	0	0
TCGA-BH-A0DZ-01	5	79	7	0	24	102	0	0	0	0	0	0	0	0	0	0	0	0	0
TCGA-BH-A0E0-01	7	0	6	0	0	0	0	0	0	0	0	0	0	0	0	11	0	0	0
TCGA-BH-A0E1-01	8	2	0	0	4	5	0	0	0	0	0	0	0	0	0	0	0	0	0
TCGA-BH-A0E9-01	2	0	7	0	0	0	9	0	0	0	0	0	0	0	0	10	0	0	0
TCGA-BH-A0EA-01	2	0	18	0	3	0	9	0	0	0	0	0	0	0	0	0	0	0	0
TCGA-BH-A0EI-01	3	0	8	0	0	0	3	0	0	0	0	0	0	0	0	7	0	3	0
TCGA-BH-A0H3-01	4	0	9	0	0	0	0	0	0	0	0	0	0	0	0	0	0	0	4
TCGA-BH-A0H5-01	2	66	15	0	25	61	0	0	0	0	0	0	0	0	0	0	0	0	0
TCGA-BH-A0H7-01	7	1	5	0	0	4	0	0	0	0	0	0	0	0	0	0	0	0	0
TCGA-BH-A0H9-01	3	3	12	0	0	0	0	0	0	0	0	0	0	0	0	0	0	0	5
TCGA-BH-A0HA-01	88	0	93	0	0	0	94	107	0	0	0	0	0	0	0	0	0	0	0
TCGA-BH-A0HI-01	5	5	14	0	0	0	0	0	0	0	0	0	0	0	0	11	0	0	0
TCGA-BH-A0HK-01	7	22	9	0	7	9	9	0	0	0	0	0	0	0	0	0	0	0	0
TCGA-BH-A0HN-01	6	3	9	0	5	0	0	0	0	0	0	0	0	0	0	11	0	0	0
TCGA-BH-A0HP-01	17	137	14	0	0	155	0	0	0	0	0	0	0	0	0	0	0	34	0
TCGA-BH-A0RX-01	11	0	12	0	5	0	0	0	0	0	0	0	0	0	0	21	0	0	0
TCGA-BH-A0W3-01	0	0	14	0	0	0	0	0	0	0	0	0	0	0	0	9	0	0	0
TCGA-BH-A0W4-01	7	4	12	0	8	3	0	0	0	0	0	0	0	0	0	0	0	0	5
TCGA-BH-A0W5-01	8	0	21	0	0	0	0	0	0	0	0	0	0	0	0	0	0	0	0
TCGA-BH-A0W7-01	8	111	24	0	0	118	0	0	0	0	0	0	0	0	0	0	0	0	0
TCGA-BH-A0WA-01	7	0	53	0	0	0	0	0	0	0	38	0	0	0	0	0	0	15	0
TCGA-BH-A18F-01	16	16	24	0	11	0	0	0	0	0	0	0	0	0	0	0	0	0	0
TCGA-BH-A18G-01	285	0	33	0	0	0	409	470	0	0	0	0	471	0	0	0	0	0	0
TCGA-BH-A18H-01	5	6	19	0	0	5	0	0	0	0	0	13	0	0	0	0	0	0	6
TCGA-BH-A18I-01	5	0	7	0	5	0	8	0	0	0	0	0	0	0	0	6	0	0	0
TCGA-BH-A18J-01	7	51	20	0	0	33	0	0	0	0	0	0	0	0	0	0	0	0	0
TCGA-BH-A18K-01	4	13	28	0	0	12	0	0	0	0	0	0	0	0	0	0	0	0	11
TCGA-BH-A18L-01	11	0	26	0	0	0	14	0	0	0	0	0	0	0	0	14	0	0	0
TCGA-BH-A18M-01	1	2	3	0	0	2	0	0	0	0	0	0	0	0	0	10	0	0	0
TCGA-BH-A18N-01	11	0	13	0	0	0	9	10	0	0	0	0	0	0	0	0	0	0	0
TCGA-BH-A18P-01	21	182	27	0	46	162	0	0	0	0	0	0	0	0	0	0	0	0	0
TCGA-BH-A18Q-01	4	0	78	0	0	0	0	0	25	0	0	0	0	0	0	0	0	0	0
TCGA-BH-A18R-01	4	0	38	0	0	0	0	0	0	0	0	0	0	0	0	0	0	0	0
TCGA-BH-A18S-01	2	0	27	0	0	0	8	0	0	0	0	0	0	0	0	0	0	0	0
TCGA-BH-A18T-01	0	0	8	0	0	0	0	0	0	0	52	21	0	0	0	21	0	0	0
TCGA-BH-A18U-01	15	48	62	0	0	29	0	0	0	0	0	0	0	0	0	24	0	0	0
TCGA-BH-A18V-01	4	32	38	0	0	55	0	0	0	0	121	0	0	0	0	0	0	0	0
TCGA-BH-A1EO-01	28	7	15	0	0	0	0	0	0	0	0	0	0	0	0	0	0	0	0
TCGA-BH-A1ET-01	2	0	18	0	0	0	5	0	0	0	0	0	0	0	0	8	0	0	0
TCGA-BH-A1EU-01	7	0	10	0	0	0	0	6	0	0	0	0	0	7	0	0	0	4	0
TCGA-BH-A1EV-01	8	28	27	0	15	31	0	0	0	0	0	0	0	0	0	20	0	0	0
TCGA-BH-A1EW-01	2	0	8	0	3	0	0	0	0	0	0	0	0	0	0	0	0	4	4
TCGA-BH-A1EX-01	8	0	19	0	8	0	0	0	0	0	0	0	0	0	0	0	0	0	0
TCGA-BH-A1EY-01	7	4	18	0	7	11	0	0	0	0	0	0	0	0	0	8	0	0	0
TCGA-BH-A1F0-01	9	0	66	0	0	20	0	0	0	0	0	0	0	0	0	0	0	0	0
TCGA-BH-A1F2-01	4	9	14	0	0	7	11	0	0	0	0	0	0	0	0	26	0	0	0
TCGA-BH-A1F5-01	4	4	19	0	0	0	0	0	0	0	0	0	0	0	0	17	0	0	0
TCGA-BH-A1F6-01	1	0	21	0	0	0	13	0	0	0	0	0	0	0	0	18	0	0	0
TCGA-BH-A1F8-01	8	75	36	0	0	49	0	0	0	0	0	0	0	0	0	24	0	0	0
TCGA-BH-A1FC-01	26	17	40	0	0	19	0	0	0	0	28	0	0	0	0	0	0	0	0
TCGA-BH-A1FE-01	3	4	8	0	4	0	0	0	0	7	0	0	0	0	0	0	0	0	0
TCGA-BH-A1FG-01	8	0	0	0	0	0	0	0	0	0	0	0	13	0	0	0	0	0	0
TCGA-BH-A1FH-01	15	0	5	0	0	0	0	0	0	0	0	0	0	0	0	0	0	6	7
TCGA-BH-A1FJ-01	16	0	5	0	0	0	0	0	0	17	0	0	0	0	0	0	0	7	0
TCGA-BH-A1FL-01	4	0	0	0	4	0	7	0	0	11	0	0	0	0	0	0	0	0	0
TCGA-BH-A1FM-01	18	10	16	0	9	9	0	0	0	0	0	0	0	0	0	0	0	0	0
TCGA-BH-A1FN-01	7	37	53	0	0	49	0	0	0	0	0	0	0	0	0	0	0	0	0
TCGA-BH-A1FR-01	4	0	6	0	0	0	0	0	0	0	7	0	0	0	0	0	0	0	0
TCGA-BH-A1FU-01	7	0	74	0	10	16	11	0	0	0	0	0	0	0	0	0	0	0	0
TCGA-BH-A201-01	2	0	12	2	4	0	0	0	0	0	0	0	7	0	0	0	0	0	0
TCGA-BH-A202-01	8	0	17	3	0	0	0	0	0	0	0	0	0	0	0	0	0	0	0
TCGA-BH-A203-01	33	11	34	0	10	11	0	0	0	0	0	0	0	0	0	0	0	0	0
TCGA-BH-A204-01	12	0	27	0	0	0	0	0	0	13	0	0	0	0	0	0	0	0	0
TCGA-BH-A208-01	4	16	25	0	0	19	0	0	0	0	0	0	0	0	0	18	0	0	0
TCGA-BH-A209-01	4	34	14	0	10	57	0	0	0	0	0	0	0	0	0	0	0	0	0
TCGA-BH-A28Q-01	2	0	5	0	0	0	10	0	0	0	0	0	0	0	0	9	0	0	0
TCGA-BH-A2L8-01	25	296	29	0	0	278	0	0	0	0	0	0	0	0	0	0	0	0	0
TCGA-BH-A42U-01	4	11	0	0	5	4	0	0	0	0	0	0	0	0	0	0	0	0	8
TCGA-BH-A42V-01	2	21	5	0	0	14	0	0	0	0	0	0	0	0	0	13	0	0	0
TCGA-BH-A5IZ-01	17	0	26	0	0	0	0	0	0	0	37	0	0	0	0	0	0	0	16
TCGA-BH-A5J0-01	13	36	22	0	16	15	0	0	0	0	0	0	0	0	0	0	0	0	0
TCGA-BH-A6R8-01	14	0	7	0	0	0	0	0	0	0	11	0	0	0	0	0	0	5	0
TCGA-BH-A6R9-01	5	0	0	0	0	0	0	0	0	0	15	0	0	0	0	0	0	0	5
TCGA-BH-A8FY-01	2	0	21	0	0	5	11	0	0	0	0	0	0	0	0	0	0	5	12
TCGA-BH-A8FZ-01	6	8	16	0	0	0	17	0	0	0	44	0	0	0	0	0	0	0	0
TCGA-BH-A8G0-01	2	0	5	0	2	0	0	0	0	0	0	0	0	0	0	8	0	0	0
TCGA-BH-AB28-01	7	4	17	0	0	0	15	0	0	0	0	0	0	0	0	0	0	0	0
TCGA-C8-A12K-01	12	17	3	0	0	42	0	0	0	35	64	0	0	0	0	0	0	0	0
TCGA-C8-A12L-01	13	0	0	0	0	0	0	0	0	0	42	34	0	0	0	0	0	0	0
TCGA-C8-A12M-01	10	0	22	0	11	0	14	0	0	0	0	0	0	0	0	15	0	0	10
TCGA-C8-A12N-01	10	0	13	0	0	4	0	0	0	0	0	0	0	0	0	0	0	0	0
TCGA-C8-A12O-01	14	0	19	0	0	0	0	0	0	0	0	0	0	0	0	16	0	0	0
TCGA-C8-A12P-01	15	54	50	0	0	57	0	0	0	0	0	0	0	0	0	26	0	0	0
TCGA-C8-A12Q-01	7	39	32	0	21	40	0	0	0	0	0	0	0	0	0	0	0	0	0
TCGA-C8-A12T-01	19	75	26	0	0	94	0	0	0	0	0	0	0	0	0	0	0	0	0
TCGA-C8-A12U-01	6	0	14	0	0	0	0	0	0	0	0	13	0	0	0	28	0	0	0
TCGA-C8-A12V-01	6	0	19	0	0	0	0	0	0	0	15	0	12	0	0	0	0	0	0
TCGA-C8-A12W-01	24	0	23	0	0	0	0	0	0	0	0	0	0	0	0	30	0	0	0
TCGA-C8-A12X-01	2	0	23	0	0	0	12	0	0	0	0	0	0	0	0	28	0	0	0
TCGA-C8-A12Y-01	11	0	15	0	0	0	20	0	0	0	0	0	0	0	0	0	0	0	0
TCGA-C8-A12Z-01	6	9	7	0	0	11	6	0	0	0	0	0	0	0	0	13	0	0	9
TCGA-C8-A130-01	24	0	23	0	7	0	0	0	0	0	0	0	0	0	0	0	0	0	0
TCGA-C8-A131-01	3	6	35	0	12	0	18	0	0	0	0	0	0	0	0	0	0	0	0
TCGA-C8-A132-01	11	10	41	0	0	22	0	0	0	0	0	0	0	0	0	0	0	0	0
TCGA-C8-A133-01	1	4	14	0	0	0	0	0	0	0	0	0	7	0	0	0	0	0	7
TCGA-C8-A134-01	1	0	27	8	0	0	0	0	0	0	43	18	0	0	0	20	0	0	0
TCGA-C8-A135-01	25	0	34	0	0	0	18	0	0	0	0	0	0	0	0	0	0	0	0
TCGA-C8-A137-01	13	12	7	0	13	17	0	0	0	0	0	0	0	0	0	0	0	0	0
TCGA-C8-A138-01	15	0	19	5	0	0	0	0	0	0	0	0	0	0	0	0	0	0	13
TCGA-C8-A1HE-01	6	18	22	0	0	8	0	0	0	0	0	0	0	0	0	0	0	0	0
TCGA-C8-A1HF-01	6	7	21	0	0	5	0	0	0	0	0	0	0	0	0	0	0	0	0
TCGA-C8-A1HG-01	8	0	30	0	0	0	12	0	0	0	0	0	0	0	0	19	0	0	0
TCGA-C8-A1HI-01	24	9	12	0	0	9	0	0	0	0	0	18	0	0	0	0	0	0	0
TCGA-C8-A1HJ-01	8	0	28	0	0	0	0	0	22	0	66	0	0	0	0	0	0	0	0
TCGA-C8-A1HK-01	4	5	21	0	9	25	9	0	0	0	0	0	0	0	0	0	0	0	0
TCGA-C8-A1HL-01	2	0	9	0	0	0	13	0	0	13	0	0	0	0	0	0	0	0	0
TCGA-C8-A1HM-01	28	122	79	0	0	219	0	0	0	0	0	0	0	0	0	0	0	0	0
TCGA-C8-A1HN-01	22	0	36	0	0	0	0	0	0	0	0	12	0	0	0	0	0	0	0
TCGA-C8-A1HO-01	4	9	2	0	0	5	0	0	0	0	0	15	0	0	0	14	0	0	0
TCGA-C8-A26V-01	12	20	32	0	0	32	0	0	0	0	0	0	0	0	0	0	0	0	0
TCGA-C8-A26W-01	7	15	22	0	11	14	0	0	0	0	0	0	0	0	0	0	0	0	0
TCGA-C8-A26X-01	5	0	45	0	0	0	0	0	0	0	0	0	0	0	0	25	0	0	0
TCGA-C8-A26Y-01	30	342	169	0	0	375	0	0	0	0	0	0	0	0	0	0	0	0	0
TCGA-C8-A26Z-01	6	0	10	0	0	0	12	0	0	0	0	0	0	0	0	14	0	0	7
TCGA-C8-A273-01	10	0	5	0	0	0	0	0	0	0	0	9	0	0	0	0	0	0	0
TCGA-C8-A274-01	21	118	51	0	0	91	0	0	0	0	0	0	0	0	0	0	0	0	0
TCGA-C8-A275-01	10	34	9	0	13	57	0	0	0	0	0	0	0	0	0	0	0	0	19
TCGA-C8-A278-01	13	7	15	0	0	5	0	0	0	0	13	0	0	0	0	0	0	0	0
TCGA-C8-A27A-01	8	5	14	4	6	3	0	0	0	0	0	0	0	0	0	0	0	0	0
TCGA-C8-A27B-01	6	13	27	0	0	57	0	0	0	0	59	0	0	0	0	0	0	0	0
TCGA-C8-A3M7-01	23	92	35	0	29	42	0	0	0	0	0	0	0	0	0	0	0	0	0
TCGA-C8-A3M8-01	13	0	14	0	0	0	0	0	0	17	0	0	0	0	0	0	18	0	0
TCGA-C8-A8HP-01	14	96	21	0	35	107	0	0	0	0	0	0	0	0	0	0	0	0	0
TCGA-C8-A8HQ-01	30	151	4	0	46	141	0	0	0	0	0	0	0	0	0	0	0	0	0
TCGA-C8-A8HR-01	8	0	36	0	0	0	0	0	0	0	0	0	0	0	0	10	0	0	6
TCGA-C8-A9FZ-01	3	0	4	0	0	0	12	0	0	0	0	0	0	0	0	10	0	0	0
TCGA-D8-A13Y-01	12	11	30	0	0	4	0	0	0	0	0	0	0	0	0	0	13	0	12
TCGA-D8-A13Z-01	3	0	13	0	0	0	10	0	0	0	52	0	0	0	0	25	0	0	0
TCGA-D8-A140-01	20	23	53	0	0	0	26	0	0	0	0	0	0	0	0	0	0	0	12
TCGA-D8-A141-01	1	0	9	0	0	0	0	0	0	0	0	0	0	0	0	11	0	0	0
TCGA-D8-A142-01	44	0	67	0	0	0	0	0	0	0	55	0	0	0	0	0	0	0	0
TCGA-D8-A143-01	15	0	17	0	0	0	0	0	0	0	21	0	0	0	0	0	0	0	8
TCGA-D8-A145-01	3	0	21	0	0	0	11	0	0	0	0	0	0	0	0	12	0	0	0
TCGA-D8-A146-01	11	5	18	0	7	0	0	0	0	0	0	0	0	0	0	0	0	0	0
TCGA-D8-A147-01	10	18	36	0	0	38	0	0	0	0	80	0	0	0	0	0	0	0	18
TCGA-D8-A1J8-01	44	243	190	0	75	268	141	0	0	0	0	0	0	0	0	0	0	0	0
TCGA-D8-A1J9-01	7	104	14	0	40	113	0	0	0	0	0	0	0	0	0	0	0	0	0
TCGA-D8-A1JB-01	3	0	36	0	0	0	0	0	0	0	0	13	0	0	0	11	0	0	0
TCGA-D8-A1JC-01	16	32	26	0	13	35	0	0	0	0	0	0	0	0	0	0	0	0	0
TCGA-D8-A1JD-01	11	10	16	0	0	10	0	0	0	0	42	33	0	0	0	0	0	0	0
TCGA-D8-A1JE-01	13	0	17	0	0	0	0	0	0	0	0	10	0	0	0	0	0	0	0
TCGA-D8-A1JF-01	13	0	18	0	0	0	0	0	0	0	0	18	0	0	0	0	0	0	0
TCGA-D8-A1JG-01	32	0	46	32	36	0	0	0	0	0	0	23	0	0	0	0	0	0	0
TCGA-D8-A1JH-01	3	0	21	0	0	0	0	0	0	0	0	0	0	0	0	0	0	0	0
TCGA-D8-A1JI-01	7	0	14	0	0	0	0	0	0	0	0	16	0	0	0	0	0	5	0
TCGA-D8-A1JJ-01	14	27	41	0	0	16	0	0	0	0	0	0	0	0	0	0	0	0	0
TCGA-D8-A1JK-01	11	0	238	0	0	0	0	0	0	0	0	0	0	0	0	0	0	0	0
TCGA-D8-A1JL-01	10	0	56	0	0	0	0	0	0	14	47	0	0	0	0	0	0	0	0
TCGA-D8-A1JM-01	5	0	19	0	0	0	0	0	13	0	0	0	0	0	0	16	0	0	0
TCGA-D8-A1JN-01	15	82	17	0	39	55	0	0	0	0	0	0	0	0	0	0	0	0	0
TCGA-D8-A1JP-01	0	0	114	0	0	0	0	0	0	0	0	0	0	0	0	0	21	0	0
TCGA-D8-A1JS-01	8	0	13	0	0	0	0	0	0	0	0	0	0	0	0	0	0	0	8
TCGA-D8-A1JT-01	12	0	17	0	0	0	0	0	0	12	0	0	0	0	0	0	0	0	0
TCGA-D8-A1JU-01	7	0	9	0	0	0	0	4	0	0	0	0	0	0	0	0	0	0	0
TCGA-D8-A1X5-01	16	0	27	6	0	0	0	0	17	0	0	0	0	0	0	0	0	0	0
TCGA-D8-A1X6-01	1	0	12	0	0	0	12	0	0	0	0	0	0	0	0	17	0	0	0
TCGA-D8-A1X7-01	8	0	12	0	0	0	0	0	0	0	0	0	0	0	0	0	0	4	8
TCGA-D8-A1X9-01	8	0	33	0	0	0	0	0	27	0	0	20	0	0	14	0	0	0	0
TCGA-D8-A1XA-01	3	0	9	0	0	0	0	0	0	0	0	0	0	0	4	9	0	3	0
TCGA-D8-A1XB-01	10	6	23	0	0	0	11	0	0	0	0	0	0	0	0	0	0	0	0
TCGA-D8-A1XC-01	0	0	10	0	0	0	7	0	0	0	0	0	0	0	0	13	0	4	0
TCGA-D8-A1XF-01	15	0	12	0	12	0	12	0	0	0	0	0	0	0	0	0	0	0	0
TCGA-D8-A1XG-01	3	0	9	0	0	0	0	0	0	0	0	15	0	0	0	0	0	0	0
TCGA-D8-A1XK-01	95	0	6	0	0	0	177	1022	0	0	0	0	0	0	0	0	0	0	0
TCGA-D8-A1XL-01	9	0	43	0	0	0	0	0	22	0	36	0	0	0	0	0	0	0	0
TCGA-D8-A1XM-01	15	15	12	0	14	8	0	0	0	0	0	0	0	0	0	0	0	0	0
TCGA-D8-A1XO-01	6	6	12	0	0	5	0	0	0	0	0	0	0	0	0	0	0	0	0
TCGA-D8-A1XQ-01	239	0	204	0	0	0	0	315	0	0	0	273	0	0	0	0	0	0	0
TCGA-D8-A1XR-01	2	0	14	0	0	0	13	0	0	0	0	0	0	0	0	0	0	3	0
TCGA-D8-A1XS-01	4	4	4	0	8	0	6	0	0	0	0	0	0	0	0	0	0	0	0
TCGA-D8-A1XT-01	0	0	13	0	0	0	9	0	0	0	0	0	0	0	0	18	0	5	0
TCGA-D8-A1XU-01	2	8	12	0	0	2	0	0	0	0	0	0	0	0	0	7	0	0	4
TCGA-D8-A1XV-01	10	0	13	0	0	0	0	0	0	0	0	0	0	0	0	13	0	0	0
TCGA-D8-A1XW-01	13	0	52	0	0	0	0	0	0	0	57	0	0	0	0	0	0	0	0
TCGA-D8-A1XY-01	11	6	13	0	0	0	12	0	0	0	0	0	0	0	0	17	0	0	0
TCGA-D8-A1XZ-01	38	0	25	0	0	11	0	0	0	0	0	22	0	0	0	0	0	0	0
TCGA-D8-A1Y0-01	4	5	26	0	0	12	0	0	0	0	0	17	0	0	0	17	0	0	0
TCGA-D8-A1Y1-01	152	19	62	0	0	0	0	0	0	0	0	0	0	0	0	0	0	0	0
TCGA-D8-A1Y2-01	8	8	3	0	0	3	0	0	0	0	0	0	0	0	0	0	0	0	0
TCGA-D8-A1Y3-01	16	0	20	0	0	0	0	0	0	12	0	0	0	0	0	19	0	0	0
TCGA-D8-A27E-01	0	0	5	0	0	0	0	0	0	0	0	0	0	0	0	4	0	2	0
TCGA-D8-A27F-01	6	0	52	0	0	12	0	0	0	0	0	0	0	0	0	0	0	0	0
TCGA-D8-A27G-01	34	533	102	0	0	507	0	0	0	0	0	0	0	0	0	0	0	0	0
TCGA-D8-A27H-01	10	16	9	0	0	32	0	0	0	0	93	0	0	0	0	0	0	0	0
TCGA-D8-A27I-01	9	4	20	0	0	3	0	0	0	0	0	0	0	0	0	0	0	0	0
TCGA-D8-A27K-01	3	0	11	0	0	0	0	0	0	0	0	0	0	0	0	7	0	0	0
TCGA-D8-A27L-01	7	12	8	0	7	0	0	0	0	0	0	0	0	0	0	0	12	0	7
TCGA-D8-A27M-01	5	0	0	0	8	0	0	0	26	0	51	0	0	0	0	0	0	0	0
TCGA-D8-A27N-01	22	0	26	0	0	0	0	0	12	0	0	0	0	0	0	0	0	0	0
TCGA-D8-A27P-01	1	0	16	0	0	0	13	0	0	0	0	0	0	0	0	0	0	0	0
TCGA-D8-A27R-01	2	0	0	0	5	0	5	0	0	9	14	0	0	0	0	0	0	0	0
TCGA-D8-A27T-01	5	4	8	0	0	0	7	0	0	0	0	0	0	0	0	7	0	0	0
TCGA-D8-A27V-01	10	67	12	0	27	93	0	0	0	0	0	0	0	0	0	0	0	0	26
TCGA-D8-A27W-01	24	0	21	0	0	0	10	0	0	0	0	0	0	0	0	0	0	0	0
TCGA-D8-A3Z6-01	1	5	11	0	0	0	9	0	0	0	0	0	0	0	0	11	0	0	0
TCGA-D8-A4Z1-01	3	22	6	0	7	8	0	0	0	0	0	0	0	0	0	0	0	0	0
TCGA-D8-A73U-01	17	104	42	0	0	44	0	0	0	0	0	0	0	0	0	0	0	0	0
TCGA-D8-A73W-01	11	0	25	0	0	0	16	0	0	0	0	0	0	0	0	0	0	0	0
TCGA-D8-A73X-01	17	5	30	0	0	0	0	0	0	0	0	0	0	0	0	0	0	0	0
TCGA-E2-A105-01	5	6	13	0	0	0	9	0	0	15	0	0	0	0	0	19	0	0	0
TCGA-E2-A107-01	11	6	19	0	0	0	0	0	0	0	0	0	0	0	0	0	0	0	0
TCGA-E2-A108-01	9	57	47	0	0	73	0	0	0	0	0	0	0	0	0	0	0	0	0
TCGA-E2-A109-01	0	0	26	0	0	0	14	0	19	0	0	0	0	0	0	25	0	0	0
TCGA-E2-A10A-01	0	6	10	0	0	3	9	0	0	0	0	0	0	0	0	0	0	0	0
TCGA-E2-A10B-01	9	16	35	0	0	13	0	0	0	0	0	0	0	0	0	0	0	0	0
TCGA-E2-A10C-01	12	245	7	0	53	202	0	0	0	0	0	0	0	0	0	0	0	0	0
TCGA-E2-A10F-01	10	3	10	0	0	0	0	0	0	0	0	0	0	0	3	0	0	0	4
TCGA-E2-A14N-01	10	8	74	0	0	17	0	0	0	0	0	0	0	0	0	0	0	0	0
TCGA-E2-A14O-01	6	0	4	0	9	0	0	0	0	0	0	0	0	0	0	17	0	0	0
TCGA-E2-A14P-01	26	19	43	0	13	11	0	0	0	0	0	0	0	0	0	0	0	0	0
TCGA-E2-A14Q-01	4	3	16	0	0	0	0	0	0	0	0	0	0	0	0	17	0	0	0
TCGA-E2-A14R-01	4	0	27	0	0	0	0	0	0	0	64	27	0	0	0	21	0	0	0
TCGA-E2-A14T-01	11	0	22	0	0	0	10	0	0	0	0	0	0	0	0	0	0	0	0
TCGA-E2-A14V-01	26	23	42	0	13	37	0	0	0	0	0	0	0	0	0	0	0	0	0
TCGA-E2-A14W-01	6	0	34	0	0	0	0	0	0	0	37	0	0	0	0	0	14	0	11
TCGA-E2-A14X-01	14	5	9	0	0	0	9	0	0	0	0	0	0	0	0	0	0	0	0
TCGA-E2-A14Y-01	4	15	8	0	0	14	0	0	0	0	0	0	0	0	0	9	0	0	0
TCGA-E2-A14Z-01	10	20	41	0	11	0	0	0	0	0	0	0	0	0	0	0	13	0	0
TCGA-E2-A150-01	12	0	45	8	5	0	21	0	0	0	0	0	0	0	0	0	0	0	0
TCGA-E2-A152-01	8	50	17	0	34	62	0	0	0	0	0	0	0	0	0	0	0	0	0
TCGA-E2-A153-01	13	6	7	0	0	0	0	0	0	0	0	0	0	0	0	0	0	0	0
TCGA-E2-A154-01	18	0	13	0	8	0	0	0	19	0	0	0	0	0	0	0	0	0	0
TCGA-E2-A155-01	1	9	30	0	0	4	14	0	0	0	0	0	0	0	0	23	0	0	0
TCGA-E2-A156-01	2	4	11	0	0	0	0	0	0	0	0	0	0	0	0	8	0	0	0
TCGA-E2-A158-01	12	0	18	0	0	0	0	0	0	0	50	17	0	0	0	0	0	0	0
TCGA-E2-A159-01	14	61	16	0	0	54	0	0	0	0	0	0	0	0	0	0	56	0	0
TCGA-E2-A15A-01	16	0	23	0	0	0	0	0	0	0	0	16	0	0	0	0	0	7	0
TCGA-E2-A15C-01	0	0	11	0	0	0	13	0	0	0	0	0	0	0	0	26	0	0	0
TCGA-E2-A15D-01	16	0	7	0	0	0	0	0	0	0	0	11	0	0	0	0	0	0	0
TCGA-E2-A15E-01	13	0	13	0	0	6	0	8	0	0	0	0	0	0	0	0	0	0	0
TCGA-E2-A15F-01	10	0	10	0	0	0	0	0	0	0	0	0	0	0	0	0	0	0	8
TCGA-E2-A15G-01	17	7	49	0	0	0	0	0	0	0	0	0	0	0	0	0	0	0	0
TCGA-E2-A15H-01	0	0	8	0	0	0	10	0	0	0	0	0	0	0	0	15	0	0	0
TCGA-E2-A15I-01	17	6	20	0	0	0	0	0	0	0	0	0	0	0	0	0	0	0	0
TCGA-E2-A15J-01	1	0	11	0	0	0	10	0	0	0	0	0	0	0	0	0	0	0	0
TCGA-E2-A15K-01	17	0	22	0	0	0	0	0	0	0	0	0	0	0	0	0	0	0	14
TCGA-E2-A15L-01	13	0	21	0	0	0	0	0	0	0	0	0	0	0	0	0	0	0	0
TCGA-E2-A15M-01	6	17	22	0	0	9	17	0	0	0	0	0	0	0	0	22	15	0	0
TCGA-E2-A15O-01	12	0	22	0	0	0	0	0	0	0	0	0	0	0	0	0	0	0	0
TCGA-E2-A15P-01	2	0	8	0	0	0	6	0	0	0	0	0	0	0	0	7	0	0	5
TCGA-E2-A15R-01	7	0	5	0	6	0	0	0	0	0	0	0	0	0	0	21	0	0	8
TCGA-E2-A15S-01	10	7	24	0	0	0	0	0	0	0	27	0	0	0	0	0	0	0	0
TCGA-E2-A15T-01	14	0	19	0	0	0	0	0	0	0	0	7	0	0	0	0	0	0	0
TCGA-E2-A1AZ-01	6	7	25	0	18	23	0	0	0	0	0	0	0	0	0	0	0	0	0
TCGA-E2-A1B0-01	2	0	25	0	8	0	7	0	0	0	0	0	0	0	0	18	0	0	0
TCGA-E2-A1B1-01	12	12	2	0	0	18	0	0	0	0	0	0	0	0	0	0	0	12	10
TCGA-E2-A1B4-01	0	0	25	0	0	0	10	0	0	0	0	0	0	0	0	0	0	7	0
TCGA-E2-A1B5-01	10	13	15	0	0	8	0	0	0	0	0	0	0	0	0	0	0	0	0
TCGA-E2-A1B6-01	13	0	11	0	0	0	0	0	0	0	32	0	0	0	0	0	0	0	0
TCGA-E2-A1BC-01	4	0	16	0	0	0	12	0	0	0	0	0	0	0	0	0	9	0	0
TCGA-E2-A1BD-01	6	0	14	0	0	0	0	0	0	0	0	0	0	0	0	23	0	0	0
TCGA-E2-A1IE-01	2	0	11	0	0	0	0	0	0	0	0	0	7	0	0	10	0	0	0
TCGA-E2-A1IF-01	6	0	12	0	0	0	0	0	0	6	0	0	0	0	0	0	0	0	0
TCGA-E2-A1IG-01	14	7	26	0	10	0	0	0	0	0	0	0	0	0	0	0	0	0	0
TCGA-E2-A1IH-01	12	17	35	0	0	21	0	0	0	0	0	0	0	0	0	0	0	0	0
TCGA-E2-A1II-01	11	0	23	0	0	0	0	0	0	0	0	0	0	0	0	0	0	0	0
TCGA-E2-A1IJ-01	7	0	5	0	0	0	0	0	0	0	0	0	0	0	6	0	0	0	0
TCGA-E2-A1IK-01	4	0	5	0	8	0	0	0	0	0	0	0	0	0	0	0	0	0	0
TCGA-E2-A1IL-01	2	0	14	0	6	0	9	0	0	0	0	0	0	0	0	0	0	0	0
TCGA-E2-A1IN-01	18	89	42	0	0	99	0	0	0	0	0	0	0	0	0	0	0	0	0
TCGA-E2-A1IO-01	8	0	5	0	3	0	0	0	0	0	0	0	0	0	0	0	0	0	0
TCGA-E2-A1IU-01	4	0	15	0	12	0	0	0	0	0	0	0	0	0	0	0	0	0	0
TCGA-E2-A1L6-01	2	0	18	0	8	0	0	0	0	0	0	0	0	0	0	0	0	0	0
TCGA-E2-A1L7-01	11	0	49	0	0	0	0	0	21	0	0	0	0	0	0	0	0	0	0
TCGA-E2-A1L8-01	9	0	21	0	0	0	0	0	0	0	0	0	0	0	0	0	0	0	8
TCGA-E2-A1L9-01	1	0	13	0	0	0	5	0	0	0	0	0	0	0	0	9	0	0	0
TCGA-E2-A1LA-01	7	0	51	0	0	0	0	0	0	0	49	0	0	0	0	0	0	0	0
TCGA-E2-A1LB-01	7	9	10	0	0	8	0	0	0	0	0	0	0	0	0	0	11	10	0
TCGA-E2-A1LG-01	10	53	14	0	26	116	0	0	0	0	0	0	0	0	0	0	0	0	0
TCGA-E2-A1LH-01	9	19	36	0	0	35	0	0	0	0	108	0	0	0	0	24	0	0	0
TCGA-E2-A1LI-01	3	6	5	0	0	5	0	0	0	0	18	0	0	0	0	0	0	0	0
TCGA-E2-A1LK-01	25	0	4	0	9	0	16	0	0	0	0	0	0	0	0	0	0	0	0
TCGA-E2-A1LL-01	3	0	30	0	0	7	10	0	0	0	0	0	0	0	0	11	0	0	0
TCGA-E2-A2P6-01	18	76	30	0	25	37	0	0	0	0	0	0	0	0	0	0	0	0	0
TCGA-E2-A56Z-01	21	0	18	0	0	0	0	0	0	0	0	21	0	0	0	0	0	0	0
TCGA-E2-A570-01	3	0	7	0	0	0	0	0	0	0	0	0	0	0	0	11	0	0	9
TCGA-E2-A572-01	11	0	18	0	0	0	0	0	0	0	0	0	0	0	0	0	0	0	0
TCGA-E2-A573-01	7	0	50	0	0	0	15	0	0	0	0	0	0	0	0	0	0	0	0
TCGA-E2-A574-01	23	30	31	0	21	32	0	0	0	0	0	0	0	0	0	0	0	0	19
TCGA-E2-A576-01	27	0	14	0	0	0	0	0	0	0	0	19	0	0	0	0	0	0	10
TCGA-E2-A9RU-01	29	4	18	4	12	11	15	0	0	0	0	0	0	0	0	0	0	14	0
TCGA-E9-A1N3-01	5	0	16	0	0	0	0	0	0	0	0	10	0	0	0	0	0	0	0
TCGA-E9-A1N4-01	9	4	7	0	6	8	0	0	0	0	0	0	0	0	0	0	0	0	0
TCGA-E9-A1N5-01	2	7	11	0	0	5	0	0	0	0	0	0	14	0	0	0	0	0	0
TCGA-E9-A1N8-01	1	0	16	0	10	9	0	0	0	0	0	0	0	0	0	0	0	0	0
TCGA-E9-A1N9-01	0	6	25	0	0	0	0	0	0	0	0	0	0	0	0	35	0	0	0
TCGA-E9-A1NA-01	12	6	35	0	0	18	0	0	26	0	0	0	0	0	0	0	0	0	20
TCGA-E9-A1NE-01	0	0	6	5	0	0	13	0	0	0	38	0	0	0	0	0	0	0	0
TCGA-E9-A1NF-01	9	15	23	0	0	4	0	0	0	0	0	0	0	0	0	0	0	0	10
TCGA-E9-A1NG-01	6	0	10	0	0	0	0	0	0	5	0	0	0	0	0	0	0	0	0
TCGA-E9-A1NH-01	9	0	28	0	0	0	0	0	0	0	0	0	0	0	0	0	0	0	0
TCGA-E9-A1QZ-01	4	0	8	0	0	0	0	0	11	0	0	0	0	0	0	0	0	0	0
TCGA-E9-A1R0-01	11	3	11	0	5	5	0	0	0	0	0	0	0	0	0	0	0	0	0
TCGA-E9-A1R2-01	7	0	31	0	0	15	0	0	0	13	0	0	0	0	0	0	0	0	0
TCGA-E9-A1R3-01	6	0	19	0	0	0	0	0	0	0	0	0	0	0	0	0	0	0	0
TCGA-E9-A1R4-01	11	47	39	0	0	20	0	0	0	0	0	0	0	0	0	0	36	0	0
TCGA-E9-A1R5-01	22	0	21	0	0	0	0	0	0	0	0	0	0	0	0	0	0	0	8
TCGA-E9-A1R6-01	5	0	6	2	7	0	0	0	0	0	0	0	0	0	0	16	0	0	0
TCGA-E9-A1R7-01	2	6	42	0	0	3	10	0	0	0	0	0	0	0	0	0	0	0	0
TCGA-E9-A1RA-01	6	5	8	0	0	0	0	0	0	6	0	0	0	0	0	0	0	0	0
TCGA-E9-A1RB-01	0	0	16	0	0	0	10	0	0	0	0	0	0	0	0	12	0	0	0
TCGA-E9-A1RC-01	19	0	36	0	0	0	0	0	0	0	0	0	0	0	0	0	0	0	0
TCGA-E9-A1RD-01	1	5	4	0	0	1	6	0	0	0	0	0	0	0	0	6	0	0	0
TCGA-E9-A1RE-01	7	0	19	0	0	0	19	0	0	0	0	0	0	0	0	21	0	0	0
TCGA-E9-A1RF-01	25	0	32	0	0	0	0	0	0	0	87	26	0	0	0	0	0	0	0
TCGA-E9-A1RG-01	6	0	35	0	0	0	0	0	0	0	0	0	0	0	0	0	0	0	0
TCGA-E9-A1RH-01	5	7	29	0	0	9	0	0	0	0	0	23	0	0	0	38	0	0	0
TCGA-E9-A1RI-01	8	5	1	3	0	0	0	0	0	0	0	12	0	0	0	0	0	0	0
TCGA-E9-A226-01	8	18	12	0	15	26	0	0	0	0	0	0	0	0	0	0	0	0	0
TCGA-E9-A227-01	0	0	8	0	0	0	0	0	0	0	0	0	0	0	0	6	0	5	0
TCGA-E9-A228-01	3	0	7	0	0	0	12	0	0	0	0	0	0	0	0	22	0	8	0
TCGA-E9-A229-01	0	2	6	0	0	5	8	0	0	0	0	0	0	0	0	9	0	0	0
TCGA-E9-A22A-01	8	6	2	0	0	3	0	0	0	0	17	0	0	0	0	0	0	0	0
TCGA-E9-A22B-01	20	9	33	0	0	4	0	0	0	10	0	0	0	0	0	0	0	0	0
TCGA-E9-A22D-01	19	0	12	0	9	0	0	0	0	0	0	0	0	0	0	0	0	0	0
TCGA-E9-A22E-01	15	13	39	0	0	19	0	0	0	0	58	0	0	0	0	0	0	0	0
TCGA-E9-A22G-01	3	0	56	0	0	0	0	0	17	0	41	0	0	0	0	0	0	0	0
TCGA-E9-A22H-01	11	0	15	0	0	0	0	0	0	0	0	0	0	0	0	0	0	0	0
TCGA-E9-A243-01	10	6	26	0	0	9	0	0	0	0	38	0	0	0	0	0	0	0	0
TCGA-E9-A244-01	25	0	53	0	0	0	0	0	0	0	43	0	0	0	0	0	0	0	0
TCGA-E9-A245-01	2	0	14	0	0	0	0	0	0	0	0	0	0	0	7	0	0	0	0
TCGA-E9-A247-01	7	0	0	0	0	0	24	0	0	0	0	0	0	0	0	16	0	0	0
TCGA-E9-A248-01	4	5	0	0	0	0	12	0	0	0	0	0	0	0	0	7	0	0	0
TCGA-E9-A249-01	9	0	4	0	0	0	12	0	0	0	0	0	0	0	0	0	0	0	0
TCGA-E9-A24A-01	0	0	2	3	2	0	0	0	0	0	0	0	0	0	0	15	0	0	0
TCGA-E9-A295-01	33	0	20	0	0	0	0	0	56	0	0	0	0	0	0	0	0	0	0
TCGA-E9-A2JS-01	12	0	11	0	0	0	12	0	23	0	0	0	0	0	0	31	0	0	0
TCGA-E9-A2JT-01	0	13	0	0	0	15	0	0	0	0	0	0	0	0	0	0	0	0	0
TCGA-E9-A3HO-01	4	0	23	0	0	0	0	0	0	0	29	16	0	0	0	0	0	0	0
TCGA-E9-A3QA-01	3	8	35	0	0	16	0	0	0	0	0	0	0	0	0	0	0	0	0
TCGA-E9-A3X8-01	4	3	0	0	0	6	0	0	0	14	0	0	0	0	0	10	0	0	0
TCGA-E9-A54Y-01	5	13	15	0	0	4	6	0	0	0	0	0	0	0	0	15	0	0	0
TCGA-E9-A5FK-01	8	0	16	0	0	0	0	0	0	0	0	9	0	6	0	0	0	0	0
TCGA-E9-A5FL-01	4	6	47	0	0	13	19	0	0	0	44	0	0	0	0	0	0	0	0
TCGA-E9-A5UO-01	11	0	27	0	0	0	0	0	0	0	0	0	0	0	0	0	0	0	0
TCGA-E9-A6HE-01	0	0	2	0	0	0	8	0	0	0	0	0	0	0	0	9	0	3	0
TCGA-EW-A1IW-01	3	41	30	0	0	22	0	0	0	0	0	0	0	0	0	31	0	0	0
TCGA-EW-A1IX-01	0	13	14	0	0	15	0	0	0	0	0	0	0	0	0	0	0	0	0
TCGA-EW-A1IY-01	1	12	7	0	14	4	0	0	0	0	0	0	0	0	0	0	0	0	0
TCGA-EW-A1IZ-01	128	0	115	0	0	0	85	0	0	0	0	0	107	0	0	0	0	0	0
TCGA-EW-A1J1-01	11	0	12	0	0	0	0	0	0	0	0	0	0	0	0	0	0	0	0
TCGA-EW-A1J3-01	5	0	12	0	0	0	0	0	0	6	0	0	0	0	0	0	0	7	0
TCGA-EW-A1J5-01	22	268	40	0	0	210	0	0	0	0	0	0	0	0	0	0	0	0	0
TCGA-EW-A1J6-01	11	0	19	0	0	0	0	0	14	0	0	0	0	0	0	0	0	0	0
TCGA-EW-A1OV-01	5	67	13	0	0	34	0	0	0	0	0	0	0	0	0	21	0	0	0
TCGA-EW-A1OX-01	2	0	10	0	0	0	5	0	0	0	0	0	0	0	0	0	0	4	0
TCGA-EW-A1OZ-01	8	6	26	0	0	4	8	0	0	0	0	0	0	0	0	24	0	0	0
TCGA-EW-A1P0-01	4	0	8	0	0	0	0	0	0	0	0	8	0	8	0	0	0	0	0
TCGA-EW-A1P1-01	3	0	0	0	0	0	0	0	0	0	0	0	0	0	0	0	0	0	0
TCGA-EW-A1P3-01	0	0	15	0	0	0	0	0	0	0	0	0	0	0	0	13	0	0	0
TCGA-EW-A1P4-01	12	0	17	0	0	0	0	0	0	0	33	15	0	0	0	0	0	0	0
TCGA-EW-A1P5-01	7	0	0	0	0	0	13	0	0	0	0	0	0	0	0	0	0	0	0
TCGA-EW-A1P6-01	7	0	19	0	0	0	0	0	0	0	0	0	0	0	0	0	0	0	0
TCGA-EW-A1P7-01	1	0	3	0	0	0	0	0	0	0	0	15	0	0	0	0	0	0	0
TCGA-EW-A1P8-01	0	0	7	0	0	0	12	0	0	0	0	0	0	0	0	12	0	0	8
TCGA-EW-A1PA-01	3	0	7	0	10	0	5	0	0	0	16	0	0	0	0	0	0	0	0
TCGA-EW-A1PB-01	8	31	26	0	0	50	0	0	0	0	67	0	0	0	0	0	0	0	0
TCGA-EW-A1PD-01	1	0	23	0	0	0	0	0	0	0	51	0	0	0	0	0	0	0	18
TCGA-EW-A1PE-01	3	7	15	0	0	0	13	0	0	0	0	0	0	0	0	0	0	0	0
TCGA-EW-A1PG-01	3	0	0	0	8	0	0	0	0	0	0	0	0	0	0	0	0	0	0
TCGA-EW-A1PH-01	8	0	25	0	0	0	0	0	0	0	0	0	0	0	0	21	0	0	8
TCGA-EW-A2FR-01	5	5	16	0	0	8	0	0	0	0	0	0	0	0	0	13	0	0	7
TCGA-EW-A2FS-01	6	0	10	0	0	0	0	0	0	0	0	0	10	0	0	12	0	0	7
TCGA-EW-A2FV-01	4	0	22	0	6	0	0	0	0	0	0	0	0	0	0	0	0	0	0
TCGA-EW-A2FW-01	5	0	0	0	0	0	8	0	0	0	0	0	0	0	0	13	0	0	0
TCGA-EW-A423-01	18	10	52	0	0	8	0	0	0	0	0	0	0	0	0	0	0	0	0
TCGA-EW-A6S9-01	11	3	17	0	0	0	0	0	0	0	0	0	0	0	0	0	0	0	0
TCGA-EW-A6SA-01	18	9	51	0	0	9	21	0	0	0	0	0	0	0	0	0	0	0	15
TCGA-EW-A6SB-01	10	0	33	0	8	0	0	0	0	0	18	0	0	0	0	12	0	0	0
TCGA-EW-A6SC-01	1	6	21	0	0	0	11	0	0	0	0	0	0	0	0	0	0	0	0
TCGA-EW-A6SD-01	11	19	22	0	0	16	0	0	0	0	0	0	0	0	0	0	0	0	0
TCGA-GI-A2C8-01	18	0	44	0	0	0	0	0	27	0	59	0	0	0	0	0	0	0	0
TCGA-GM-A2D9-01	31	299	90	0	0	225	0	0	0	0	0	0	0	0	0	0	0	0	0
TCGA-GM-A2DA-01	14	3	16	0	5	7	0	0	0	0	0	0	0	0	0	0	0	0	0
TCGA-GM-A2DB-01	28	0	100	0	0	0	0	0	0	0	0	0	0	0	0	0	0	0	0
TCGA-GM-A2DC-01	4	0	3	0	0	0	0	0	0	0	0	0	0	0	0	20	0	0	0
TCGA-GM-A2DD-01	7	0	50	0	0	0	11	0	0	0	0	0	0	0	0	0	0	0	0
TCGA-GM-A2DF-01	17	3	8	0	0	6	0	0	0	19	0	0	0	0	0	0	0	0	0
TCGA-GM-A2DH-01	17	38	61	0	0	84	0	0	0	32	0	0	0	0	0	0	0	0	0
TCGA-GM-A2DI-01	7	35	0	0	14	35	0	0	0	0	0	0	0	0	0	0	0	0	0
TCGA-GM-A2DK-01	1	3	19	0	0	0	0	0	0	0	0	0	0	0	0	14	0	0	0
TCGA-GM-A2DL-01	5	8	12	0	0	4	0	0	0	0	0	0	0	0	6	14	0	0	0
TCGA-GM-A2DM-01	1	3	5	0	4	0	0	7	0	0	0	0	0	7	0	0	0	0	0
TCGA-GM-A2DN-01	3	0	12	0	0	0	0	0	0	0	0	0	0	0	0	0	0	0	4
TCGA-GM-A2DO-01	9	81	11	0	39	80	0	0	0	0	0	0	0	0	0	0	0	0	0
TCGA-GM-A3NW-01	19	23	7	0	0	33	0	0	0	0	0	0	0	0	0	0	0	0	13
TCGA-GM-A3XL-01	8	9	45	0	0	25	0	0	0	0	57	0	0	0	0	0	0	0	0
TCGA-GM-A4E0-01	12	0	22	0	0	0	0	0	0	0	0	0	0	0	0	0	0	0	0
TCGA-GM-A5PV-01	7	7	23	0	0	0	0	0	0	0	10	0	0	0	0	0	0	0	0
TCGA-GM-A5PX-01	3	0	31	0	0	0	0	0	0	0	0	0	0	0	0	8	0	0	0
TCGA-HN-A2NL-01	13	0	31	0	0	0	0	0	17	0	30	0	0	0	0	0	0	0	0
TCGA-HN-A2OB-01	7	3	2	0	0	0	0	0	0	0	0	7	0	0	0	0	0	0	0
TCGA-JL-A3YX-01	11	14	6	0	0	6	0	0	0	0	0	0	12	0	0	0	0	0	0
TCGA-LD-A66U-01	0	0	4	0	0	0	14	0	0	0	0	12	0	0	0	14	0	0	0
TCGA-LD-A74U-01	31	159	59	0	0	103	0	0	0	0	0	0	0	0	0	0	0	0	0
TCGA-LD-A7W5-01	19	8	12	0	0	8	0	0	0	0	0	18	0	0	0	0	0	0	0
TCGA-LD-A7W6-01	15	0	19	0	0	0	0	0	0	0	0	12	0	0	0	0	0	0	0
TCGA-LD-A9QF-01	18	0	16	0	0	0	0	0	0	0	0	0	0	0	0	0	0	0	5
TCGA-LL-A440-01	0	1	0	0	0	0	0	0	0	0	0	0	0	0	0	5	0	0	0
TCGA-LL-A50Y-01	14	0	24	0	0	0	0	0	0	0	0	0	0	0	0	0	0	5	0
TCGA-LL-A5YL-01	16	24	23	0	18	12	0	0	0	0	0	0	0	0	0	0	0	0	0
TCGA-LL-A5YM-01	9	0	20	0	0	0	0	0	0	0	0	0	0	0	0	0	0	5	6
TCGA-LL-A5YN-01	9	0	34	0	0	0	0	0	0	0	0	0	0	0	0	0	0	0	0
TCGA-LL-A5YO-01	0	3	16	0	0	10	10	0	0	0	22	0	0	0	0	0	0	0	0
TCGA-LL-A5YP-01	7	7	23	0	0	5	0	0	0	0	34	29	0	0	0	0	0	0	0
TCGA-LL-A6FP-01	6	10	23	0	8	3	0	0	0	0	0	16	0	0	0	0	0	0	9
TCGA-LL-A6FQ-01	11	0	27	0	0	0	14	0	0	0	0	0	0	0	0	17	0	0	0
TCGA-LL-A6FR-01	17	0	28	0	0	0	0	0	0	0	18	0	0	0	0	0	0	0	0
TCGA-LL-A73Y-01	10	35	41	0	17	90	0	0	0	0	0	0	0	0	0	0	0	0	0
TCGA-LL-A73Z-01	12	0	25	0	0	0	0	0	0	0	0	0	11	0	0	0	0	0	0
TCGA-LL-A740-01	0	0	38	0	0	0	12	0	0	0	0	0	0	0	0	18	0	0	0
TCGA-LL-A7SZ-01	20	6	22	0	10	0	0	0	0	0	0	17	0	0	0	0	0	0	0
TCGA-LL-A7T0-01	26	7	40	0	0	4	0	0	0	0	0	0	0	0	0	0	0	0	0
TCGA-LL-A8F5-01	19	0	112	0	0	0	0	0	0	0	69	0	0	0	0	0	0	0	0
TCGA-LL-A9Q3-01	2	7	23	0	0	0	18	0	0	0	0	0	0	0	0	18	0	0	0
TCGA-OK-A5Q2-01	14	0	16	0	13	0	0	0	0	0	0	0	0	0	0	0	0	0	0
TCGA-OL-A5D6-01	17	6	34	0	0	0	0	0	0	0	0	0	0	0	0	0	0	0	0
TCGA-OL-A5D7-01	4	6	41	0	0	8	0	0	0	0	0	0	0	0	0	21	0	0	0
TCGA-OL-A5D8-01	10	0	20	0	0	0	9	0	0	0	0	0	0	0	0	0	0	0	0
TCGA-OL-A5DA-01	11	25	24	0	22	32	0	0	0	0	0	0	0	0	0	0	0	0	0
TCGA-OL-A5RU-01	7	0	9	0	0	0	9	0	0	0	0	0	0	0	0	10	0	0	11
TCGA-OL-A5RV-01	10	0	7	0	0	0	0	0	0	0	0	0	0	0	0	0	0	0	0
TCGA-OL-A5RW-01	7	38	62	0	0	72	0	0	0	0	74	0	0	0	0	0	0	0	0
TCGA-OL-A5RX-01	8	0	18	0	0	0	9	0	0	0	0	0	0	0	0	0	0	0	0
TCGA-OL-A5RY-01	2	0	6	0	0	0	5	0	0	0	0	0	0	0	0	0	0	0	0
TCGA-OL-A5RZ-01	18	11	48	0	0	10	33	0	0	0	0	0	0	0	0	32	0	0	0
TCGA-OL-A5S0-01	7	3	12	0	0	0	0	0	0	0	0	8	0	0	0	14	0	0	0
TCGA-OL-A66H-01	0	0	11	0	0	0	8	0	0	0	0	0	0	0	0	8	0	0	0
TCGA-OL-A66I-01	14	0	13	0	0	0	0	0	0	0	14	0	0	0	0	0	0	0	15
TCGA-OL-A66J-01	23	8	24	0	0	0	0	0	0	13	0	0	0	0	0	0	0	0	0
TCGA-OL-A66K-01	7	0	9	0	0	0	25	0	0	0	0	0	0	0	0	0	0	6	0
TCGA-OL-A66L-01	10	39	23	0	0	22	0	0	0	0	0	0	0	0	0	0	0	0	0
TCGA-OL-A66N-01	25	0	26	0	0	0	0	0	0	0	0	0	0	0	0	0	0	0	7
TCGA-OL-A66O-01	17	0	11	0	0	0	0	0	0	10	0	0	0	0	0	0	0	0	0
TCGA-OL-A66P-01	4	0	77	0	0	0	0	0	24	0	0	0	0	0	0	18	0	0	0
TCGA-OL-A6VO-01	3	0	13	0	0	0	8	0	0	0	0	0	0	0	0	14	0	0	0
TCGA-OL-A6VQ-01	6	28	18	0	0	16	0	0	0	0	0	0	0	0	0	14	0	0	0
TCGA-OL-A6VR-01	1	0	3	0	0	0	13	0	0	0	0	0	0	0	0	0	0	0	0
TCGA-OL-A97C-01	13	0	22	0	0	0	0	0	0	0	0	0	26	0	0	0	0	0	9
TCGA-PE-A5DC-01	19	12	45	0	0	0	0	0	24	0	54	0	0	0	0	0	0	0	0
TCGA-PE-A5DD-01	3	23	22	0	0	14	0	0	0	0	0	0	0	0	0	23	0	0	0
TCGA-PE-A5DE-01	20	317	28	0	113	211	0	0	0	0	0	0	0	0	0	0	0	0	0
TCGA-PL-A8LV-01	12	15	42	0	0	0	0	0	0	0	42	0	0	0	0	0	44	0	0
TCGA-PL-A8LX-01	5	0	7	0	0	0	6	0	0	0	0	18	0	0	0	13	0	0	0
TCGA-PL-A8LY-01	2	0	1	0	0	0	0	0	0	0	0	4	0	0	0	0	0	0	0
TCGA-PL-A8LZ-01	4	15	36	0	0	0	0	0	47	19	0	0	0	0	0	15	0	0	0
TCGA-S3-A6ZF-01	8	0	18	0	0	0	0	0	0	0	0	0	0	0	0	26	0	0	0
TCGA-S3-A6ZG-01	16	0	30	0	14	0	0	0	0	0	0	0	0	0	0	0	0	0	0
TCGA-S3-A6ZH-01	5	0	8	0	8	0	15	0	0	0	0	0	0	0	0	9	0	0	0
TCGA-S3-AA0Z-01	2	10	28	0	0	7	0	0	0	0	0	0	0	0	0	30	0	0	0
TCGA-S3-AA10-01	10	9	31	0	0	6	0	0	0	0	70	24	0	0	0	0	0	0	0
TCGA-S3-AA11-01	7	0	65	0	0	0	0	0	24	0	0	0	0	0	0	0	0	0	0
TCGA-S3-AA12-01	15	0	28	0	0	0	0	0	0	17	0	0	0	0	0	0	0	0	0
TCGA-S3-AA14-01	12	3	0	0	0	2	0	0	0	0	7	0	0	0	0	0	0	0	0
TCGA-S3-AA15-01	5	15	11	0	7	22	0	0	0	0	0	0	0	0	0	0	0	0	0
TCGA-S3-AA17-01	18	5	106	0	0	12	0	0	0	0	0	0	0	0	0	0	0	0	0
TCGA-UL-AAZ6-01	9	8	85	0	0	13	25	0	0	0	0	0	0	0	0	0	0	0	0
TCGA-UU-A93S-01	6	0	42	0	0	0	37	0	39	0	58	0	0	0	0	0	0	14	0
TCGA-V7-A7HQ-01	2	0	22	0	0	0	0	0	0	0	0	0	0	0	0	7	0	0	0
TCGA-W8-A86G-01	14	0	7	0	0	0	0	0	0	0	0	14	0	0	0	0	0	0	0
TCGA-WT-AB41-01	13	20	15	0	0	0	0	0	0	0	0	14	0	0	0	0	0	0	0
TCGA-WT-AB44-01	14	0	27	0	0	0	19	0	0	0	0	0	0	0	0	0	0	0	0
TCGA-XX-A899-01	5	17	17	0	13	8	0	0	0	0	0	0	0	0	0	0	0	0	0
TCGA-XX-A89A-01	20	60	0	0	24	129	0	0	0	0	0	0	0	0	0	0	0	0	32
TCGA-Z7-A8R5-01	21	0	13	0	0	0	0	0	0	0	0	0	0	0	0	0	0	0	0
TCGA-Z7-A8R6-01	7	33	15	0	12	22	18	0	0	0	0	0	0	0	0	0	0	0	0
