MutationType	SBS96A	SBS96B	SBS96C	SBS96D	SBS96E	SBS96F	SBS96G	SBS96H	SBS96I	SBS96J	SBS96K	SBS96L	SBS96M	SBS96N	SBS96O
A[C>A]A	0.00159945	0.00382588	0.01095304	0.02182132	0.03399652	0.02944707	0.02768719	0.01262213	0.02349868	0.01641078	0.01682490	0.01150485	0.02076013	0.02469373	0.02432812
A[C>A]C	0.00044426	0.00639574	0.01460504	0.02575664	0.01398420	0.02019311	0.01427916	0.01031127	0.00809124	0.01861609	0.01236726	0.01673152	0.00987102	0.03222618	0.02302457
A[C>A]G	0.00017942	0.00059424	0.00167581	0.00786022	0.00158303	0.00435890	0.00155078	0.00180994	0.00108509	0.00400410	0.00194854	0.00277380	0.00469734	0.00141718	0.00282273
A[C>A]T	0.00036494	0.00499277	0.01968277	0.03187889	0.01719210	0.01402444	0.01638806	0.00693708	0.01090333	0.00667695	0.01267310	0.01135538	0.01347499	0.02011783	0.01341070
A[C>G]A	0.00122525	0.00961895	0.01389196	0.02505831	0.00746078	0.00814083	0.01013205	0.03058750	0.00784929	0.00770929	0.00494104	0.01642332	0.00203841	0.00526899	0.01364742
A[C>G]C	0.00032041	0.00597341	0.01021123	0.01107838	0.01102923	0.00609767	0.00604980	0.00753076	0.00566417	0.00595985	0.00632782	0.00786528	0.00576163	0.00841267	0.00593904
A[C>G]G	0.00022811	0.00000000	0.00027038	0.01479260	0.00589796	0.00123764	0.00153886	0.00498860	0.00059078	0.00213395	0.00008543	0.00605029	0.00166796	0.00061960	0.00544165
A[C>G]T	0.00148884	0.00766459	0.01245963	0.01993175	0.00713420	0.01146595	0.01446243	0.02650777	0.01096646	0.00556736	0.00367562	0.00984935	0.00383173	0.01320120	0.01673232
A[C>T]A	0.00542668	0.00403503	0.01205005	0.02003190	0.02351576	0.02045162	0.02331256	0.00598531	0.01602260	0.01864298	0.02331381	0.01844844	0.01458944	0.02894142	0.02001124
A[C>T]C	0.00117173	0.00548959	0.00739629	0.01079194	0.00540454	0.01116400	0.00848168	0.01155394	0.01174514	0.00365144	0.00965941	0.00752725	0.00521815	0.01851204	0.01183527
A[C>T]G	0.00146875	0.01852103	0.00606626	0.01278256	0.01354661	0.00660389	0.01706035	0.01593868	0.03008383	0.04005080	0.11074505	0.03048318	0.04139454	0.02359529	0.02094718
A[C>T]T	0.00188888	0.00634664	0.00708784	0.02847045	0.02001733	0.01791783	0.02330045	0.00566560	0.01044604	0.00789829	0.01133067	0.01261623	0.00908592	0.00987979	0.00800749
A[T>A]A	0.00188153	0.00424181	0.01265296	0.00259533	0.00973500	0.00961460	0.00809170	0.00984141	0.00190874	0.02725227	0.00757126	0.00686757	0.00531896	0.00564397	0.01037783
A[T>A]C	0.00021850	0.01132358	0.00949934	0.00310591	0.00798592	0.00674241	0.00563362	0.00765637	0.00337001	0.01517559	0.00643896	0.01005348	0.00770253	0.00943222	0.00883208
A[T>A]G	0.00050341	0.00227839	0.00521422	0.01388904	0.01292627	0.02110194	0.00940472	0.00822862	0.00317612	0.01576919	0.00555164	0.00749221	0.00765724	0.00655101	0.00366694
A[T>A]T	0.00030768	0.01034305	0.00543841	0.00347700	0.01700630	0.02797589	0.01169843	0.01036743	0.00918187	0.03710785	0.00327103	0.02409870	0.01148835	0.01477255	0.01576279
A[T>C]A	0.00032114	0.01163008	0.02171409	0.00810250	0.01844779	0.02054256	0.01868616	0.00979998	0.01116129	0.02770989	0.01214445	0.02546715	0.01370521	0.02233194	0.02568168
A[T>C]C	0.00006494	0.00829160	0.00756441	0.00990357	0.00805753	0.00889527	0.00532496	0.00481327	0.00746171	0.00648768	0.00889840	0.00771072	0.00817685	0.00389624	0.01149174
A[T>C]G	0.00014431	0.01729446	0.01460586	0.00890342	0.01234737	0.01144613	0.01748052	0.00519838	0.00998756	0.01578439	0.01174258	0.01592443	0.01123602	0.00847894	0.01162957
A[T>C]T	0.00015239	0.01989210	0.01454674	0.01862062	0.02377891	0.02925616	0.01974891	0.01232778	0.00817750	0.02174675	0.01770664	0.02266874	0.01164787	0.00516607	0.02642245
A[T>G]A	0.00032396	0.00240024	0.00664737	0.00664389	0.00312342	0.00613531	0.00535994	0.00420126	0.00057873	0.01218313	0.00351653	0.01076319	0.00275853	0.00116801	0.01004060
A[T>G]C	0.00028582	0.00097113	0.00095416	0.00314414	0.00102910	0.00180007	0.00131707	0.00371583	0.00051164	0.00934287	0.00084886	0.00223050	0.00328188	0.00178360	0.00517941
A[T>G]G	0.00025356	0.00409781	0.00902129	0.01059876	0.00627336	0.00874650	0.00688140	0.01345672	0.00335250	0.00130642	0.00063980	0.00352059	0.00083615	0.00313698	0.00484675
A[T>G]T	0.00017590	0.00205274	0.00393581	0.00604131	0.00211048	0.00393628	0.00488181	0.01965906	0.00556798	0.00601114	0.00208427	0.00334708	0.00220142	0.00458230	0.01666063
C[C>A]A	0.00147416	0.00791005	0.02323990	0.01934269	0.01945972	0.02035077	0.02052122	0.01397086	0.00761581	0.01444994	0.01966010	0.01804589	0.01021429	0.01987081	0.01473848
C[C>A]C	0.00049557	0.00971036	0.03484197	0.01215111	0.01740846	0.01220502	0.01814760	0.00896522	0.00449361	0.01239871	0.00555995	0.00899018	0.00740385	0.00680191	0.00543247
C[C>A]G	0.00027094	0.00010151	0.00274113	0.00346134	0.00215636	0.00193463	0.00031321	0.00750083	0.00098750	0.00196028	0.00259139	0.00251795	0.00301380	0.00164728	0.00128881
C[C>A]T	0.00102770	0.00421256	0.01841921	0.01140234	0.02851899	0.02374034	0.01707600	0.00619464	0.01147895	0.00826778	0.00572152	0.01376432	0.00710379	0.00821958	0.01344320
C[C>G]A	0.00226989	0.00481931	0.01070419	0.01197526	0.01045209	0.01058331	0.00902016	0.01637954	0.00990823	0.00171228	0.00294648	0.00296600	0.00091718	0.00733313	0.00518182
C[C>G]C	0.00038437	0.00330429	0.01150356	0.01082061	0.00824035	0.00903559	0.01340875	0.00629357	0.00532768	0.00237159	0.00152132	0.00631197	0.00155640	0.00404478	0.00520911
C[C>G]G	0.00031726	0.00184954	0.00054922	0.00772018	0.00207961	0.00305660	0.00203515	0.00147357	0.00217670	0.00211406	0.00141683	0.00393531	0.00233046	0.00261466	0.00303306
C[C>G]T	0.00202758	0.01188863	0.01306771	0.01730498	0.00837608	0.01163561	0.01381087	0.01557755	0.01087489	0.00681233	0.00424051	0.01418138	0.00265458	0.02248415	0.00558066
C[C>T]A	0.01080813	0.00712615	0.01374293	0.00632984	0.01000601	0.01569010	0.00684396	0.01309168	0.01410470	0.01415367	0.01901701	0.00749868	0.02165926	0.02546434	0.01952567
C[C>T]C	0.00219929	0.00616013	0.00965291	0.00062844	0.01266438	0.01007555	0.01106661	0.00441748	0.01011257	0.01471695	0.01592953	0.00710573	0.01463338	0.02660963	0.01273185
C[C>T]G	0.00303546	0.01820803	0.00910307	0.00605485	0.00397434	0.01040367	0.00983304	0.00104750	0.01608069	0.01580981	0.05930123	0.01947512	0.03135199	0.01709468	0.01649120
C[C>T]T	0.00422644	0.01129169	0.01626052	0.02042264	0.01545223	0.01360221	0.02117684	0.01074423	0.01459758	0.01138012	0.02390058	0.00962706	0.02208358	0.02504181	0.01107231
C[T>A]A	0.00035803	0.00396599	0.01697808	0.00546179	0.00850088	0.00664449	0.00532415	0.00994526	0.00099513	0.00943547	0.00000000	0.00750249	0.00149471	0.00169647	0.01053521
C[T>A]C	0.00034499	0.00273269	0.01373545	0.01745918	0.00988186	0.01314780	0.00693336	0.01147200	0.00496133	0.00805088	0.00327376	0.00718986	0.00625492	0.00374474	0.00642036
C[T>A]G	0.00009432	0.00315737	0.01560163	0.01016948	0.01228555	0.00700069	0.00774478	0.01256392	0.00410337	0.00796899	0.00024585	0.00736091	0.00521987	0.00604779	0.01176729
C[T>A]T	0.00014266	0.00218668	0.01693073	0.02377837	0.01399688	0.02111252	0.01045459	0.01281302	0.00896170	0.00455021	0.00590511	0.01461026	0.00124452	0.00437691	0.01120104
C[T>C]A	0.00008911	0.00553578	0.00683043	0.01380156	0.00495022	0.00759704	0.00907148	0.01050315	0.00512261	0.01061343	0.00508430	0.00746758	0.00704784	0.01281078	0.00388931
C[T>C]C	0.00093221	0.00222556	0.01925924	0.01500429	0.01470957	0.00788737	0.00427338	0.01119482	0.00453158	0.00549901	0.00972547	0.01390175	0.00565024	0.00709065	0.01180301
C[T>C]G	0.00072975	0.00982440	0.00595413	0.00721364	0.00879064	0.00949484	0.00832145	0.01416085	0.00647654	0.01003918	0.00242080	0.01072566	0.00472338	0.00996559	0.01114048
C[T>C]T	0.00054509	0.00817021	0.01385418	0.00686945	0.01130522	0.01640844	0.01220001	0.01332719	0.01200605	0.00477229	0.00535423	0.00709486	0.00302785	0.01446572	0.01135904
C[T>G]A	0.00002803	0.00309049	0.00494803	0.00321074	0.00406119	0.00310781	0.00340012	0.00635781	0.00383523	0.00296372	0.00123840	0.00430435	0.00123690	0.00327658	0.00446466
C[T>G]C	0.00031158	0.00048508	0.00192812	0.00682201	0.00524086	0.00798557	0.00238334	0.00798205	0.00255458	0.00291151	0.00178797	0.00596919	0.00213422	0.00387378	0.00485426
C[T>G]G	0.00007797	0.00941765	0.01308027	0.00572921	0.00490070	0.00500317	0.00722738	0.01081027	0.00494880	0.00283533	0.00074903	0.00916320	0.00068596	0.00865854	0.00812228
C[T>G]T	0.00024295	0.00282717	0.01089869	0.00026527	0.00686168	0.01956530	0.00391075	0.01454317	0.00933850	0.00466934	0.00694615	0.01589233	0.00270239	0.00292500	0.02416638
G[C>A]A	0.00159437	0.00763714	0.01064024	0.02620276	0.01754889	0.01528854	0.00843675	0.00467131	0.00403741	0.00880727	0.02702772	0.01858594	0.01430188	0.00840374	0.00662452
G[C>A]C	0.00021643	0.00394015	0.01657537	0.00680321	0.01034746	0.01178608	0.01060710	0.00374118	0.00589267	0.00924858	0.00725029	0.00434842	0.00976643	0.01612244	0.01063015
G[C>A]G	0.00007913	0.00138691	0.00177853	0.00069951	0.00211065	0.00112887	0.00146448	0.00112105	0.00256821	0.00099385	0.00299280	0.00108130	0.00405727	0.00403714	0.00103476
G[C>A]T	0.00026262	0.00524814	0.01683345	0.01226029	0.01139105	0.01537708	0.00799849	0.00661787	0.00696571	0.00263045	0.01472472	0.01104793	0.01142763	0.00563330	0.00663099
G[C>G]A	0.00065335	0.00406795	0.00963074	0.01157245	0.00306546	0.00396072	0.00631866	0.00567544	0.00257929	0.00610773	0.00475814	0.00442444	0.00152811	0.00959846	0.00572949
G[C>G]C	0.00064251	0.00606808	0.01017205	0.00393489	0.00572194	0.00506824	0.00470280	0.00611317	0.00256227	0.00576192	0.00631521	0.00317905	0.00307632	0.00495420	0.00267644
G[C>G]G	0.00015976	0.00163999	0.00059191	0.00453544	0.00000000	0.00019248	0.00124893	0.00323439	0.00077990	0.00199030	0.00038785	0.00131634	0.00000000	0.00246095	0.00445915
G[C>G]T	0.00073307	0.00951421	0.01135075	0.01223447	0.00319056	0.00901362	0.00903511	0.01203071	0.00833403	0.00679480	0.00154542	0.00764933	0.00240446	0.00431154	0.00764822
G[C>T]A	0.00576790	0.00176687	0.01144444	0.00507306	0.01023529	0.01540301	0.01277984	0.00606025	0.01405079	0.01122658	0.01677265	0.01030021	0.01512011	0.02421328	0.01733725
G[C>T]C	0.00151358	0.00606312	0.00605962	0.00681257	0.00834371	0.01140564	0.00984587	0.00752578	0.01167987	0.00528073	0.01739825	0.00482264	0.01387973	0.01931662	0.00999453
G[C>T]G	0.00262206	0.02187542	0.00396079	0.01349281	0.01459334	0.00527653	0.00048725	0.01445615	0.00798873	0.02815491	0.05872542	0.01935632	0.03762520	0.01556301	0.02193579
G[C>T]T	0.00235109	0.00748102	0.00963259	0.01083136	0.01233009	0.01038092	0.01033469	0.01388930	0.01185310	0.01458050	0.01118561	0.01081237	0.02132964	0.01440546	0.01660350
G[T>A]A	0.00020118	0.00140689	0.00973420	0.00893681	0.00576407	0.00573005	0.00441266	0.00354718	0.00287877	0.00586003	0.00103254	0.00421896	0.00236798	0.00085268	0.00240750
G[T>A]C	0.00034382	0.00304857	0.01180619	0.00487236	0.00180719	0.00678245	0.00363301	0.00416834	0.00253232	0.00361192	0.00422737	0.00540525	0.00175165	0.00279799	0.00594244
G[T>A]G	0.00058042	0.00218691	0.00710395	0.00956884	0.00709856	0.00708119	0.00558059	0.00715528	0.00225189	0.00433036	0.00304388	0.00222527	0.00103232	0.00396404	0.00391510
G[T>A]T	0.00025882	0.00245265	0.01440928	0.00914143	0.00767210	0.01394296	0.00465886	0.01275153	0.00776818	0.00734783	0.00155521	0.00621963	0.00174418	0.00426738	0.00757992
G[T>C]A	0.00013715	0.00926063	0.00864067	0.00498026	0.00661610	0.01067917	0.00869264	0.00834933	0.00233772	0.00969153	0.01076391	0.01254836	0.00554722	0.00416827	0.01264067
G[T>C]C	0.00040364	0.00395894	0.00801822	0.00826832	0.00454996	0.00040294	0.00533631	0.00654707	0.00462503	0.00460179	0.00893723	0.00853769	0.00271205	0.00380963	0.01010375
G[T>C]G	0.00051296	0.00735289	0.00748275	0.00897807	0.00529689	0.00468378	0.00440274	0.00530845	0.00372512	0.00747375	0.00606072	0.00893185	0.00413196	0.00355630	0.00640510
G[T>C]T	0.00024280	0.00510817	0.00993970	0.00248377	0.00498316	0.01239241	0.00777474	0.00727001	0.00802559	0.01832213	0.00707979	0.01717193	0.00678629	0.00868207	0.01737633
G[T>G]A	0.00029442	0.00037781	0.00332929	0.00618591	0.00143677	0.00223594	0.00181682	0.01080152	0.00071020	0.00171816	0.00088535	0.00481826	0.00080149	0.00602710	0.00522527
G[T>G]C	0.00006195	0.00255015	0.00352597	0.00387322	0.00280855	0.00383876	0.00414289	0.00500737	0.00086960	0.00159942	0.00159226	0.00117088	0.00092756	0.00264155	0.00051050
G[T>G]G	0.00098416	0.00473631	0.00913538	0.01246023	0.00706336	0.00643392	0.00550510	0.00468638	0.00147863	0.00507154	0.00027455	0.00782800	0.00381632	0.00324204	0.01517825
G[T>G]T	0.00048613	0.00568578	0.01093671	0.00914224	0.00250924	0.00651585	0.00165423	0.00748480	0.00180706	0.00241233	0.00270014	0.01001612	0.00204909	0.00345263	0.01331442
T[C>A]A	0.02479047	0.02111021	0.01257871	0.00585075	0.04104317	0.01820161	0.03321641	0.01207771	0.02122561	0.02899648	0.01818240	0.00849273	0.02997069	0.01992802	0.00714440
T[C>A]C	0.00663550	0.02020470	0.01348659	0.01699659	0.01426396	0.01757620	0.02049741	0.00725973	0.01920227	0.01154312	0.02491112	0.00945271	0.00922505	0.02221318	0.00605177
T[C>A]G	0.00118542	0.00146895	0.00126590	0.00286766	0.00219293	0.00048238	0.00179162	0.00022028	0.00210242	0.00655854	0.00153168	0.00272908	0.00384226	0.00060229	0.00330270
T[C>A]T	0.01071181	0.02230786	0.01950078	0.00796802	0.04635681	0.02363501	0.02580682	0.01574654	0.03119661	0.01906883	0.03321519	0.03118133	0.01511671	0.02277598	0.01192171
T[C>G]A	0.13969977	0.11565604	0.01370786	0.00290512	0.00054753	0.00714827	0.03564387	0.05090468	0.07255092	0.00143682	0.00522814	0.00486740	0.01556794	0.01733781	0.00722530
T[C>G]C	0.02579560	0.05205530	0.00968306	0.00914513	0.00812882	0.01346295	0.01287032	0.03350820	0.01922816	0.00264381	0.00733360	0.01987341	0.00910274	0.01950314	0.01013489
T[C>G]G	0.00395912	0.00350926	0.00118701	0.00365653	0.00027054	0.00014029	0.00352961	0.00503184	0.00434227	0.00015409	0.00033304	0.00211835	0.00367636	0.00218581	0.00542437
T[C>G]T	0.17471049	0.14620000	0.01847067	0.02654723	0.01100255	0.01969220	0.05102958	0.08678469	0.10500311	0.01296075	0.00130882	0.01254116	0.03123794	0.04116386	0.00640720
T[C>T]A	0.29858789	0.05904550	0.01848401	0.00619196	0.03203887	0.00831635	0.02975226	0.01321081	0.07218832	0.02186986	0.02672802	0.00769068	0.10592835	0.00387722	0.01790735
T[C>T]C	0.05985173	0.01252098	0.01401880	0.00622423	0.02421748	0.00614370	0.01961365	0.00654917	0.02405161	0.01926393	0.02039166	0.02041708	0.05247675	0.04218198	0.03094305
T[C>T]G	0.03214253	0.01785150	0.00060222	0.00259485	0.00358104	0.00739743	0.00281491	0.00830719	0.01333725	0.01816645	0.04855739	0.01141862	0.03741227	0.00801004	0.01398392
T[C>T]T	0.14467734	0.04423328	0.02092402	0.01412184	0.03566238	0.00652079	0.02869822	0.00114322	0.04875663	0.01962835	0.02532091	0.02411014	0.05949821	0.02493622	0.00680242
T[T>A]A	0.00045250	0.00245816	0.00867459	0.00274457	0.00979784	0.01733991	0.01146875	0.00705201	0.01251412	0.03890342	0.00920422	0.02287246	0.01746252	0.01272844	0.01526069
T[T>A]C	0.00021465	0.00428094	0.01219730	0.00468300	0.00635316	0.00996889	0.00680995	0.00543390	0.00378004	0.00604297	0.00417862	0.00649323	0.00297546	0.00645819	0.00167837
T[T>A]G	0.00030200	0.00238929	0.00258508	0.00790311	0.00203732	0.00802726	0.00358641	0.00788289	0.00179544	0.00183036	0.00259057	0.00923625	0.00458767	0.00944841	0.00432679
T[T>A]T	0.00026484	0.00328450	0.01529023	0.02726468	0.01563950	0.01472301	0.01432151	0.00999145	0.00861080	0.01575519	0.00593583	0.02269112	0.00517983	0.01276794	0.00964492
T[T>C]A	0.00021221	0.00443826	0.00870793	0.00682368	0.01266265	0.01176880	0.00922350	0.00769991	0.00782154	0.01812438	0.00769703	0.01360834	0.00658322	0.00392054	0.00603472
T[T>C]C	0.00046683	0.00881685	0.01297685	0.01438310	0.00575192	0.00144224	0.00590548	0.00623558	0.00192438	0.01535480	0.00691833	0.01409844	0.00879656	0.00290666	0.00897749
T[T>C]G	0.00025677	0.00351280	0.00537506	0.00385400	0.00792432	0.01040782	0.00591603	0.00385277	0.00466294	0.00646881	0.00447445	0.00681780	0.00636218	0.00370285	0.00738069
T[T>C]T	0.00061792	0.00532337	0.01284872	0.00869377	0.01367712	0.00782761	0.00560976	0.00850987	0.01197633	0.01368482	0.01087539	0.01606066	0.00802439	0.00957802	0.02057581
T[T>G]A	0.00008947	0.00276959	0.00955692	0.00814382	0.00360895	0.00301498	0.00511777	0.00797407	0.00272051	0.00628714	0.00306403	0.00525930	0.00097507	0.00355571	0.00801564
T[T>G]C	0.00008312	0.00236706	0.00536177	0.00704950	0.00807877	0.00000358	0.00401958	0.00625989	0.00296844	0.00525604	0.00308777	0.00313613	0.00199223	0.00263676	0.00622380
T[T>G]G	0.00006374	0.00308362	0.00914286	0.01536324	0.00240114	0.00727157	0.00621096	0.01366390	0.00386593	0.00727182	0.00496704	0.00706690	0.00184964	0.00319335	0.00876118
T[T>G]T	0.00025163	0.00782109	0.00867015	0.01599965	0.00841923	0.01992139	0.01242420	0.01545092	0.00889566	0.01545490	0.00788325	0.01437486	0.00922341	0.00791669	0.01377466
