MutationType	SBS96A	SBS96B	SBS96C	SBS96D	SBS96E	SBS96F	SBS96G	SBS96H
A[C>A]A	3.31E-04	2.32E-03	7.56E-03	6.20E-03	5.97E-03	8.31E-03	1.63E-03	5.87E-03
A[C>A]C	1.94E-04	3.59E-03	2.19E-03	5.53E-03	6.53E-03	4.68E-03	2.14E-03	3.58E-03
A[C>A]G	1.49E-04	8.24E-08	4.22E-35	1.93E-03	4.36E-03	7.94E-03	1.70E-03	1.64E-03
A[C>A]T	2.52E-04	5.90E-03	4.38E-03	3.83E-03	6.54E-03	3.80E-03	2.82E-03	1.44E-03
A[C>G]A	3.91E-04	2.18E-03	2.41E-03	6.63E-03	2.40E-03	2.23E-03	2.37E-03	2.61E-03
A[C>G]C	5.15E-04	3.85E-03	4.50E-03	2.36E-03	3.62E-03	3.82E-03	8.98E-04	3.95E-03
A[C>G]G	3.56E-04	4.45E-04	1.91E-03	3.29E-03	5.72E-03	2.08E-03	2.08E-03	1.36E-03
A[C>G]T	3.20E-04	3.95E-03	4.17E-03	7.69E-03	1.12E-02	9.41E-03	4.98E-19	6.44E-03
A[C>T]A	3.65E-04	6.85E-03	6.11E-03	3.92E-03	6.30E-03	9.40E-04	1.07E-03	5.36E-03
A[C>T]C	2.75E-04	2.82E-03	4.37E-03	4.02E-03	1.71E-03	2.03E-03	3.77E-03	9.77E-04
A[C>T]G	4.40E-04	5.26E-03	7.26E-03	1.38E-02	7.61E-03	9.23E-03	7.53E-03	1.28E-02
A[C>T]T	3.26E-04	5.81E-03	4.89E-03	3.89E-03	3.22E-03	3.43E-03	2.43E-03	2.71E-03
A[T>A]A	1.57E-04	2.14E-03	1.84E-03	9.00E-04	8.29E-04	1.57E-03	4.91E-04	3.01E-03
A[T>A]C	1.92E-04	1.14E-03	2.21E-03	1.84E-03	1.26E-03	5.74E-03	2.11E-03	2.80E-03
A[T>A]G	2.32E-04	4.08E-03	4.21E-03	2.78E-03	3.75E-03	5.42E-03	7.77E-05	4.39E-03
A[T>A]T	0.00E+00	5.39E-03	3.32E-03	4.88E-03	1.92E-03	4.06E-03	2.38E-03	1.78E-03
A[T>C]A	1.99E-04	3.60E-03	2.91E-03	5.85E-03	3.94E-03	2.12E-03	1.42E-03	5.05E-03
A[T>C]C	3.51E-04	4.74E-03	3.54E-03	1.88E-03	3.91E-03	2.11E-03	4.55E-03	1.93E-03
A[T>C]G	2.96E-04	2.67E-03	1.99E-03	4.87E-03	4.61E-03	6.12E-03	1.04E-02	3.56E-03
A[T>C]T	3.90E-04	4.07E-03	1.69E-03	4.79E-03	5.88E-03	5.54E-03	1.63E-03	3.24E-03
A[T>G]A	4.81E-05	2.14E-03	2.17E-03	1.24E-03	6.06E-03	1.95E-03	5.62E-04	6.23E-03
A[T>G]C	5.82E-05	2.21E-03	1.68E-03	1.05E-03	9.89E-04	2.35E-03	3.81E-07	8.91E-04
A[T>G]G	1.98E-04	2.07E-03	2.21E-03	4.01E-03	2.26E-03	1.88E-03	1.39E-03	1.87E-03
A[T>G]T	2.25E-04	1.39E-03	2.19E-03	1.19E-03	2.61E-03	2.07E-03	1.52E-03	1.19E-03
C[C>A]A	4.45E-04	2.14E-03	4.04E-03	3.72E-03	3.97E-03	2.66E-03	3.86E-03	8.12E-03
C[C>A]C	1.50E-04	4.76E-03	5.07E-03	3.81E-03	4.19E-03	7.43E-03	1.72E-03	3.60E-03
C[C>A]G	2.59E-04	1.84E-03	2.23E-03	3.68E-03	3.36E-03	1.35E-03	1.59E-03	1.83E-03
C[C>A]T	3.28E-04	6.16E-03	4.83E-03	8.95E-03	2.41E-03	8.58E-03	3.40E-14	5.83E-03
C[C>G]A	5.70E-04	2.79E-03	3.00E-03	3.59E-03	4.83E-03	4.47E-03	1.12E-31	3.16E-03
C[C>G]C	2.36E-04	1.78E-03	1.76E-03	1.31E-03	8.29E-03	3.06E-03	3.11E-03	4.96E-03
C[C>G]G	4.43E-04	4.34E-04	4.71E-03	1.29E-07	7.26E-03	3.58E-03	5.37E-03	4.73E-03
C[C>G]T	4.83E-04	2.86E-03	2.01E-03	3.76E-03	6.34E-03	4.96E-03	4.57E-03	5.47E-36
C[C>T]A	7.01E-04	3.32E-03	3.01E-03	3.69E-03	1.41E-02	5.14E-03	6.83E-03	3.94E-03
C[C>T]C	4.81E-04	6.32E-03	2.32E-03	6.10E-03	6.42E-03	3.91E-03	1.66E-03	8.41E-03
C[C>T]G	3.98E-04	3.56E-03	1.78E-03	6.70E-03	7.74E-03	3.19E-03	7.10E-03	5.95E-03
C[C>T]T	4.41E-04	3.13E-03	7.01E-03	3.38E-03	3.37E-03	3.86E-03	2.03E-03	3.97E-03
C[T>A]A	1.58E-04	6.21E-04	2.01E-03	2.50E-03	1.24E-03	4.25E-03	2.29E-03	3.67E-03
C[T>A]C	2.28E-04	7.89E-04	3.75E-03	5.08E-03	4.60E-03	8.18E-04	1.77E-03	1.92E-03
C[T>A]G	1.08E-04	2.67E-03	2.66E-03	3.17E-03	3.61E-03	1.86E-03	4.46E-03	6.45E-03
C[T>A]T	0.00E+00	5.32E-03	4.11E-03	7.17E-03	1.17E-03	1.66E-06	9.09E-08	2.09E-03
C[T>C]A	2.38E-04	1.86E-03	1.20E-03	4.42E-03	1.76E-03	1.58E-03	1.78E-03	2.11E-03
C[T>C]C	2.52E-04	5.13E-03	1.34E-03	2.35E-03	4.87E-03	3.65E-03	0.00E+00	3.40E-03
C[T>C]G	3.37E-04	1.15E-03	6.05E-03	5.24E-03	2.83E-03	3.66E-03	3.88E-08	2.11E-03
C[T>C]T	1.18E-04	2.98E-03	4.54E-03	6.06E-03	8.25E-07	1.02E-02	7.92E-04	5.35E-03
C[T>G]A	0.00E+00	1.41E-03	4.33E-03	4.66E-04	5.34E-03	8.59E-07	1.56E-07	2.79E-03
C[T>G]C	3.34E-04	3.40E-03	2.31E-03	4.27E-03	2.34E-03	3.73E-03	1.23E-03	4.30E-03
C[T>G]G	3.32E-04	2.32E-03	3.35E-03	3.67E-03	4.29E-03	4.20E-03	2.10E-03	3.57E-03
C[T>G]T	0.00E+00	3.62E-03	2.29E-03	3.12E-03	4.16E-03	3.43E-03	1.83E-07	6.03E-03
G[C>A]A	2.18E-04	4.68E-03	4.38E-03	4.70E-03	1.65E-03	4.47E-03	1.22E-03	4.42E-03
G[C>A]C	3.16E-04	6.34E-03	6.87E-03	3.24E-03	3.59E-03	7.19E-03	3.06E-03	3.66E-03
G[C>A]G	1.58E-04	2.23E-04	2.24E-03	6.84E-04	7.04E-03	9.46E-15	1.05E-03	2.66E-03
G[C>A]T	3.57E-04	3.59E-03	2.18E-03	1.87E-03	3.25E-03	1.70E-03	4.07E-03	2.39E-03
G[C>G]A	5.48E-04	4.59E-03	5.63E-03	1.37E-03	3.76E-03	1.82E-03	1.44E-03	2.85E-03
G[C>G]C	9.81E-05	1.61E-03	1.38E-03	2.17E-03	1.00E-03	3.61E-03	6.16E-08	2.37E-03
G[C>G]G	1.56E-04	1.69E-03	1.10E-03	1.36E-03	6.80E-04	1.41E-03	1.95E-04	2.62E-03
G[C>G]T	2.21E-04	4.86E-03	7.79E-03	3.81E-03	3.41E-03	4.40E-03	2.90E-03	1.62E-03
G[C>T]A	1.02E-03	3.10E-03	4.20E-03	6.12E-03	6.57E-03	8.25E-03	1.49E-03	7.59E-03
G[C>T]C	2.04E-04	6.17E-03	3.63E-03	5.61E-03	3.35E-03	2.92E-03	3.63E-03	5.35E-03
G[C>T]G	1.09E-03	5.57E-03	6.16E-05	8.82E-03	7.37E-03	6.14E-03	1.44E-02	1.15E-02
G[C>T]T	1.18E-04	3.11E-03	3.31E-03	3.14E-03	2.51E-03	1.96E-03	2.25E-03	1.70E-03
G[T>A]A	1.35E-04	2.34E-03	1.33E-03	3.21E-03	2.45E-03	3.12E-03	9.02E-04	2.15E-03
G[T>A]C	0.00E+00	1.88E-03	2.31E-03	4.59E-03	1.45E-03	2.16E-03	5.45E-08	2.14E-03
G[T>A]G	2.00E-04	3.70E-03	3.87E-03	2.81E-03	4.80E-03	1.52E-03	3.02E-03	9.50E-04
G[T>A]T	1.39E-04	3.11E-03	2.42E-03	3.97E-03	2.49E-03	3.79E-03	1.23E-03	1.67E-03
G[T>C]A	9.94E-05	1.85E-03	2.17E-03	3.21E-03	4.70E-03	2.39E-03	5.53E-03	3.51E-03
G[T>C]C	2.46E-04	1.60E-03	1.85E-03	3.01E-03	2.03E-03	2.28E-03	7.86E-04	1.80E-03
G[T>C]G	1.73E-04	1.64E-03	1.57E-03	2.19E-03	2.84E-03	3.35E-03	2.11E-03	3.85E-03
G[T>C]T	1.23E-04	1.02E-03	4.64E-03	3.06E-03	6.27E-03	4.53E-03	2.94E-03	6.82E-03
G[T>G]A	0.00E+00	2.58E-03	5.74E-03	1.56E-03	3.34E-03	1.84E-03	0.00E+00	1.75E-03
G[T>G]C	1.35E-04	2.05E-03	1.05E-03	1.70E-03	2.81E-04	1.08E-03	2.12E-03	1.51E-03
G[T>G]G	2.62E-04	2.83E-03	4.91E-03	2.79E-03	3.64E-03	3.34E-05	2.05E-03	1.90E-03
G[T>G]T	1.94E-04	2.70E-03	1.54E-03	3.88E-03	2.40E-03	6.33E-04	3.89E-04	2.11E-03
T[C>A]A	1.65E-03	4.68E-03	2.88E-03	3.90E-03	8.15E-03	6.64E-03	4.91E-03	4.06E-03
T[C>A]C	1.02E-03	6.07E-03	7.36E-03	5.78E-03	2.79E-03	6.74E-03	2.30E-03	4.58E-03
T[C>A]G	5.87E-04	1.12E-03	7.62E-08	2.60E-03	9.43E-04	2.13E-03	1.86E-03	3.04E-03
T[C>A]T	1.05E-03	6.11E-03	4.36E-03	4.23E-03	7.84E-03	8.84E-03	2.26E-03	3.49E-03
T[C>G]A	2.00E-03	1.77E-02	5.91E-03	1.27E-03	3.80E-33	5.48E-03	2.12E-02	9.25E-03
T[C>G]C	1.85E-03	4.82E-03	6.03E-03	5.07E-03	4.45E-03	1.48E-02	4.83E-03	1.07E-02
T[C>G]G	7.69E-04	7.31E-04	1.06E-03	5.04E-04	9.30E-04	3.01E-03	2.99E-03	4.46E-04
T[C>G]T	4.46E-03	2.16E-02	8.56E-03	6.02E-03	5.67E-03	4.71E-03	2.32E-02	1.00E-02
T[C>T]A	4.00E-03	1.77E-02	9.59E-03	5.94E-03	4.00E-03	3.96E-03	2.88E-02	2.90E-03
T[C>T]C	1.35E-03	4.57E-03	3.29E-03	5.53E-03	2.79E-03	5.16E-03	7.36E-03	7.83E-03
T[C>T]G	1.28E-03	2.91E-03	5.27E-03	5.80E-03	1.08E-02	7.10E-03	7.36E-03	7.44E-03
T[C>T]T	1.57E-03	9.47E-03	6.13E-03	1.35E-02	4.99E-03	7.78E-03	1.25E-02	5.37E-03
T[T>A]A	3.12E-04	1.34E-03	4.11E-03	2.42E-03	4.43E-03	3.13E-03	7.66E-03	5.13E-03
T[T>A]C	9.74E-05	1.09E-03	3.15E-03	2.35E-03	1.99E-03	4.23E-03	2.06E-03	2.77E-03
T[T>A]G	2.76E-04	3.65E-03	2.38E-03	2.62E-03	1.79E-03	3.24E-03	4.89E-04	2.49E-03
T[T>A]T	1.27E-04	7.20E-03	4.36E-03	3.26E-03	2.41E-03	2.75E-03	7.11E-04	2.52E-03
T[T>C]A	0.00E+00	1.17E-03	1.64E-03	4.63E-03	2.27E-03	3.97E-03	5.48E-03	3.61E-03
T[T>C]C	3.99E-05	2.20E-07	3.66E-03	3.26E-03	2.25E-03	4.65E-03	1.32E-03	4.83E-03
T[T>C]G	1.18E-04	8.41E-04	2.81E-03	2.42E-03	2.48E-03	2.91E-03	2.46E-03	2.41E-04
T[T>C]T	5.05E-05	6.63E-05	6.93E-03	2.23E-03	4.42E-03	2.68E-03	3.05E-03	5.71E-03
T[T>G]A	1.21E-04	0.00E+00	1.21E-03	2.69E-03	3.61E-03	3.65E-03	1.41E-03	2.18E-03
T[T>G]C	1.55E-04	9.39E-04	2.26E-03	2.18E-03	1.89E-03	2.49E-03	2.58E-04	1.52E-03
T[T>G]G	6.97E-42	2.34E-03	3.15E-03	9.52E-03	3.61E-03	2.05E-03	2.87E-03	9.09E-04
T[T>G]T	1.37E-04	8.79E-04	1.16E-03	6.29E-03	2.65E-03	2.25E-03	8.84E-04	3.12E-03
