MutationType	SBS96A	SBS96B	SBS96C	SBS96D	SBS96E	SBS96F	SBS96G	SBS96H
A[C>A]A	0.0014535337104462087	0.008713291212916374	0.02443306762725115	0.02462989422492683	0.013662506733089686	0.032935618050396444	0.0032856229227036238	0.01305258644360947
A[C>A]C	0.0005206299072597175	0.010419262255891227	0.004081572266295552	0.019061599674873052	0.02183213529194745	0.010897676087915897	0.0023513116444121352	0.008369763568043708
A[C>A]G	0.0004671732691349462	8.24285621092713e-08	4.2186136670535444e-35	0.002782111675469423	0.004787359314923379	0.01350670880638063	0.006263264361768961	0.0023239513867793497
A[C>A]T	0.0004080343103851192	0.01685221204534173	0.01879786066710949	0.011710071470588446	0.0167259333662765	0.00957611509434173	0.006587130902335048	0.0034199851565063
A[C>G]A	0.0024862286169081925	0.004501806560438126	0.009507815912365913	0.017469099164009093	0.012589617539197207	0.0031453644340690965	0.005509641772368923	0.010926563059911132
A[C>G]C	0.0019068193764496754	0.006357197277247905	0.010390906129032373	0.0054411510936915874	0.005782051296222335	0.009945109765976684	0.0008983343943093303	0.009457661025226115
A[C>G]G	0.0008281007088953629	0.0004446845781274078	0.0019128723070025444	0.005096973621482448	0.012786490327084721	0.0048652578420387725	0.0020764630746100466	0.0013644017787100894
A[C>G]T	0.0017994853435084224	0.02134935334324837	0.024271771125495435	0.013241533562541069	0.01869202645323185	0.013761099055415903	4.978661140613764e-19	0.015566965192556381
A[C>T]A	0.005980620998889208	0.015908869355916976	0.01751873651519418	0.014193629240617156	0.013377426857732643	0.0009396187961101532	0.006708603166043758	0.01596856666728854
A[C>T]C	0.00276860436424613	0.009405743676626343	0.010524957161396741	0.011211870286236093	0.012778158020228147	0.01611548326909542	0.008370987740636337	0.011961640417575836
A[C>T]G	0.00436393185518682	0.011759291956457928	0.012260065786540509	0.042082011699676514	0.0473171204328537	0.04001260586082935	0.05383829697966576	0.051460616663098334
A[C>T]T	0.0007361224154010416	0.017881118739023805	0.01964302724227309	0.009076927788555646	0.011407566905544115	0.009200397133827209	0.005979832354933023	0.004947868990711868
A[T>A]A	0.000525141041725874	0.01489419024437666	0.0035738353151828052	0.0014640279863897376	0.0008292913436889649	0.0015711279585957528	0.0005040574772921693	0.006435056245118549
A[T>A]C	0.0006525450269691646	0.00159829399199225	0.0038447323255240916	0.004749189922586083	0.0012622036815969294	0.01496523697860539	0.008591749146580696	0.005490246973931789
A[T>A]G	0.0005875259113963694	0.013867903329082765	0.009447523919123846	0.007636367017403245	0.005545347373117693	0.011949874833226204	7.783121731961274e-05	0.007170663739088923
A[T>A]T	0.0	0.015055971685796976	0.005371458189000577	0.011721030436456203	0.0031332494955790937	0.0069132738626535685	0.00506957364838172	0.005665736366063356
A[T>C]A	0.0006307431613095105	0.008288145856931805	0.004052483756095171	0.013604027684777975	0.008584382524713875	0.020463632047176362	0.0014223227277398109	0.012182771135121584
A[T>C]C	0.0011839257669635117	0.013000736013054848	0.008469311892986298	0.002092847251333302	0.009359822515398264	0.00879650074057281	0.008286111569032074	0.0038494584150612354
A[T>C]G	0.001165434007998556	0.003919130028225486	0.004381788037153456	0.013368332525715232	0.012492463923990726	0.009801190439611673	0.02071121670305729	0.013847905583679676
A[T>C]T	0.0014289832397480495	0.027062468603253363	0.004119538678787818	0.01252714665606618	0.016362345404922964	0.014988107699900865	0.00790608897805214	0.004531965963542462
A[T>G]A	0.00019186699064448475	0.0051919535733759405	0.0037040852744496533	0.0018284699682119723	0.010254159197211265	0.004558004532009363	0.0005620115546321359	0.023372225649654865
A[T>G]C	9.493746911175549e-05	0.0034790629521012305	0.00632867980748415	0.002046776656061411	0.002662702742964029	0.004070186493811434	5.969512475001438e-07	0.0013264674699541956
A[T>G]G	0.0002953308925498277	0.00497932294383645	0.008452076464891434	0.004825958695678878	0.005407239494525129	0.004211011004463217	0.0013925580788267666	0.007012640405446291
A[T>G]T	0.0006307373580057174	0.008128418773412704	0.006177409738302231	0.0019328242167833247	0.003639636585506878	0.007910633273422719	0.0015183743344664435	0.001193425990641117
C[C>A]A	0.0009958142647519708	0.015048583969473839	0.01664096233434975	0.012815173715353012	0.013063114043325186	0.021616782620549203	0.0059347134083509445	0.01604898669756949
C[C>A]C	0.00050411257924452	0.02563338354229927	0.012984334863722325	0.01083527747541666	0.006165368622168913	0.015207492420449853	0.004808488301932812	0.0045994158402209
C[C>A]G	0.0017308497335761786	0.0018400983884930612	0.006448386912234127	0.006998585676774383	0.0037564838218543174	0.0019558174013695863	0.005235429294407368	0.0026906289160251616
C[C>A]T	0.0012079152977094055	0.016597142908722162	0.01734997732564807	0.014247200079262256	0.005081891547888517	0.04042100664228201	3.4021610940786204e-14	0.010155092831702421
C[C>G]A	0.005328735010698438	0.009261208777390388	0.014607187546789645	0.014062376692891121	0.013915490285995702	0.00994554590433836	1.1204709648930654e-31	0.005908403033390641
C[C>G]C	0.0008142760721966624	0.006660408340394497	0.007795318122953176	0.01941450238227844	0.01672738625202328	0.003411269234118208	0.003852800096277065	0.015546753071248531
C[C>G]G	0.002213696553371847	0.0004908999136401006	0.0077635505702346565	2.5488501478321266e-07	0.01703967386856675	0.005076755663014865	0.008275973296636607	0.009528295509517193
C[C>G]T	0.005093507887795568	0.02949460782110691	0.016572249121963978	0.004767135066939798	0.014377051871269942	0.01090816967189312	0.006272016279399395	5.465598163420612e-36
C[C>T]A	0.010934351198375224	0.008441574708565424	0.00958901345729828	0.011112184636294842	0.025479398039624356	0.0184429039247334	0.010140954703092574	0.02922111637890339
C[C>T]C	0.0055987870320677756	0.019982018694281577	0.0036491086706519128	0.013586762407794595	0.012185625918209552	0.006380751729011536	0.0026670007035159387	0.019363400572910906
C[C>T]G	0.010103131458163262	0.0075577646591718185	0.005275382241234183	0.02157117836177349	0.03647233732044697	0.006608463451266288	0.04923141784965992	0.031423849239945414
C[C>T]T	0.007393503282219172	0.01766647845506668	0.020458928775042295	0.026704567670822143	0.018654536455869675	0.006723991595208645	0.007495313696563244	0.011391119007021189
C[T>A]A	0.0005224592925516254	0.0006288044482062105	0.007495860010385514	0.00440352582372725	0.002322049893473377	0.004784889332950115	0.0032428762382552996	0.008213664348204475
C[T>A]C	0.0008025162853300572	0.009265488293021918	0.022192288376390933	0.0115110024016154	0.009395986710419902	0.0008183392519185873	0.0017720930255334722	0.004131757467985153
C[T>A]G	0.00024370572064071893	0.0043713213875889775	0.007048837747424841	0.010522744820314057	0.008676118577380976	0.002955427300184965	0.004463237549305177	0.026982604153454305
C[T>A]T	0.0	0.012288205977529287	0.006153697205638853	0.018376565165818575	0.0015551668031086763	2.0919291841892117e-06	9.113267924742985e-08	0.006265208316581905
C[T>C]A	0.0008166493214503134	0.006642427621409297	0.002186416462063789	0.005613430376956075	0.0017637275655943085	0.004221735941246152	0.0017805256702757787	0.003926521096764191
C[T>C]C	0.00047472858568653464	0.018008612282574176	0.001350879370875191	0.01480149831622839	0.016821954865008593	0.00903979679569602	0.0	0.010661245789378881
C[T>C]G	0.0015004983259132132	0.002282772585749626	0.01697965133935213	0.009059700602665543	0.0028281218138857867	0.012872191076166929	3.901761483904309e-08	0.010441535618156195
C[T>C]T	0.0002749875973677263	0.008896106760948897	0.009453290607780218	0.014474942907691002	1.1558344340301118e-06	0.01330090314149886	0.001886505619950185	0.011033687368035316
C[T>G]A	0.0	0.0018506635197468313	0.010301233640834084	0.00046717355617147404	0.0059924146330445184	1.2625739998384233e-06	2.5057925086002796e-07	0.004371680367535191
C[T>G]C	0.0010500602889806031	0.006831347569823265	0.0030806278893578563	0.004266716914686731	0.010260721296072006	0.00626688445918262	0.0039814897114411	0.0076654276344925165
C[T>G]G	0.0010806834092363716	0.009736396744847298	0.010909794410690666	0.015848416555672883	0.013250001892447471	0.013847569283097983	0.0021023270769433113	0.008178362698527054
C[T>G]T	0.0	0.0059094691649079325	0.00913681723177433	0.006734779570251703	0.007500742934644223	0.008532043990089732	1.831602503443719e-07	0.014228255297621218
G[C>A]A	0.0016991728451102972	0.011282254010438919	0.011437487229704857	0.014235481154173613	0.009115146100521087	0.011597877647727729	0.004498620703816414	0.011815022863447665
G[C>A]C	0.0015393605921417476	0.009531357278683572	0.01582339219748974	0.019348445907235147	0.009282612428069114	0.014013181254267693	0.00418800238609549	0.0056750081479549404
G[C>A]G	0.0009000996127724647	0.00022293089423328639	0.003655088134109974	0.0014389870455488562	0.019750169664621352	9.455244475830432e-15	0.0027515348279848694	0.002661258727312088
G[C>A]T	0.0006653133605141193	0.018749173544347287	0.009995062602683902	0.007886473299004137	0.007948687300086021	0.0035481170285493135	0.011602876319344091	0.008583135856315493
G[C>G]A	0.003003304428420961	0.008697943482547998	0.01988103874027729	0.002190848346799612	0.005527524603530764	0.006372673157602549	0.002994650647838171	0.0028512893406855257
G[C>G]C	0.0008569050172809511	0.0070481299422681335	0.00822486812248826	0.008997139614075422	0.0010007288306951522	0.011654639476910233	1.0015201610258372e-07	0.00435225241817534
G[C>G]G	0.001111883227713406	0.0022276744013652204	0.0026542741106823087	0.0026772054655907597	0.0006799197755753994	0.002118322625756264	0.0001946607929852462	0.0045173584316899
G[C>G]T	0.0022148867603391407	0.016801049746572972	0.025317948218435048	0.007917677983641624	0.0049597530625811615	0.007181890681385994	0.006481824442744255	0.0034221477340906858
G[C>T]A	0.0070673530921339985	0.00505722276866436	0.015477358363568783	0.025649719499051572	0.009935818612575531	0.02766534835100174	0.0023974723037099464	0.02655363529920578
G[C>T]C	0.003594249254092574	0.01046430221758865	0.012200128845870494	0.017651917412877083	0.007959544705227018	0.0064515805337578055	0.006054506823420525	0.014707074500620365
G[C>T]G	0.010311478935182094	0.014212565690007789	6.164389778859918e-05	0.02990059107542038	0.0540611170232296	0.02039940785616636	0.036524130031466484	0.02366073299199343
G[C>T]T	0.0037649662233889105	0.019688688963651658	0.013752327673137188	0.005274726544013042	0.0034268410937054556	0.00841308042872697	0.007496044039726257	0.008850570116192103
G[T>A]A	0.0002730271720793098	0.0028708266094326974	0.002163388181890015	0.006461025401949883	0.006722093489952385	0.008320862986147403	0.003779149614274502	0.0045452178481014014
G[T>A]C	0.0	0.0029324581862283593	0.004116443052384966	0.006082384195178747	0.0014549577695618155	0.005239826453106389	7.29610519556445e-08	0.002920602356653035
G[T>A]G	0.0009702674287836999	0.004850734211505571	0.010506785195320844	0.006241963782463245	0.005870508681982756	0.005288995336741209	0.0034644453087821605	0.0015509583055973053
G[T>A]T	0.00013932957081124185	0.006433924660086632	0.008548773918300867	0.00543094934871533	0.003395099702419202	0.008899233370857473	0.0020140551327131107	0.001668049971070218
G[T>C]A	0.0002076328790280968	0.004193800594657659	0.014114857651293278	0.007955359341576696	0.010150366292576507	0.0029485975240959306	0.007174668318589284	0.013513644239938394
G[T>C]C	0.0009823098516790196	0.0023750020191073418	0.005373626272194088	0.01453699953854084	0.0036475039360652772	0.003082896281921421	0.004975664149969816	0.002262812200933695
G[T>C]G	0.00047192313941195606	0.0016387639567255973	0.004549812758341432	0.003336684498935938	0.007066775672137737	0.006518804375082255	0.00444548140576444	0.00445586177520454
G[T>C]T	0.00012287326389923692	0.0014595557469983668	0.00771341489810311	0.0075245002750307325	0.013506355409617754	0.009451740260124098	0.006930692493915558	0.019762399978935717
G[T>G]A	0.0	0.005938598327338696	0.01623096251860261	0.0023769719526171686	0.0074809825687580656	0.0029956106367251324	0.0	0.002832614290650781
G[T>G]C	0.0005083089927211404	0.0036062316270545126	0.0025248322170227768	0.0019975060829892843	0.0003070661710808054	0.004639087058603763	0.00472387093211637	0.0027552010025829075
G[T>G]G	0.00177615312859416	0.007910897443071007	0.01562210856936872	0.010506554692983627	0.007575988944017809	3.342851414345205e-05	0.0038454885594546794	0.0026254300140749363
G[T>G]T	0.0004379437887109816	0.007376278634183109	0.006889500375837088	0.009968580794520676	0.005811307393014431	0.0010309870354831218	0.0003894929699242766	0.004465611152636484
T[C>A]A	0.02596462406218052	0.01304175453260541	0.024211753532290457	0.008949287235736894	0.022909078607335688	0.026802979595959186	0.014830667525529861	0.006783435247416492
T[C>A]C	0.01375997755676508	0.01420004484243691	0.02118097860366106	0.009795734193176031	0.005563525203615427	0.016756757348775863	0.01854369305074215	0.005636984761804342
T[C>A]G	0.004480241518467665	0.0014916655141860246	7.620546966791153e-08	0.005503310542553663	0.0009435227467065488	0.004843984078615904	0.002914480632171035	0.006188109518188689
T[C>A]T	0.012196899764239788	0.033043425530195236	0.01170602161437273	0.011856485810130834	0.01615069322376101	0.0328442320227623	0.015390150528401137	0.012789697200059891
T[C>G]A	0.13933637142181396	0.03439022423699498	0.013622832670807838	0.001967278093221622	3.8010252273219504e-33	0.01061710249632597	0.09853958114981651	0.04033176396042108
T[C>G]C	0.03728330992162228	0.011068784631877512	0.032079771906137464	0.007227024622261524	0.011695291753858328	0.033367660641670224	0.01398747693747282	0.04409320559352636
T[C>G]G	0.012937636487185955	0.0014565225224941968	0.0010561451927713962	0.000669940619263798	0.0015046284133774178	0.0072922152932733296	0.006219880941898737	0.00081556682287669
T[C>G]T	0.17724641263484955	0.06013738196343184	0.028552569987715513	0.014443788754482578	0.01981939561665058	0.02061261683702469	0.12005328461527824	0.024362353235892645
T[C>T]A	0.2096203535795212	0.035894103720784186	0.017524450831115247	0.009332546219245527	0.041490865871310234	0.006255764396550611	0.13404699862003328	0.016946402192115784
T[C>T]C	0.06661402136087417	0.029151430167257786	0.014718899130821228	0.016984087228775025	0.016597524285316467	0.01639763079583645	0.034987776353955266	0.027893327770289033
T[C>T]G	0.055676335096359254	0.011988892895169556	0.016317526716738938	0.010994791612029075	0.024413878098130226	0.023700983077287675	0.03363277688622475	0.016864338470622898
T[C>T]T	0.10872115343809127	0.0488133255392313	0.00920956488698721	0.03725291397422552	0.022967249527573584	0.017987908667419106	0.0471851309761405	0.012734955921769143
T[T>A]A	0.00080385907785967	0.0016882719239220024	0.010525393718853592	0.0032856578302016713	0.015440480690449477	0.014108740724623203	0.010688374005258083	0.012154349141323715
T[T>A]C	9.740172536112368e-05	0.001750483363866806	0.006851444765925407	0.006863357312977314	0.0026279545935381067	0.013915129378437996	0.006969619635492563	0.0045274346680571394
T[T>A]G	0.0008103321481030435	0.00758148655295372	0.0036462472751736643	0.010026483051478862	0.002854145204003089	0.005410837702612525	0.0004887855723325174	0.003711313894018531
T[T>A]T	0.00034913717536255717	0.011212107655410364	0.018591866828501225	0.007235466688871384	0.0030182862654330707	0.009047343721613288	0.0015229004202410579	0.0036624006927013395
T[T>C]A	0.0	0.0013023475650697947	0.002647094102576375	0.011205597314983606	0.0029264932298247006	0.007322376328124847	0.007756200572475791	0.018969111144542694
T[T>C]C	3.9932015351951125e-05	2.2040724161342952e-07	0.016804925445467234	0.010105451010167599	0.007769039925187826	0.012859352305531502	0.004476031800732016	0.013338622823357581
T[T>C]G	0.000730023451615125	0.0008405772037804127	0.010144742205739021	0.003832357010105625	0.0024843540042638777	0.008375914860516786	0.0074956582466256805	0.0002407633000984788
T[T>C]T	5.052294589465245e-05	6.625092937867992e-05	0.015549227874726058	0.008719450049102306	0.015458145871519946	0.0174114927649498	0.006159663386642933	0.01320469918271101
T[T>G]A	0.00022926308677568842	0.0	0.0036960600811596577	0.004110612440854339	0.00700770067051053	0.0071429343473937475	0.0014060715213418007	0.005435612192377448
T[T>G]C	0.00032679226133041094	0.0032101674005389214	0.011145110707730055	0.0046942394230126	0.0028266670595996856	0.005169582132737105	0.0004144822325599762	0.00314646540209651
T[T>G]G	6.966415185544395e-42	0.004423240851610899	0.004301705985722037	0.017095170644552127	0.005017798388040262	0.0031960073931486476	0.002873169301744838	0.0013648578729828387
T[T>G]T	0.0003152515317196958	0.009232761058956384	0.0023909387222744273	0.026270591467618943	0.007318671124596676	0.00225233379751482	0.0014339592546946279	0.01092021484897714
