MutationType	DBS78A	DBS78B	DBS78C	DBS78D	DBS78E	DBS78F	DBS78G	DBS78H
AC>CA	0.00000032	0.00000278	0.01174420	0.00475007	0.00000227	0.00393816	0.00249001	0.00893345
AC>CG	0.00000096	0.00853824	0.00700514	0.00391180	0.00000158	0.00000175	0.00000202	0.00000419
AC>CT	0.00301865	0.00000125	0.01014254	0.00376931	0.00114624	0.00849513	0.00000262	0.00319210
AC>GA	0.01522210	0.00000127	0.00000065	0.00407874	0.01683524	0.03344980	0.00598186	0.00833291
AC>GG	0.00000123	0.00000145	0.00000351	0.00000269	0.00000302	0.00000325	0.00000391	0.00000490
AC>GT	0.00000065	0.00000122	0.00600939	0.00536972	0.00000578	0.00000350	0.00000337	0.00000430
AC>TA	0.00238170	0.00000056	0.01477800	0.00373764	0.00827452	0.00126718	0.01746240	0.00833082
AC>TG	0.00301964	0.00000096	0.00000551	0.00000161	0.00000257	0.01574786	0.00000358	0.00511455
AC>TT	0.00000083	0.02636020	0.00174229	0.00764751	0.00181750	0.00415146	0.01581926	0.01145952
AT>CA	0.00000060	0.00000363	0.00567594	0.00000145	0.01767083	0.00850183	0.00000170	0.00000416
AT>CC	0.00000123	0.00000145	0.00000351	0.00000269	0.00000302	0.00000325	0.00000391	0.00000490
AT>CG	0.00000123	0.00000145	0.00000351	0.00000269	0.00000302	0.00000325	0.00000391	0.00000490
AT>GA	0.00467198	0.00000207	0.00000176	0.00204036	0.00642755	0.00052220	0.00281931	0.02498959
AT>GC	0.00000123	0.00000145	0.00000351	0.00000269	0.00000302	0.00000325	0.00000391	0.00000490
AT>TA	0.00786324	0.00000110	0.00657401	0.00577824	0.00418711	0.00086467	0.00000132	0.00892920
CC>AA	0.29195593	0.01466023	0.11360053	0.18403396	0.02819753	0.24265358	0.05893689	0.04893223
CC>AG	0.03691626	0.02224929	0.02327500	0.02494589	0.01536311	0.00664512	0.09456421	0.01148634
CC>AT	0.11463540	0.03937941	0.02756336	0.01638080	0.03553727	0.02038869	0.04797773	0.05823244
CC>GA	0.03520877	0.00000027	0.05231743	0.02712396	0.01374879	0.01557437	0.01967361	0.09763791
CC>GG	0.00000064	0.00000096	0.00344105	0.00577978	0.00339333	0.00000227	0.00977630	0.00000431
CC>GT	0.01120906	0.05633341	0.01038877	0.01701680	0.01984121	0.01510072	0.03003974	0.00941423
CC>TA	0.03140903	0.04185711	0.00000098	0.00000135	0.00388876	0.00674648	0.01688422	0.00472426
CC>TG	0.00000083	0.00833387	0.00000213	0.00000237	0.00000192	0.00000248	0.00000282	0.00000405
CC>TT	0.02262837	0.29354430	0.01126483	0.01058582	0.03127563	0.04191222	0.04811719	0.02746785
CG>AT	0.00000149	0.00000140	0.00000274	0.00000197	0.00343114	0.00543865	0.00000269	0.01790823
CG>GC	0.00000123	0.00000145	0.00000351	0.00000269	0.00000302	0.00000325	0.00000391	0.00000490
CG>GT	0.00425765	0.00000116	0.00734736	0.00000401	0.00000163	0.00125529	0.00281599	0.00319131
CG>TA	0.00000034	0.00247913	0.00522329	0.01074394	0.00000378	0.01646436	0.00000138	0.02052287
CG>TC	0.00000123	0.00000145	0.00000351	0.00000269	0.00000302	0.00000325	0.00000391	0.00000490
CG>TT	0.00000123	0.00000145	0.00000351	0.00000269	0.00000302	0.00000325	0.00000391	0.00000490
CT>AA	0.01202960	0.01787001	0.01402225	0.05079275	0.00879857	0.03671634	0.02151849	0.01533132
CT>AC	0.00363174	0.00000145	0.00000295	0.00000187	0.00000298	0.00403668	0.00000396	0.00000534
CT>AG	0.00687921	0.00000043	0.01604566	0.00781895	0.08111732	0.00000226	0.00786504	0.00000957
CT>GA	0.00693353	0.00000100	0.01223770	0.00595175	0.00196815	0.00000171	0.00000173	0.00000378
CT>GC	0.00000049	0.01087250	0.00344558	0.01049640	0.00000064	0.00393763	0.00000156	0.00472367
CT>GG	0.00201024	0.00459652	0.00343960	0.00782053	0.00000215	0.00000147	0.01018414	0.00956369
CT>TA	0.00624941	0.09030189	0.00157958	0.01832151	0.01017711	0.01674447	0.02082437	0.01134485
CT>TC	0.00000020	0.00432752	0.00000152	0.00000204	0.00000089	0.02497749	0.01188096	0.00318968
CT>TG	0.00000017	0.00000114	0.02120360	0.00851908	0.00000202	0.00000142	0.00000168	0.04805201
GC>AA	0.05166211	0.02149577	0.01857632	0.01902938	0.10132262	0.12437327	0.04402868	0.00766251
GC>AG	0.05091167	0.03283229	0.00000047	0.00000000	0.06026794	0.00959619	0.03236475	0.02693580
GC>AT	0.00893481	0.00000039	0.00371565	0.00000080	0.01117965	0.00000139	0.06799687	0.01878220
GC>CA	0.00000080	0.00403953	0.01622008	0.00204163	0.00414281	0.00621212	0.00000133	0.02300760
GC>CG	0.00000123	0.00000145	0.00000351	0.00000269	0.00000302	0.00000325	0.00000391	0.00000490
GC>TA	0.00104306	0.00000115	0.00000271	0.00394353	0.01438963	0.00126846	0.00000327	0.00000389
TA>AT	0.00000026	0.00452569	0.00686181	0.00284850	0.00455900	0.00346885	0.01501133	0.03869365
TA>CG	0.00000065	0.00000108	0.01000217	0.00204243	0.00000254	0.00549040	0.00000208	0.02693595
TA>CT	0.00407352	0.00000053	0.01788798	0.01418763	0.00000210	0.00196349	0.04946886	0.04107129
TA>GC	0.00000123	0.00000145	0.00000351	0.00000269	0.00000302	0.00000325	0.00000391	0.00000490
TA>GG	0.00000074	0.00000115	0.00000261	0.00000241	0.00000281	0.00549101	0.00000291	0.02564263
TA>GT	0.00354338	0.00124201	0.00356882	0.02115530	0.00000237	0.00000261	0.00000415	0.00557580
TC>AA	0.04753883	0.00551935	0.16738079	0.09948603	0.11703881	0.10957957	0.03891240	0.05066915
TC>AG	0.00424674	0.03951826	0.00332812	0.00210547	0.00000015	0.00742882	0.04351379	0.01576503
TC>AT	0.03390239	0.13223839	0.00471904	0.06826687	0.11034933	0.04436236	0.01357932	0.03795838
TC>CA	0.01872699	0.00335508	0.04027287	0.08547866	0.01812112	0.03889992	0.01245583	0.00000132
TC>CG	0.00467639	0.00000100	0.00477645	0.01750682	0.00000142	0.00787518	0.00000250	0.00766849
TC>CT	0.02795073	0.03467994	0.01225736	0.03304897	0.00000000	0.02139333	0.00676480	0.00956154
TC>GA	0.03029832	0.00000078	0.00662551	0.00000046	0.04493199	0.01157415	0.00904716	0.00000389
TC>GG	0.00399261	0.00771995	0.00178332	0.01003381	0.00000104	0.00000141	0.00000267	0.00000279
TC>GT	0.00000011	0.01215358	0.00165623	0.00884201	0.00480149	0.00207553	0.01138275	0.03761768
TG>AA	0.00930629	0.00000106	0.01014090	0.00186945	0.00287805	0.00205040	0.00000234	0.00000384
TG>AC	0.00356055	0.00000124	0.00000301	0.00000241	0.00000280	0.00000291	0.00000359	0.00000475
TG>AT	0.02814645	0.00000025	0.03169507	0.03561769	0.01777284	0.00000038	0.05632691	0.00301926
TG>CA	0.00431780	0.01028113	0.03757490	0.01866692	0.00503802	0.04978390	0.04426169	0.04005219
TG>CC	0.00250072	0.01327559	0.00000252	0.00252866	0.03742918	0.00274592	0.00000182	0.01369346
TG>CT	0.02553428	0.00000005	0.13195664	0.05592715	0.13257977	0.00000000	0.01698811	0.03976447
TG>GA	0.00000107	0.00000142	0.00344214	0.00000230	0.00000301	0.00000292	0.00000316	0.00000468
TG>GC	0.00000081	0.00000098	0.00656339	0.00391117	0.00000227	0.00000234	0.01092876	0.00319151
TG>GT	0.00354514	0.01621390	0.01660787	0.02647186	0.00000080	0.00000032	0.01321123	0.01827435
TT>AA	0.00230931	0.00839173	0.03989024	0.01359844	0.00000067	0.00000068	0.02884786	0.00037478
TT>AC	0.00000091	0.00000103	0.00478210	0.00391160	0.00000281	0.00000265	0.00000298	0.00000454
TT>AG	0.00176900	0.00000178	0.00000178	0.00000222	0.00000233	0.00150622	0.02796670	0.01241211
TT>CA	0.00000087	0.00579719	0.00000274	0.00000249	0.00000219	0.00000262	0.00000326	0.00000423
TT>CC	0.00201525	0.00372219	0.00000258	0.00000197	0.00000451	0.00000245	0.00000441	0.00000470
TT>CG	0.00208451	0.00000115	0.00756328	0.00000220	0.00000262	0.00000263	0.00000464	0.00956536
TT>GA	0.00000123	0.00000145	0.00000351	0.00000269	0.00000302	0.00000325	0.00000391	0.00000490
TT>GC	0.00000047	0.00124145	0.00000574	0.00000193	0.00000312	0.00000254	0.01119216	0.01241273
TT>GG	0.00125118	0.00000114	0.00000639	0.00000190	0.00000282	0.00725328	0.00000371	0.00255978
