MutationType	SBS1	SBS2	SBS5	SBS6	SBS7a	SBS7b	SBS10b	SBS13	SBS15	SBS26	SBS36	SBS42	SBS44	SBS96C	SBS96F
A[C>A]A	0.00088616	0.00000058	0.01199760	0.00042523	0.00006700	0.00232939	0.00018200	0.00181992	0.00094420	0.00087312	0.02519378	0.00116025	0.00000000	0.00233627	0.00692060
A[C>A]C	0.00228041	0.00014800	0.00943811	0.00052429	0.00017912	0.00046088	0.00653991	0.00072097	0.00049711	0.00052807	0.00831795	0.02060448	0.00015004	0.00330353	0.01244761
A[C>A]G	0.00017703	0.00005230	0.00184963	0.00005200	0.00007120	0.00018595	0.00005350	0.00026399	0.00004610	0.00011401	0.00223945	0.00003340	0.00000092	0.00232680	0.00883880
A[C>A]T	0.00128023	0.00009780	0.00660868	0.00018010	0.00024816	0.00070981	0.00001630	0.00034798	0.00111024	0.00061908	0.01789558	0.00797173	0.00578147	0.00291097	0.00808133
A[C>G]A	0.00186033	0.00000000	0.01009798	0.00047126	0.00006490	0.00000856	0.00030500	0.00386983	0.00011302	0.00042706	0.00183955	0.00040609	0.00318081	0.00407473	0.03997188
A[C>G]C	0.00122022	0.00013300	0.00569886	0.00028916	0.00002160	0.00018895	0.00013400	0.00095096	0.00026906	0.00037805	0.00166959	0.00050611	0.00023306	0.00455833	0.02211209
A[C>G]G	0.00011502	0.00001520	0.00171966	0.00000000	0.00005080	0.00050487	0.00000000	0.00026399	0.00003070	0.00006830	0.00049988	0.00001770	0.00003140	0.00389060	0.02017903
A[C>G]T	0.00114020	0.00009120	0.01009798	0.00025414	0.00009570	0.00028493	0.00000000	0.00399982	0.00032507	0.00072810	0.00190953	0.00043109	0.00329083	0.00596575	0.03938718
A[C>T]A	0.02500444	0.00006110	0.03259348	0.06413516	0.00012208	0.00140963	0.00054899	0.00717968	0.00505108	0.00266036	0.00595853	0.02240487	0.08992278	0.01042691	0.02362506
A[C>T]C	0.00632112	0.00138004	0.01789642	0.02291256	0.01771150	0.03808996	0.00524993	0.00000000	0.00691148	0.00254034	0.00327919	0.03980865	0.01690428	0.01099410	0.00691077
A[C>T]G	0.36506483	0.00003270	0.00617876	0.12006582	0.00000000	0.00054286	0.00041399	0.00030299	0.07451597	0.00533072	0.00706825	0.00044010	0.01430362	0.00681512	0.00468375
A[C>T]T	0.00958170	0.00186005	0.02199560	0.02131168	0.00742482	0.01079715	0.00792989	0.00031799	0.00178038	0.00279038	0.00430894	0.03520765	0.03030768	0.01143962	0.01611047
A[T>A]A	0.00080014	0.00009590	0.00737852	0.00009830	0.00194126	0.00248934	0.00181997	0.00000000	0.00204044	0.00152020	0.00243940	0.01330289	0.00478121	0.00510083	0.00522451
A[T>A]C	0.00223040	0.00087803	0.00692861	0.00054630	0.00067044	0.00046688	0.00033699	0.00006520	0.00084118	0.00352048	0.00142965	0.00401087	0.00260066	0.00640228	0.00528533
A[T>A]G	0.00114020	0.00002550	0.00911818	0.00000000	0.00058738	0.00155959	0.00002340	0.00058997	0.00054012	0.00062508	0.00252937	0.00501109	0.00000108	0.00241791	0.00152412
A[T>A]T	0.00018303	0.00000000	0.00619876	0.00166091	0.00371241	0.00828782	0.00284996	0.00060597	0.00954204	0.00307041	0.00306924	0.00685149	0.03080781	0.00227151	0.00120195
A[T>C]A	0.00109019	0.00006170	0.04619076	0.00221121	0.00049032	0.00101973	0.00934987	0.00190992	0.00389083	0.08481146	0.00524870	0.01160252	0.01930489	0.00349117	0.00415094
A[T>C]C	0.00304054	0.00002150	0.01339732	0.00113062	0.00022715	0.00045588	0.00050999	0.00014199	0.00196042	0.02610353	0.00168958	0.00351076	0.00324082	0.00290886	0.00890622
A[T>C]G	0.00010602	0.00001320	0.03819236	0.00424233	0.00018712	0.00149960	0.00053099	0.00042798	0.00024005	0.07851061	0.00383905	0.00856186	0.02720689	0.00280717	0.00407805
A[T>C]T	0.00574102	0.00015500	0.03829234	0.00050228	0.00061540	0.00214943	0.00015000	0.00095896	0.00092920	0.03720503	0.00511874	0.00270059	0.00026707	0.00031623	0.00443219
A[T>G]A	0.00017203	0.00023801	0.00385923	0.00002570	0.00047331	0.00008440	0.00003470	0.00006140	0.00046810	0.00292040	0.00108973	0.00120026	0.00000002	0.00084990	0.00218305
A[T>G]C	0.00020704	0.00007460	0.00259948	0.00020411	0.00024716	0.00093175	0.00005330	0.00000000	0.00041509	0.00253034	0.00062285	0.00040509	0.00003260	0.00150707	0.00525852
A[T>G]G	0.00026805	0.00000205	0.00793841	0.00010706	0.00027618	0.00146961	0.00052299	0.00008250	0.00018504	0.00229031	0.00093577	0.00063714	0.00000747	0.00287813	0.01073006
A[T>G]T	0.00011202	0.00000376	0.00482903	0.00038621	0.00030920	0.00073281	0.00000000	0.00031999	0.00363078	0.00593080	0.00098376	0.00091120	0.00142036	0.00249128	0.00391838
C[C>A]A	0.00031205	0.00020801	0.00742851	0.00182100	0.00045529	0.00113970	0.00052099	0.00139994	0.04180896	0.00141019	0.05578622	0.01160252	0.00002840	0.00700738	0.02819597
C[C>A]C	0.00179032	0.00009530	0.00613877	0.00409224	0.00024016	0.00154959	0.00317995	0.00096796	0.00505108	0.00151020	0.02019501	0.03280713	0.03030768	0.00672958	0.02414894
C[C>A]G	0.00009320	0.00000000	0.00345931	0.00165091	0.00000000	0.00040789	0.00008380	0.00000433	0.00006620	0.00036205	0.00709825	0.00188041	0.00374095	0.00282477	0.01087329
C[C>A]T	0.00000000	0.00042101	0.00648870	0.00960526	0.00037224	0.00148961	0.00832988	0.00000000	0.02870615	0.00714096	0.06048506	0.02110459	0.08672197	0.00233056	0.00636586
C[C>G]A	0.00002410	0.00000000	0.00695861	0.00004110	0.00000000	0.00045788	0.00002990	0.00560975	0.00008360	0.00036405	0.00123969	0.00426093	0.00005360	0.00838025	0.02829018
C[C>G]C	0.00007680	0.00035101	0.00906819	0.00003720	0.00013108	0.00095975	0.00000000	0.00064797	0.00001700	0.00032204	0.00136966	0.00662144	0.00002490	0.00072349	0.03159727
C[C>G]G	0.00035206	0.00004870	0.00248950	0.00008430	0.00007760	0.00079079	0.00000000	0.00048798	0.00005020	0.00004170	0.00041890	0.00047010	0.00000000	0.00341220	0.02763382
C[C>G]T	0.00000000	0.00006360	0.00952809	0.00001440	0.00009570	0.00088977	0.00000000	0.00639972	0.00008450	0.00062508	0.00208948	0.00684149	0.00008640	0.00250345	0.07359780
C[C>T]A	0.00200036	0.00432013	0.01939612	0.01360746	0.05003248	0.10697180	0.00015100	0.00001930	0.01080231	0.00169023	0.00674833	0.01870407	0.00357090	0.03679620	0.01177266
C[C>T]C	0.00027005	0.00017001	0.01899620	0.01480812	0.05533592	0.18195203	0.00008440	0.00134994	0.01110238	0.00283038	0.00667835	0.04811046	0.00286073	0.00704661	0.00632966
C[C>T]G	0.19603481	0.00277008	0.01749650	0.12206692	0.00671436	0.02209418	0.00369995	0.00198991	0.02480532	0.00334045	0.00532868	0.00192042	0.01550393	0.00926328	0.01033692
C[C>T]T	0.00019604	0.00145004	0.02309538	0.01380757	0.05663676	0.12596679	0.00059499	0.00144994	0.01560334	0.00165022	0.00574858	0.03290716	0.00504128	0.01713552	0.02618228
C[T>A]A	0.00004300	0.00024301	0.00353929	0.00006660	0.00017711	0.00111970	0.00007090	0.00020899	0.00034807	0.00094413	0.00125969	0.01260274	0.00001240	0.00247149	0.00393328
C[T>A]C	0.00039307	0.00024401	0.00518896	0.00055130	0.00026117	0.00095775	0.00010600	0.00034198	0.00024405	0.00145020	0.00145964	0.00172037	0.00325082	0.00296619	0.01433285
C[T>A]G	0.00032406	0.00014900	0.00500900	0.00011506	0.00011207	0.00088277	0.00000000	0.00022599	0.00008200	0.00114015	0.00213947	0.01490324	0.00058215	0.00220738	0.02008614
C[T>A]T	0.00026005	0.00000000	0.00429914	0.00017910	0.00037124	0.00011197	0.00023400	0.00052298	0.00105022	0.00064209	0.00195952	0.00757165	0.00001380	0.00416871	0.02359928
C[T>C]A	0.00000000	0.00030201	0.01329734	0.00166091	0.00045129	0.00152960	0.00131998	0.00004740	0.00075016	0.05200703	0.00149963	0.00354077	0.01460370	0.00154637	0.00260177
C[T>C]C	0.00250044	0.00002850	0.01039792	0.00103056	0.00025917	0.00083978	0.00012400	0.00012200	0.00215046	0.03120422	0.00187954	0.00313068	0.00320081	0.00700255	0.00671267
C[T>C]G	0.00036006	0.00000000	0.02079584	0.00532292	0.00010407	0.00072981	0.00002530	0.00000000	0.00139030	0.07871064	0.00184954	0.00356077	0.03380857	0.00002679	0.00500803
C[T>C]T	0.00004260	0.00018600	0.01489702	0.00127070	0.00182118	0.00572849	0.00081499	0.00011200	0.00175037	0.05550750	0.00215947	0.00324070	0.00771195	0.00458378	0.00981877
C[T>G]A	0.00003550	0.00015300	0.00258948	0.00004950	0.00008430	0.00035891	0.00022700	0.00004140	0.00020604	0.00142019	0.00047788	0.00087019	0.00023406	0.00120132	0.00274018
C[T>G]C	0.00021204	0.00015500	0.00460908	0.00078443	0.00017211	0.00079179	0.00114998	0.00000282	0.00015703	0.00494067	0.00056586	0.00075316	0.00253064	0.00450342	0.00616733
C[T>G]G	0.00012802	0.00012100	0.00612877	0.00092451	0.00000000	0.00128966	0.00047899	0.00000000	0.00027206	0.00556075	0.00088678	0.00568123	0.00347088	0.00289538	0.02407924
C[T>G]T	0.00017103	0.00020301	0.00729854	0.00130071	0.00002650	0.00000368	0.00522993	0.00005550	0.00249053	0.00780105	0.00106974	0.00348076	0.00038410	0.00170008	0.01217276
G[C>A]A	0.00158028	0.00008620	0.01019796	0.00042723	0.00004060	0.00074580	0.00073099	0.00094896	0.00229049	0.00049607	0.06768328	0.00771168	0.00000000	0.00571597	0.00519961
G[C>A]C	0.00033906	0.00000000	0.00764847	0.00091350	0.00013809	0.00021494	0.00254996	0.00045098	0.00249053	0.00066609	0.01919526	0.02680583	0.00467118	0.00362145	0.01901358
G[C>A]G	0.00058710	0.00001390	0.00233953	0.00035720	0.00004250	0.00007290	0.00008520	0.00016399	0.00040409	0.00012902	0.00482881	0.00106023	0.00060515	0.00231069	0.00136744
G[C>A]T	0.00000000	0.00005120	0.00681864	0.00123067	0.00000000	0.00014696	0.00279996	0.00006150	0.01820390	0.00081711	0.06898296	0.01810394	0.01130286	0.00721453	0.00834278
G[C>G]A	0.00000959	0.00006540	0.00467906	0.00001940	0.00001960	0.00005110	0.00001720	0.00149993	0.00099421	0.00039505	0.00088578	0.00240052	0.00021906	0.00367268	0.02190645
G[C>G]C	0.00016403	0.00026101	0.00507898	0.00068538	0.00003320	0.00045188	0.00013600	0.00047898	0.00060813	0.00057908	0.00107973	0.00142031	0.00119030	0.00611474	0.01760342
G[C>G]G	0.00016603	0.00000000	0.00150970	0.00000000	0.00004510	0.00033691	0.00000000	0.00024099	0.00001010	0.00007380	0.00017196	0.00022305	0.00000000	0.00187443	0.01206744
G[C>G]T	0.00000000	0.00013400	0.00671866	0.00032118	0.00004200	0.00027693	0.00011300	0.00269988	0.00045110	0.00030504	0.00104974	0.00277060	0.00185047	0.00765347	0.03408431
G[C>T]A	0.00444079	0.00000000	0.01939612	0.09365134	0.00008500	0.00085478	0.00036300	0.00717968	0.07371579	0.00275037	0.00371908	0.03360731	0.09552420	0.01238127	0.00914867
G[C>T]C	0.00009280	0.00000013	0.02159568	0.11106088	0.01170760	0.02629307	0.01509979	0.00092096	0.12902764	0.00545074	0.00339916	0.15203306	0.08142063	0.00416956	0.00277955
G[C>T]G	0.21803872	0.00000000	0.01229754	0.17809764	0.00000552	0.00017595	0.01259982	0.00017799	0.27705936	0.00668090	0.00569859	0.00455099	0.04961257	0.00621754	0.00111206
G[C>T]T	0.00003840	0.00005040	0.01859628	0.07444081	0.01611046	0.00538858	0.03189955	0.00126994	0.07721654	0.00498067	0.00362910	0.08651881	0.06661688	0.00195090	0.00600359
G[T>A]A	0.00008120	0.00000000	0.00366927	0.00005100	0.00040126	0.00052586	0.00000000	0.00000670	0.00051111	0.00078311	0.00087978	0.01200261	0.00116029	0.00198249	0.00365584
G[T>A]C	0.00012902	0.00013100	0.00290942	0.00048927	0.00022415	0.00025593	0.00012300	0.00012999	0.00058913	0.00115015	0.00063084	0.00184040	0.00236060	0.00439072	0.00597602
G[T>A]G	0.00024604	0.00006380	0.00410918	0.00019511	0.00029019	0.00065583	0.00000000	0.00004700	0.00018704	0.00060808	0.00116971	0.00777169	0.00221056	0.00222683	0.00899979
G[T>A]T	0.00025805	0.00006280	0.00321936	0.00024814	0.00030620	0.00005590	0.00010800	0.00035798	0.00084018	0.00083411	0.00111972	0.00325071	0.00318081	0.00116171	0.00674821
G[T>C]A	0.00105019	0.00000000	0.01409718	0.00257141	0.00010107	0.00026593	0.01469979	0.00028699	0.01290276	0.08351129	0.00233942	0.00582127	0.02700684	0.00011071	0.00000129
G[T>C]C	0.00190034	0.00002740	0.00793841	0.00111061	0.00007410	0.00000000	0.00532993	0.00018199	0.01160249	0.02480335	0.00139965	0.00331072	0.00116029	0.00042233	0.00408998
G[T>C]G	0.00117021	0.00010700	0.01499700	0.00245134	0.00007250	0.00052886	0.00137998	0.00019499	0.00595127	0.07120962	0.00183955	0.00321070	0.01730438	0.00026377	0.00000275
G[T>C]T	0.00007130	0.00001250	0.01369726	0.00090650	0.00081153	0.00684819	0.01149984	0.00000000	0.00586126	0.05520746	0.00264935	0.00239052	0.01110281	0.00537731	0.00092170
G[T>G]A	0.00000000	0.00020901	0.00251950	0.00004350	0.00009070	0.00032292	0.00048099	0.00008770	0.00020304	0.00137018	0.00018495	0.00114025	0.00000000	0.00116197	0.00580968
G[T>G]C	0.00000000	0.00013300	0.00170966	0.00021312	0.00012108	0.00032092	0.00094199	0.00000000	0.00058012	0.00121016	0.00031292	0.00007050	0.00001830	0.00170490	0.00310604
G[T>G]G	0.00034806	0.00003710	0.00529894	0.00027415	0.00032521	0.00240937	0.00172998	0.00042598	0.00034707	0.00235032	0.00152962	0.00041009	0.00010303	0.00386527	0.01766825
G[T>G]T	0.00001460	0.00000000	0.00234953	0.00078743	0.00083554	0.00182952	0.00515993	0.00000289	0.00139030	0.00605082	0.00048888	0.00092020	0.00280071	0.00244942	0.00285698
T[C>A]A	0.00006580	0.00063902	0.00785843	0.00035620	0.00039025	0.00289924	0.00044599	0.07899652	0.01720368	0.00093813	0.14096518	0.00510111	0.00085322	0.02470904	0.00000137
T[C>A]C	0.00253045	0.00017001	0.00916817	0.00049827	0.00063641	0.00351907	0.00379995	0.02939870	0.00581124	0.00063008	0.07718094	0.05401174	0.00222056	0.01475536	0.01739051
T[C>A]G	0.00000000	0.00008530	0.00229954	0.00020011	0.00003440	0.00029992	0.00057299	0.01209947	0.00007690	0.00012302	0.01469637	0.00090420	0.00000032	0.00644798	0.00000050
T[C>A]T	0.00000588	0.00044001	0.01269746	0.00074741	0.00061340	0.00140963	0.08159886	0.03549844	0.00805172	0.00140019	0.20794864	0.02730594	0.01660421	0.00632427	0.00280416
T[C>G]A	0.00000000	0.00000000	0.00780844	0.00004970	0.00000000	0.00025393	0.00000000	0.31698603	0.00021405	0.00131018	0.00397902	0.00055912	0.00067317	0.17572975	0.00000106
T[C>G]C	0.00020304	0.00009870	0.00759848	0.00011306	0.00005090	0.00161957	0.00000000	0.06349720	0.00006120	0.00074510	0.00240940	0.00187041	0.00000940	0.05700524	0.01882431
T[C>G]G	0.00006940	0.00004120	0.00170966	0.00000195	0.00000635	0.00036390	0.00000000	0.01379939	0.00005840	0.00009410	0.00030192	0.00020704	0.00000000	0.02169403	0.01097251
T[C>G]T	0.00156028	0.00118003	0.01249750	0.00012807	0.00028118	0.00071381	0.00004340	0.36898374	0.00017404	0.00221030	0.00758813	0.00038108	0.00259066	0.00834695	0.00062240
T[C>T]A	0.00111020	0.53601551	0.02029594	0.01200658	0.23815459	0.00660826	0.00272996	0.00692969	0.02650568	0.00329044	0.01069736	0.00482105	0.00140036	0.00187069	0.00000070
T[C>T]C	0.00003730	0.09730282	0.02299540	0.01050576	0.33121500	0.21094439	0.04849932	0.00447980	0.00956205	0.00253034	0.00685831	0.03270711	0.00225057	0.04818939	0.00729446
T[C>T]G	0.11001954	0.04420128	0.01589682	0.05202852	0.07414813	0.05738487	0.43699388	0.00118995	0.02120454	0.00263036	0.00388904	0.00036408	0.00000000	0.03568536	0.00000002
T[C>T]T	0.00000000	0.30000868	0.02099580	0.00699383	0.10706950	0.10197312	0.12799821	0.00141994	0.00174037	0.00213029	0.00832794	0.01510328	0.00302076	0.23686603	0.00294606
T[T>A]A	0.00672119	0.00042201	0.00630874	0.00045425	0.00035623	0.00323915	0.00305996	0.00029599	0.00109023	0.00113015	0.00245939	0.00850185	0.00696176	0.00009744	0.00270983
T[T>A]C	0.00000000	0.00019201	0.00413917	0.00011406	0.00038925	0.00223941	0.00066499	0.00023199	0.00015703	0.00126017	0.00101975	0.00226049	0.00002070	0.00196606	0.00641185
T[T>A]G	0.00002800	0.00005010	0.00478904	0.00002950	0.00000000	0.00169955	0.00007060	0.00018799	0.00014903	0.00027804	0.00087179	0.00533116	0.00000502	0.00108478	0.00995784
T[T>A]T	0.00225040	0.00020501	0.00874825	0.00042623	0.00079852	0.00000000	0.00151998	0.00006200	0.00047510	0.00131018	0.00269933	0.00352076	0.01390352	0.00304616	0.00789804
T[T>C]A	0.00025505	0.00000000	0.01799640	0.00148081	0.00215140	0.00599842	0.00885988	0.00002210	0.00342073	0.04230572	0.00296927	0.00682148	0.01990504	0.00172130	0.00404448
T[T>C]C	0.00339060	0.00004350	0.00970806	0.00109060	0.00059639	0.00172954	0.00008100	0.00002490	0.00592127	0.03140424	0.00227944	0.00303066	0.01050266	0.00537351	0.00572547
T[T>C]G	0.00041607	0.00011700	0.01269746	0.00213117	0.00031921	0.00380900	0.00066799	0.00009980	0.00132028	0.03030409	0.00137966	0.00341074	0.01910484	0.00141216	0.00180376
T[T>C]T	0.00433077	0.00003580	0.01849630	0.00174095	0.00081253	0.00296922	0.00002510	0.00053098	0.00135029	0.05740776	0.00279931	0.00236051	0.03710940	0.00394724	0.00195057
T[T>G]A	0.00000000	0.00001670	0.00521896	0.00010506	0.00012808	0.00095475	0.01129984	0.00018399	0.00023105	0.00143019	0.00078781	0.00115025	0.00000000	0.00305082	0.00426913
T[T>G]C	0.00005510	0.00007040	0.00655869	0.00028716	0.00011608	0.00154959	0.00554992	0.00000000	0.00029406	0.00172023	0.00074382	0.00027406	0.00000000	0.00324508	0.00137413
T[T>G]G	0.00058310	0.00009540	0.00693861	0.00032418	0.00000000	0.00134964	0.00275996	0.00003670	0.00014803	0.00284038	0.00090178	0.00293064	0.00091723	0.00344135	0.00773181
T[T>G]T	0.00000000	0.00000000	0.01349730	0.00101055	0.00008300	0.00176953	0.09089873	0.00001890	0.00599128	0.00945128	0.00180955	0.00174038	0.00900228	0.00406352	0.00406077
