MutationType	SBS1	SBS2	SBS3	SBS5	SBS6	SBS7b	SBS8	SBS10b	SBS13	SBS26	SBS31	SBS36	SBS40a	SBS44
A[C>A]A	0.00088616	0.00000058	0.02080832	0.01199760	0.00042523	0.00232939	0.04409822	0.00018200	0.00181992	0.00087312	0.00953498	0.02519378	0.03639531	0.00000000
A[C>A]C	0.00228041	0.00014800	0.01650660	0.00943811	0.00052429	0.00046088	0.04779807	0.00653991	0.00072097	0.00052807	0.01849027	0.00831795	0.01677249	0.00015004
A[C>A]G	0.00017703	0.00005230	0.00175070	0.00184963	0.00005200	0.00018595	0.00461981	0.00005350	0.00026399	0.00011401	0.00165913	0.00223945	0.00374797	0.00000092
A[C>A]T	0.00128023	0.00009780	0.01220488	0.00660868	0.00018010	0.00070981	0.04699810	0.00001630	0.00034798	0.00061908	0.00627670	0.01789558	0.01543480	0.00578147
A[C>G]A	0.00186033	0.00000000	0.01970788	0.01009798	0.00047126	0.00000856	0.00432982	0.00030500	0.00386983	0.00042706	0.00831563	0.00183955	0.00821343	0.00318081
A[C>G]C	0.00122022	0.00013300	0.01170468	0.00569886	0.00028916	0.00018895	0.00294988	0.00013400	0.00095096	0.00037805	0.00315834	0.00166959	0.00562037	0.00023306
A[C>G]G	0.00011502	0.00001520	0.00025310	0.00171966	0.00000000	0.00050487	0.00028599	0.00000000	0.00026399	0.00006830	0.00299842	0.00049988	0.00149700	0.00003140
A[C>G]T	0.00114020	0.00009120	0.01740696	0.01009798	0.00025414	0.00028493	0.00570977	0.00000000	0.00399982	0.00072810	0.00377801	0.00190953	0.00835959	0.00329083
A[C>T]A	0.02500444	0.00006110	0.01420568	0.03259348	0.06413516	0.00140963	0.00680972	0.00054899	0.00717968	0.00266036	0.01769069	0.00595853	0.02863814	0.08992278
A[C>T]C	0.00632112	0.00138004	0.01240496	0.01789642	0.02291256	0.03808996	0.00281989	0.00524993	0.00000000	0.00254034	0.00927512	0.00327919	0.02051178	0.01690428
A[C>T]G	0.36506483	0.00003270	0.00257103	0.00617876	0.12006582	0.00054286	0.00322987	0.00041399	0.00030299	0.00533072	0.00758601	0.00706825	0.01316533	0.01430362
A[C>T]T	0.00958170	0.00186005	0.01210484	0.02199560	0.02131168	0.01079715	0.01249949	0.00792989	0.00031799	0.00279038	0.01009469	0.00430894	0.02250981	0.03030768
A[T>A]A	0.00080014	0.00009590	0.00549220	0.00737852	0.00009830	0.00248934	0.01949921	0.00181997	0.00000000	0.00152020	0.00785587	0.00243940	0.01000778	0.00478121
A[T>A]C	0.00223040	0.00087803	0.00721288	0.00692861	0.00054630	0.00046688	0.02129914	0.00033699	0.00006520	0.00352048	0.00606681	0.00142965	0.00550174	0.00260066
A[T>A]G	0.00114020	0.00002550	0.00964386	0.00911818	0.00000000	0.00155959	0.02279908	0.00002340	0.00058997	0.00062508	0.00502736	0.00252937	0.00932410	0.00000108
A[T>A]T	0.00018303	0.00000000	0.00611245	0.00619876	0.00166091	0.00828782	0.02499899	0.00284996	0.00060597	0.00307041	0.00415781	0.00306924	0.01118279	0.03080781
A[T>C]A	0.00109019	0.00006170	0.01650660	0.04619076	0.00221121	0.00101973	0.00976961	0.00934987	0.00190992	0.08481146	0.02038927	0.00524870	0.01689045	0.01930489
A[T>C]C	0.00304054	0.00002150	0.00776311	0.01339732	0.00113062	0.00045588	0.00500980	0.00050999	0.00014199	0.02610353	0.00739611	0.00168958	0.00312020	0.00324082
A[T>C]G	0.00010602	0.00001320	0.01230492	0.03819236	0.00424233	0.00149960	0.00697972	0.00053099	0.00042798	0.07851061	0.00811573	0.00383905	0.00814559	0.02720689
A[T>C]T	0.00574102	0.00015500	0.01730692	0.03829234	0.00050228	0.00214943	0.01489940	0.00015000	0.00095896	0.03720503	0.00846555	0.00511874	0.01846827	0.00026707
A[T>G]A	0.00017203	0.00023801	0.00395158	0.00385923	0.00002570	0.00008440	0.00163993	0.00003470	0.00006140	0.00292040	0.00367806	0.00108973	0.00539375	0.00000002
A[T>G]C	0.00020704	0.00007460	0.00260104	0.00259948	0.00020411	0.00093175	0.00066797	0.00005330	0.00000000	0.00253034	0.00247870	0.00062285	0.00465372	0.00003260
A[T>G]G	0.00026805	0.00000205	0.00630252	0.00793841	0.00010706	0.00146961	0.00476981	0.00052299	0.00008250	0.00229031	0.00401789	0.00093577	0.00525358	0.00000747
A[T>G]T	0.00011202	0.00000376	0.00397159	0.00482903	0.00038621	0.00073281	0.00073997	0.00000000	0.00031999	0.00593080	0.00078259	0.00098376	0.01159521	0.00142036
C[C>A]A	0.00031205	0.00020801	0.02250900	0.00742851	0.00182100	0.00113970	0.04009838	0.00052099	0.00139994	0.00141019	0.01069438	0.05578622	0.01375598	0.00002840
C[C>A]C	0.00179032	0.00009530	0.02531012	0.00613877	0.00409224	0.00154959	0.03879843	0.00317995	0.00096796	0.00151020	0.01159390	0.02019501	0.01084162	0.03030768
C[C>A]G	0.00009320	0.00000000	0.00251100	0.00345931	0.00165091	0.00040789	0.00340986	0.00008380	0.00000433	0.00036205	0.00032883	0.00709825	0.00161922	0.00374095
C[C>A]T	0.00000000	0.00042101	0.01540616	0.00648870	0.00960526	0.00148961	0.03299867	0.00832988	0.00000000	0.00714096	0.02788533	0.06048506	0.00671108	0.08672197
C[C>G]A	0.00002410	0.00000000	0.01930772	0.00695861	0.00004110	0.00045788	0.00499980	0.00002990	0.00560975	0.00036405	0.00204892	0.00123969	0.00402496	0.00005360
C[C>G]C	0.00007680	0.00035101	0.01410564	0.00906819	0.00003720	0.00095975	0.00545978	0.00000000	0.00064797	0.00032204	0.00185902	0.00136966	0.00436470	0.00002490
C[C>G]G	0.00035206	0.00004870	0.00150060	0.00248950	0.00008430	0.00079079	0.00001050	0.00000000	0.00048798	0.00004170	0.00085355	0.00041890	0.00092994	0.00000000
C[C>G]T	0.00000000	0.00006360	0.02230892	0.00952809	0.00001440	0.00088977	0.00548978	0.00000000	0.00639972	0.00062508	0.00341820	0.00208948	0.00636756	0.00008640
C[C>T]A	0.00200036	0.00432013	0.01610644	0.01939612	0.01360746	0.10697180	0.00266989	0.00015100	0.00001930	0.00169023	0.04117834	0.00674833	0.02480661	0.00357090
C[C>T]C	0.00027005	0.00017001	0.02020808	0.01899620	0.01480812	0.18195203	0.00401984	0.00008440	0.00134994	0.00283038	0.16391378	0.00667835	0.02916532	0.00286073
C[C>T]G	0.19603481	0.00277008	0.00224090	0.01749650	0.12206692	0.02209418	0.00148994	0.00369995	0.00198991	0.00334045	0.00819569	0.00532868	0.00654289	0.01550393
C[C>T]T	0.00019604	0.00145004	0.02300920	0.02309538	0.01380757	0.12596679	0.01449941	0.00059499	0.00144994	0.00165022	0.14492377	0.00574858	0.02889896	0.00504128
C[T>A]A	0.00004300	0.00024301	0.00794318	0.00353929	0.00006660	0.00111970	0.01899923	0.00007090	0.00020899	0.00094413	0.02058917	0.00125969	0.00245848	0.00001240
C[T>A]C	0.00039307	0.00024401	0.01780712	0.00518896	0.00055130	0.00095775	0.02919882	0.00010600	0.00034198	0.00145020	0.02108891	0.00145964	0.00663939	0.00325082
C[T>A]G	0.00032406	0.00014900	0.01320528	0.00500900	0.00011506	0.00088277	0.02759889	0.00000000	0.00022599	0.00114015	0.01869017	0.00213947	0.00573004	0.00058215
C[T>A]T	0.00026005	0.00000000	0.01270508	0.00429914	0.00017910	0.00011197	0.04179831	0.00023400	0.00052298	0.00064209	0.03098370	0.00195952	0.00949421	0.00001380
C[T>C]A	0.00000000	0.00030201	0.00883353	0.01329734	0.00166091	0.00152960	0.00238990	0.00131998	0.00004740	0.05200703	0.00814571	0.00149963	0.00610429	0.01460370
C[T>C]C	0.00250044	0.00002850	0.01450580	0.01039792	0.00103056	0.00083978	0.00699972	0.00012400	0.00012200	0.03120422	0.00990479	0.00187954	0.00492976	0.00320081
C[T>C]G	0.00036006	0.00000000	0.01010404	0.02079584	0.00532292	0.00072981	0.00125995	0.00002530	0.00000000	0.07871064	0.00445765	0.00184954	0.00514281	0.03380857
C[T>C]T	0.00004260	0.00018600	0.01580632	0.01489702	0.00127070	0.00572849	0.00645974	0.00081499	0.00011200	0.05550750	0.01379275	0.00215947	0.00677345	0.00771195
C[T>G]A	0.00003550	0.00015300	0.00437175	0.00258948	0.00004950	0.00035891	0.00121995	0.00022700	0.00004140	0.00142019	0.00196896	0.00047788	0.00152720	0.00023406
C[T>G]C	0.00021204	0.00015500	0.00704282	0.00460908	0.00078443	0.00079179	0.00194992	0.00114998	0.00000282	0.00494067	0.00142925	0.00056586	0.00264131	0.00253064
C[T>G]G	0.00012802	0.00012100	0.01070428	0.00612877	0.00092451	0.00128966	0.00469981	0.00047899	0.00000000	0.00556075	0.00149921	0.00088678	0.00214618	0.00347088
C[T>G]T	0.00017103	0.00020301	0.00703281	0.00729854	0.00130071	0.00000368	0.00057398	0.00522993	0.00005550	0.00780105	0.00094850	0.00106974	0.00430586	0.00038410
G[C>A]A	0.00158028	0.00008620	0.00713285	0.01019796	0.00042723	0.00074580	0.02419902	0.00073099	0.00094896	0.00049607	0.01309311	0.06768328	0.01014765	0.00000000
G[C>A]C	0.00033906	0.00000000	0.01090436	0.00764847	0.00091350	0.00021494	0.02619894	0.00254996	0.00045098	0.00066609	0.02148870	0.01919526	0.01099688	0.00467118
G[C>A]G	0.00058710	0.00001390	0.00143057	0.00233953	0.00035720	0.00007290	0.00273989	0.00008520	0.00016399	0.00012902	0.00097149	0.00482881	0.00353767	0.00060515
G[C>A]T	0.00000000	0.00005120	0.01000400	0.00681864	0.00123067	0.00014696	0.02689891	0.00279996	0.00006150	0.00081711	0.00350816	0.06898296	0.00633551	0.01130286
G[C>G]A	0.00000959	0.00006540	0.01270508	0.00467906	0.00001940	0.00005110	0.00257990	0.00001720	0.00149993	0.00039505	0.00182904	0.00088578	0.00266304	0.00021906
G[C>G]C	0.00016403	0.00026101	0.00863345	0.00507898	0.00068538	0.00045188	0.00238990	0.00013600	0.00047898	0.00057908	0.00750605	0.00107973	0.00308111	0.00119030
G[C>G]G	0.00016603	0.00000000	0.00242097	0.00150970	0.00000000	0.00033691	0.00048798	0.00000000	0.00024099	0.00007380	0.00045676	0.00017196	0.00064486	0.00000000
G[C>G]T	0.00000000	0.00013400	0.01470588	0.00671866	0.00032118	0.00027693	0.00485980	0.00011300	0.00269988	0.00030504	0.00335823	0.00104974	0.00312288	0.00185047
G[C>T]A	0.00444079	0.00000000	0.01640656	0.01939612	0.09365134	0.00085478	0.00027599	0.00036300	0.00717968	0.00275037	0.00679643	0.00371908	0.02980699	0.09552420
G[C>T]C	0.00009280	0.00000013	0.01340536	0.02159568	0.11106088	0.02629307	0.00024499	0.01509979	0.00092096	0.00545074	0.01139401	0.00339916	0.02536975	0.08142063
G[C>T]G	0.21803872	0.00000000	0.00052821	0.01229754	0.17809764	0.00017595	0.00190992	0.01259982	0.00017799	0.00668090	0.00196896	0.00569859	0.00927484	0.04961257
G[C>T]T	0.00003840	0.00005040	0.01130452	0.01859628	0.07444081	0.00538858	0.00460981	0.03189955	0.00126994	0.00498067	0.00569700	0.00362910	0.02317407	0.06661688
G[T>A]A	0.00008120	0.00000000	0.00706283	0.00366927	0.00005100	0.00052586	0.01279948	0.00000000	0.00000670	0.00078311	0.00189900	0.00087978	0.00313484	0.00116029
G[T>A]C	0.00012902	0.00013100	0.00748299	0.00290942	0.00048927	0.00025593	0.01349946	0.00012300	0.00012999	0.00115015	0.00290847	0.00063084	0.00371674	0.00236060
G[T>A]G	0.00024604	0.00006380	0.01160464	0.00410918	0.00019511	0.00065583	0.01559937	0.00000000	0.00004700	0.00060808	0.00576697	0.00116971	0.00451599	0.00221056
G[T>A]T	0.00025805	0.00006280	0.01230492	0.00321936	0.00024814	0.00005590	0.02809887	0.00010800	0.00035798	0.00083411	0.00078858	0.00111972	0.00494318	0.00318081
G[T>C]A	0.00105019	0.00000000	0.00998399	0.01409718	0.00257141	0.00026593	0.00259990	0.01469979	0.00028699	0.08351129	0.00452762	0.00233942	0.00482909	0.02700684
G[T>C]C	0.00190034	0.00002740	0.00564226	0.00793841	0.00111061	0.00000000	0.00261989	0.00532993	0.00018199	0.02480335	0.00656655	0.00139965	0.00291248	0.00116029
G[T>C]G	0.00117021	0.00010700	0.01090436	0.01499700	0.00245134	0.00052886	0.00280989	0.00137998	0.00019499	0.07120962	0.00512730	0.00183955	0.00337019	0.01730438
G[T>C]T	0.00007130	0.00001250	0.01020408	0.01369726	0.00090650	0.00684819	0.00628975	0.01149984	0.00000000	0.05520746	0.00468753	0.00264935	0.00824987	0.01110281
G[T>G]A	0.00000000	0.00020901	0.00442177	0.00251950	0.00004350	0.00032292	0.00130995	0.00048099	0.00008770	0.00137018	0.00030384	0.00018495	0.00105146	0.00000000
G[T>G]C	0.00000000	0.00013300	0.00234094	0.00170966	0.00021312	0.00032092	0.00065597	0.00094199	0.00000000	0.00121016	0.00087154	0.00031292	0.00102642	0.00001830
G[T>G]G	0.00034806	0.00003710	0.01090436	0.00529894	0.00027415	0.00240937	0.00396984	0.00172998	0.00042598	0.00235032	0.00254866	0.00152962	0.00174835	0.00010303
G[T>G]T	0.00001460	0.00000000	0.00583233	0.00234953	0.00078743	0.00182952	0.00128995	0.00515993	0.00000289	0.00605082	0.00280852	0.00048888	0.00195358	0.00280071
T[C>A]A	0.00006580	0.00063902	0.00841337	0.00785843	0.00035620	0.00289924	0.02979880	0.00044599	0.07899652	0.00093813	0.00185902	0.14096518	0.02752139	0.00085322
T[C>A]C	0.00253045	0.00017001	0.01680672	0.00916817	0.00049827	0.00351907	0.02509899	0.00379995	0.02939870	0.00063008	0.00937507	0.07718094	0.02938138	0.00222056
T[C>A]G	0.00000000	0.00008530	0.00141056	0.00229954	0.00020011	0.00029992	0.00189992	0.00057299	0.01209947	0.00012302	0.00095450	0.01469637	0.00543805	0.00000032
T[C>A]T	0.00000588	0.00044001	0.00997399	0.01269746	0.00074741	0.00140963	0.03189871	0.08159886	0.03549844	0.00140019	0.00448764	0.20794864	0.02383099	0.01660421
T[C>G]A	0.00000000	0.00000000	0.01330532	0.00780844	0.00004970	0.00025393	0.00146994	0.00000000	0.31698603	0.00131018	0.00039579	0.00397902	0.00821976	0.00067317
T[C>G]C	0.00020304	0.00009870	0.02030812	0.00759848	0.00011306	0.00161957	0.00133995	0.00000000	0.06349720	0.00074510	0.00291846	0.00240940	0.00789308	0.00000940
T[C>G]G	0.00006940	0.00004120	0.00052021	0.00170966	0.00000195	0.00036390	0.00007820	0.00000000	0.01379939	0.00009410	0.00041578	0.00030192	0.00094100	0.00000000
T[C>G]T	0.00156028	0.00118003	0.02350940	0.01249750	0.00012807	0.00071381	0.00024899	0.00004340	0.36898374	0.00221030	0.00423777	0.00758813	0.01639333	0.00259066
T[C>T]A	0.00111020	0.53601551	0.00576230	0.02029594	0.01200658	0.00660826	0.00503980	0.00272996	0.00692969	0.00329044	0.00747607	0.01069736	0.04223462	0.00140036
T[C>T]C	0.00003730	0.09730282	0.01330532	0.02299540	0.01050576	0.21094439	0.00025199	0.04849932	0.00447980	0.00253034	0.02458707	0.00685831	0.04591115	0.00225057
T[C>T]G	0.11001954	0.04420128	0.00098940	0.01589682	0.05202852	0.05738487	0.00004170	0.43699388	0.00118995	0.00263036	0.00840558	0.00388904	0.00707068	0.00000000
T[C>T]T	0.00000000	0.30000868	0.00817327	0.02099580	0.00699383	0.10197312	0.00526979	0.12799821	0.00141994	0.00213029	0.01948975	0.00832794	0.03359110	0.00302076
T[T>A]A	0.00672119	0.00042201	0.00651261	0.00630874	0.00045425	0.00323915	0.01149953	0.00305996	0.00029599	0.00113015	0.00669648	0.00245939	0.00951439	0.00696176
T[T>A]C	0.00000000	0.00019201	0.01050420	0.00413917	0.00011406	0.00223941	0.01949921	0.00066499	0.00023199	0.00126017	0.00374803	0.00101975	0.00912617	0.00002070
T[T>A]G	0.00002800	0.00005010	0.00671269	0.00478904	0.00002950	0.00169955	0.01289948	0.00007060	0.00018799	0.00027804	0.00326828	0.00087179	0.00563071	0.00000502
T[T>A]T	0.00225040	0.00020501	0.01300520	0.00874825	0.00042623	0.00000000	0.03789847	0.00151998	0.00006200	0.00131018	0.00887533	0.00269933	0.01822776	0.01390352
T[T>C]A	0.00025505	0.00000000	0.01520608	0.01799640	0.00148081	0.00599842	0.00207992	0.00885988	0.00002210	0.04230572	0.00458759	0.00296927	0.00735665	0.01990504
T[T>C]C	0.00339060	0.00004350	0.00899360	0.00970806	0.00109060	0.00172954	0.00263989	0.00008100	0.00002490	0.03140424	0.01029459	0.00227944	0.00306651	0.01050266
T[T>C]G	0.00041607	0.00011700	0.00693277	0.01269746	0.00213117	0.00380900	0.00000000	0.00066799	0.00009980	0.03030409	0.00400789	0.00137966	0.00370456	0.01910484
T[T>C]T	0.00433077	0.00003580	0.01390556	0.01849630	0.00174095	0.00296922	0.00456981	0.00002510	0.00053098	0.05740776	0.01209364	0.00279931	0.00791269	0.03710940
T[T>G]A	0.00000000	0.00001670	0.00725290	0.00521896	0.00010506	0.00095475	0.00000000	0.01129984	0.00018399	0.00143019	0.00224882	0.00078781	0.00556284	0.00000000
T[T>G]C	0.00005510	0.00007040	0.00628251	0.00655869	0.00028716	0.00154959	0.00113995	0.00554992	0.00000000	0.00172023	0.00237875	0.00074382	0.00642218	0.00000000
T[T>G]G	0.00058310	0.00009540	0.00805322	0.00693861	0.00032418	0.00134964	0.00308988	0.00275996	0.00003670	0.00284038	0.00534719	0.00090178	0.00418810	0.00091723
T[T>G]T	0.00000000	0.00000000	0.01050420	0.01349730	0.00101055	0.00176953	0.00099596	0.09089873	0.00001890	0.00945128	0.00729616	0.00180955	0.01492849	0.00900228
