MutationType	SBS96A	SBS96B	SBS96C	SBS96D	SBS96E	SBS96F	SBS96G	SBS96H	SBS96I	SBS96J	SBS96K	SBS96L	SBS96M	SBS96N
A[C>A]A	0.00317857819609344	0.0051560924533987414	0.022796422941610217	0.007852169591971547	0.03342387415468693	0.022604011930525303	0.019432772425352594	0.027094794996082784	0.017683982010930778	0.012542536841037575	0.0244582736864686	0.021919997967779638	0.0131985894870013	0.011781149590564154
A[C>A]C	0.001400064630433917	0.005369822485071829	0.016671909019351006	0.006758491741493344	0.017726730555295944	0.0196787279099226	0.018457370437681676	0.02175392284989357	0.006778121041462359	0.01650148443877697	0.026441514492034912	0.028103431686758995	0.015300456737168133	0.008816793815629609
A[C>A]G	0.0006566605094121769	0.0006593734491846831	0.003013859153725207	0.001123034954071045	0.00018108283984474838	0.004592875752132386	0.001765679661184566	0.0016462329864665559	0.0027810318511910736	2.3187244551142176e-07	0.003526913793757558	0.0009275343734771024	0.006090738298371434	0.005899734562262893
A[C>A]T	0.001376973875524574	0.0058091143100204206	0.016924987733364105	0.007522669527679689	0.013704936089925467	0.029703697189688683	0.011946609988808633	0.024603674933314324	0.01449927669018507	0.005114814219996333	0.023790204152464866	0.015216751024127007	0.007478439545729287	0.007701126276854009
A[C>G]A	0.002908168314024806	0.0032168487088823964	0.010624391686578517	0.022747845202684403	0.0024998624343425314	0.026921386271715163	0.014038093015551567	0.013958864845335484	0.005987014807760716	0.017440544441342354	0.010755297727882862	0.012775175925344228	0.0007377637445191016	0.010848475992679596
A[C>G]C	0.001688883820315823	0.0029985340806936876	0.005660230200737715	0.007079216046258807	0.005379142658784986	0.016264240443706512	0.0075381693430244924	0.009639417752623558	0.005767798144370317	0.00482303355820477	0.009802191983908415	0.005573285045102239	0.006649366446072236	0.007467618072405457
A[C>G]G	0.00012097816077026001	0.0012094061879906804	0.0024448424470392637	0.0022861815057699858	0.0011952839180594476	0.012600249797105788	0.001747433887794614	0.003189850848159118	0.0008212500408262713	0.0031704903565696442	0.0024104144674080173	0.0020817358512431397	0.0011712826322764157	0.007630591373890638
A[C>G]T	0.0019561677534770893	0.0027682184416335078	0.009910420561209322	0.023248666897416115	0.009141984854022667	0.019470853731036186	0.017477645725011825	0.011597213894128799	0.006735314428442643	0.010331856459379197	0.020215759053826332	0.004640694009140134	0.006737703224644065	0.0044165524787135365
A[C>T]A	0.0033377042649934906	0.006662588673216658	0.015970855951309204	0.006982627417892429	0.029962489381432533	0.012494294717907906	0.01759649682790041	0.030883584916591645	0.02459104359149933	0.011603585306122178	0.018223473988473415	0.023289480805397035	0.015276230126619338	0.01894050519913435
A[C>T]C	0.0018090423662215564	0.0035123455920256673	0.0023196439058326248	0.013355221226811409	0.012853552773594856	0.005316336173564196	0.00736713131527722	0.008686928916722536	0.009725675126537681	0.010967959836125373	0.014899379946291447	0.005638384031162044	0.010696436479338444	0.014334521815180778
A[C>T]G	0.004107922548428178	0.008476504252757876	0.008647281133706474	0.012143664601337822	0.028039932157844304	0.00690337365895175	0.0032859989423258185	0.003753406664167591	0.10149209797382355	0.023894344456493855	0.019753227941691875	0.022412344629330234	0.07618367597460747	0.04746168050915003
A[C>T]T	0.0018346206407528598	0.006848991592414677	0.01820036508142948	0.009418756794184446	0.016184703953695135	0.027346577122807504	0.0099480898802085	0.011104901600629092	0.01487429360859096	0.014543681126087903	0.020984476432204247	0.004452731227502227	0.0072748686689449605	0.00686802482232452
A[T>A]A	0.0013177910121157765	0.0015751088047179357	0.011104665044695185	0.009759519528597594	0.002418848674278706	0.0009071194893188479	0.009354016169644463	0.016613058745861053	0.007647971389815211	0.010059656202793121	0.0017671585154423555	0.025622940436005593	0.010784816578961909	0.007925514446105808
A[T>A]C	0.0011778870422858745	0.0032285062145092523	0.007646692451089621	0.006096146302297711	0.00425211551009852	0.005472780391573906	0.007570039015263319	0.009701590426266194	0.007888607308268547	0.00578175662085414	0.009803198836743831	0.0128283710218966	0.012112823326606303	0.013577270042151212
A[T>A]G	0.0011573279567528515	0.001809031078733625	0.013367698341608048	0.002008454903411265	0.007146895723417401	0.010352117696953466	0.01128100068308413	0.012904316373169421	0.0061368971131742	0.008247096929699183	0.00470633548688298	0.017785227671265603	0.0035206121530791277	0.01595477629452944
A[T>A]T	0.0008604794281330857	0.004074840724933892	0.009758969361428171	0.004079030469251484	0.01115174227929856	0.006197601029998623	0.021096604503691198	0.017279462632723154	0.006169341981876642	0.03224329416068485	0.007287578750693915	0.036228527501225474	0.015540759451687336	0.013842400070279837
A[T>C]A	0.00043678816759396173	0.003430306764991853	0.01689849179238081	0.007263400964438916	0.022509416006505488	0.003162037074798718	0.02331441603600979	0.024135476723313332	0.010230559296905995	0.024479558691382408	0.02534111924469471	0.033829358965158464	0.020061662420630455	0.013358543254435062
A[T>C]C	0.001073378845831031	0.002381740789860487	0.0062218147562816736	0.005388198280707001	0.0058013545341509595	0.010676456498913467	0.011219584383070469	0.010800869204103947	0.004769735969603062	0.006411930872127413	0.010282373195514083	0.004160981884670889	0.008616494433954357	0.01023267386481166
A[T>C]G	0.0016941047389991588	0.0037394786253597567	0.010914932005107403	0.018017378635704517	0.008446432609343902	0.009017773950472475	0.014194418862462043	0.014951878413558006	0.010650490596890449	0.01108067510649562	0.012483567092567682	0.011192688153823838	0.01658373400568962	0.014377978770062328
A[T>C]T	0.0007133444627470453	0.002423038134838862	0.019795289356261493	0.022042304184287785	0.01927146865054965	0.01199935445911251	0.025243261083960532	0.020672112144529818	0.020974960550665854	0.015094000101089477	0.009016020316641516	0.012738339221687055	0.016243196791037917	0.033781334199011324
A[T>G]A	0.0004446495498996228	0.0018836378410924226	0.006073037255555391	0.006079287454485893	0.004894591564011818	0.006287384202005341	0.004243645644965	0.002443994063651198	0.002058653929903187	0.0072739460141184155	8.278122900411434e-05	0.012874010391533375	0.006642647599801432	0.008958329539746046
A[T>G]C	0.0005809332651551813	0.0017709915003251808	0.0018059100955724716	0.0024311383021995425	7.292024536376118e-05	0.0020562930664020486	0.0014237620534961854	0.0016212858958177562	0.00013341482263058425	0.002569387597031891	0.0028274179682735933	0.008899953868240117	0.0018179931635155966	0.009006477170623839
A[T>G]G	0.0001768525617721367	0.0004626680398359895	0.008819983899593353	0.01206258712336421	0.0013296120567247271	0.012575268372893333	0.010616678837686777	0.004683252800586646	0.000831843211199157	0.00662306652066919	0.003712816062522428	0.002986740157939494	0.0003614307846881831	0.005456040716447142
A[T>G]T	4.664834341383879e-06	0.001515058195218444	0.0019176153466105468	0.01770056514069438	0.0036879459396281173	0.004614709597080946	0.006181888350693043	0.00681601194295034	0.0013980713253658906	0.009986260323785245	0.003515074411391287	0.006292401070732012	0.0055074624355217205	0.006535475747659803
C[C>A]A	0.0014998266482771274	0.005493028624914587	0.025047529488801956	0.01526639424264431	0.008505434915423393	0.02230815850198269	0.020632222667336463	0.03336188029497862	0.021432119607925414	0.0127322047483176	0.015960115514644713	0.01788093466311693	0.008174793887883424	0.007856226805597544
C[C>A]C	0.000815093945994505	0.002318532025006721	0.024444643035531045	0.009103858249727637	0.005691561684943736	0.0236631378531456	0.01504506878554821	0.020333020761609078	0.004968159902273328	0.008710996899753808	0.011770888976752759	0.016624697577208282	0.007289806008338928	0.008308969065546989
C[C>A]G	0.0005727067764382809	0.0006736235886374023	0.0026376637759874654	0.0011276998582232522	0.0008505197241902351	0.005239310394972563	0.0016706357288057915	0.0033864885452203454	0.0023518131696619094	0.001582022476941347	0.0008248172933235824	0.0013456784680675516	0.00428944748127833	0.004361578333191574
C[C>A]T	0.0008448497970675817	0.006514869921630221	0.02279285006225109	0.005460107990075807	0.023077953979372977	0.021935349516570567	0.011582109599839897	0.020358500070869923	0.011249189032241702	0.007502562156878412	0.009520010906271636	0.007971856952644884	0.003875373816819698	0.007132251933217303
C[C>G]A	0.0017742980694038124	0.0053529184311628345	0.013016370497643948	0.011030860617756844	0.005376037175301463	0.017890271544456483	0.005955758669006173	0.007053532956279562	0.0035895338980481027	0.0111272644251585	0.010237468034029872	0.0029915753621013452	0.0017587889913556864	0.004861062415875598
C[C>G]C	0.0003127118579868693	0.001927371392957866	0.013379919435828924	0.005142123159021139	0.00508521064184707	0.00926728816702962	0.012991594756022096	0.008466817624866962	0.002911955546091253	0.007784357201308012	0.00902814669534564	0.006230910867452621	0.0005813835558910796	0.0027167868231117607
C[C>G]G	0.00015483187309943403	0.0006253204592212569	0.0019912781775929035	0.0026753249170724303	0.003210478345863521	0.004299497656757012	0.0011282966225508062	0.003176954435184598	8.463824308080348e-10	0.002062932646367699	0.002734917635098102	0.0016953190315254954	0.0019362663540391622	0.009692641720175744
C[C>G]T	0.002728878473863006	0.005706948693841696	0.012238392513245345	0.01743117459118366	0.008334928184103063	0.016628813929855824	0.014600797463208437	0.010825153719633818	0.007427548314444721	0.01642527561634779	0.019584891386330128	0.007011354710266459	0.007069149448140574	0.006236037588679641
C[C>T]A	0.011838909052312375	0.008054730500589358	0.0033257950452934893	0.008009273931384087	0.023487994633615016	0.004135728815651873	0.017955449037253858	0.021573882550001144	0.014641146641224623	0.008989848382771014	0.01200563507154584	0.015506511926651001	0.0213019460439682	0.022491092421114446
C[C>T]C	0.0034783063922077416	0.006856631231494248	0.006078829015279496	0.005598089890554547	0.011664300225675106	0.0007821400880857254	0.011349009722471238	0.01659515043720603	0.009943774715065957	0.007986877032089978	0.014611856653937138	0.01371306274086237	0.01862590605427903	0.013730095885694026
C[C>T]G	0.0037877373991936024	0.011269655340674945	0.0039730732364004154	0.008688434939664053	0.01856650747358799	0.0016007819050266512	0.0035214964212173074	0.005611663466834218	0.050520872324705125	0.006061174160991989	0.017734375782310963	0.003126557673550678	0.042293254658579825	0.03009443504270166
C[C>T]T	0.00458519677631557	0.01037619672715664	0.01839126031845808	0.009639668092131615	0.027483754605054856	0.020002773404121398	0.008868819032795728	0.020420164428651334	0.021950333938002588	0.009553252905607223	0.02175730559974909	0.0068382320925593374	0.020168266166001557	0.015776227600872515
C[T>A]A	0.00011670598432829138	0.0007240387385536451	0.011220214841887354	0.006490438082255423	0.0020192524511003286	0.0049662336619803685	0.015841731801629066	0.011960239335894584	0.000496468972414732	0.008955061482265592	0.0036793451756239022	0.010589347640052437	0.0014263090728272947	0.0059211924206465484
C[T>A]C	0.0007165820345107932	0.0027070007228758184	0.015097301453351974	0.006139495223760606	0.0031813714504096424	0.016247186809778214	0.011885838024318219	0.012723609805107117	0.007802079152315855	0.0036426180870080317	0.008439917303621768	0.006819807768624742	0.0027486795012893655	0.01209194678813219
C[T>A]G	0.0004676961291398917	0.002712956181043502	0.014352988544851541	0.009356805449351668	0.0038820483377094207	0.015139144472777843	0.01315009999088943	0.011808130703866482	0.0010949690069547242	0.005981118306840472	0.007135049067437648	0.00973715977743268	0.004015546175651252	0.0049560501938685775
C[T>A]T	0.00040593560407027704	0.0004356597007245084	0.01591399279423058	0.007588960911733805	0.010522383265197277	0.02687220312654972	0.018650783225893974	0.016342001035809517	0.007645982224494219	0.010997428838163615	0.007395483227446676	0.0035037827212365	0.006342208432033658	0.009314218629151582
C[T>C]A	0.0005145982540852856	0.002064397290814668	0.00815071240067482	0.009177241851968517	0.004398121917620301	0.010243048146367072	0.010172757040709256	0.007840154971927405	0.005872381897643208	0.015568031184375285	0.006902165384963155	0.009994320664554834	0.00562428307847993	0.008291538201240201
C[T>C]C	0.0013675686015631073	0.004477977030996391	0.01968967542052269	0.0027052110561983185	0.005901337473187595	0.016941159404814242	0.013017335906624794	0.011364911496639252	0.010492009576410055	0.008713451540097594	0.00406805379305406	0.008588785829488188	0.008183053508757261	0.00592406112701146
C[T>C]G	0.0012744405074045112	0.0035732670803554356	0.007115591984074854	0.013342776894569397	0.004702926487654802	0.0026174886501394213	0.008823692612349988	0.01578625403344631	0.004005235017587339	0.011979376245290042	0.007629851717501879	0.010599230043590068	0.004764900408918038	0.01645524762570858
C[T>C]T	0.0007076316294842399	0.0008066049691000555	0.014683013316243887	0.015051898173987865	0.017610961198806764	0.010700798872858287	0.015870165452361105	0.006772635085508227	0.005116700124926865	0.016874102316796778	0.005133822500505744	0.0028848278578826585	0.008744135242886841	0.00645457508508116
C[T>G]A	7.42774716401206e-08	0.0006634445555391722	0.0025893182726576926	0.003946418839041144	0.0034825071692466737	0.004855475341901183	0.004905026956112124	0.0049020909704267975	0.0011341615710999228	0.005620430875569582	0.003469509133109823	0.003873944189411012	0.002543428470380604	0.002997702786683476
C[T>G]C	0.0002093887120838467	0.0013025634048972278	0.005041108326986432	0.0035379656590521337	0.0020476528676226743	0.0047047803178429624	0.006664404005664437	0.005160695919767022	0.0025251250545466064	0.0035732151090414775	0.0022972600135820003	0.005280194780789315	0.0017940610548066616	0.005389815871603787
C[T>G]G	0.000610989107829564	0.00231251668301411	0.005568126006983221	0.01143619865179062	0.004669770989858079	0.007337918388657272	0.00925018908455968	0.004176287213340402	0.0006498792226921069	0.01127694770693779	0.011183538008481264	0.0046727524837479	0.003782259547782452	0.009537239000201226
C[T>G]T	0.0003650145619568029	0.0002590722536387073	0.006047345460746736	0.014074093336239457	0.012469820212572813	0.0036659406113358274	0.02279470544308424	0.007759879485330597	0.009228408802300692	0.013594642452494022	0.004744643066157675	0.0052695034865102965	0.007068227514485824	0.0032738774503742302
G[C>A]A	0.0022824312327429652	0.0031328436063319033	0.016067720577120782	0.0015795671779301305	0.015050496719777585	0.01812849845737219	0.011839814856648445	0.01168296845862642	0.031198807433247565	0.005625140106417348	0.004449506581204332	0.0023153638035668723	0.009167695697396994	0.02509607672691345
G[C>A]C	0.0008722206202878447	0.002484545363495272	0.015139078814536333	0.0031408462649115594	0.011265900870785116	0.005380977492313832	0.014872494991868735	0.0158435333520174	0.005523388157692806	0.00478079923777841	0.017616243474185465	0.011969168484210969	0.005123986955746203	0.004453310685130418
G[C>A]G	0.00036522718291962517	0.00038686695334035905	0.0026475381979253142	0.0015585719607770442	0.0006201865291434111	0.00015903607648226658	0.0022982759634032845	0.0008173292137055232	0.0037041388887715243	0.0013911796057884986	0.001580989309252314	0.0009468226810989147	0.004255735687911511	0.0030373604502528908
G[C>A]T	0.0006633086904002994	0.006038194318535186	0.014777976274490356	0.003534478531144458	0.0131626742426306	0.010428592190146446	0.015013271011412144	0.010065121556874602	0.017009820602834225	0.00665389271453023	0.009612940484657884	0.0014696644939249381	0.004686065623536706	0.00958457188680768
G[C>G]A	0.0012407622125465423	0.0009700215538148416	0.007553820075314554	0.007693473063409328	0.001967346970353904	0.009261282763327472	0.004707734927069396	0.005918305928935297	0.004390478425193578	0.005120735871605575	0.009155001724138856	0.007574748233537321	0.004316167184151709	0.0052445897366851565
G[C>G]C	0.0008339298277860507	0.002998387539994951	0.010828487016260624	0.004568129340529303	0.0012566455713988772	0.006812806986272335	0.003565315833732008	0.008041590079665184	0.004474711767397821	0.0025853509898297487	0.003789574000984912	0.006218979018740356	0.005613691720645879	0.009212387353181839
G[C>G]G	0.0003387124165023181	4.594318161252888e-05	0.0009452948049707311	0.0028300626785494397	2.151449255611157e-26	0.00463011534884572	6.271111220877991e-05	0.0018380016088485717	0.00017057459335774184	0.0014420940657146274	0.0017595574259757995	0.0006454438174841925	0.0016892161890462276	0.0036161237978376446
G[C>G]T	0.0013116679113580319	0.0023839825921371017	0.008557747304439544	0.012061646580696106	0.0006251939364908235	0.02002689763903618	0.008424204034599824	0.011852431530132889	0.0029547462007030846	0.009718268737196922	0.010986935487017036	0.00574755833222298	0.004369742982089519	0.006830831943079829
G[C>T]A	0.005174352135509252	0.005489120830316096	0.005883995164185763	0.007468550838530064	0.020479875802993774	0.008680063532665372	0.011980997299360752	0.010901375859975814	0.01780052874237299	0.009752374235540628	0.01848143544048071	0.009434400219470262	0.023385669477283953	0.010678298212607799
G[C>T]C	0.003109236038289964	0.006430717557668686	0.005506896467697109	0.009447959996759892	0.015176127199083567	0.0067562215961515905	0.007364003484684645	0.009121223621464569	0.012232910096645355	0.005513963104125707	0.01595317143946886	0.008693701261654497	0.015731485094875097	0.012521529849618674
G[C>T]G	0.004969624546356499	0.013143276870550835	0.00899760213120615	0.016522959008695933	0.014556795917451381	0.004037685645242384	0.002681699639591519	0.003345690369618559	0.04744092747569084	0.02312934435904026	0.004315658327498223	0.011147108679352868	0.04126832932233811	0.04566560685634613
G[C>T]T	0.004042609222233295	0.008947761496531195	0.007944421749562025	0.010769443400204182	0.012448129244148731	0.009387799911201	0.01298137882258743	0.016265078261494637	0.010361334518529474	0.007518403744325042	0.017521072644740343	0.01013524529603842	0.015455876663327216	0.010012343665584922
G[T>A]A	0.00030502808899655063	0.000688722776249051	0.006938351993449032	0.0023671193845075343	0.0008113307820170569	0.008984848391264677	0.010284012323245406	0.008559678122401238	0.0018929838202893733	0.002255350780887966	0.004774439867469482	0.0022472583688795565	0.003818966500693932	0.007639284641481936
G[T>A]C	0.0009315156086813659	0.001642182660557287	0.007471934147179127	0.006105206673964858	0.0007607253918641805	0.006132295331917703	0.00844247844070196	0.005074488566378932	0.003050286276265979	0.003066853816562798	0.004133120330516249	0.004226080960159799	0.005514019716065377	0.0028819844812005614
G[T>A]G	0.0008433951239567416	0.0017929837515112013	0.008511013817042112	0.005733661982230842	0.001066234381871141	0.01034376136958599	0.003178713982924819	0.0028543085282422	0.0026285898626474237	0.004223967995494604	0.005845748680303553	0.007115451153367758	0.003114386915694922	0.0058117957785725595
G[T>A]T	0.0005194633628339669	0.0015658995835110545	0.013853345066308975	0.0069823205471038815	0.007518715551123023	0.010881129279732704	0.015423591434955596	0.010175783000886441	7.090239469759518e-30	0.004972680319588108	0.004546526125886885	0.0069646007847040895	0.00611098250374198	0.010645562317222357
G[T>C]A	0.0009839246107731937	0.0027576445085227496	0.00869571347720921	0.0043376878369641185	0.0026436925442056133	0.007636444922536611	0.013253037352114916	0.012608911562711	0.010011207498610019	0.006236652202562709	0.009901048988103867	0.010437177959829569	0.008922633063048125	0.008781200088560582
G[T>C]C	0.0007368688500719145	0.0010935978207309662	0.00647647613668067	0.0053588363341987135	0.003516632276659948	0.005757788638584315	0.008522297325544059	0.007075636996887624	0.005476206308230758	0.0022962954247512713	0.0045048912521451715	0.005113815772355199	0.006229338701814413	0.009665576089173556
G[T>C]G	0.000352503324393183	0.0011122584110125901	0.0079779538908042	0.007798811281099915	0.0012284674121474384	0.005749418602499645	0.008824780769646167	0.0034416878133303338	0.002953125536441803	0.005803489917889237	0.0017132183117439582	0.007398516545072198	0.011413737246766687	0.014448678493499756
G[T>C]T	0.0010932094402960502	0.0023799876442584635	0.0037572831917431332	0.004173240694217384	0.005294080637397161	0.0036375754047185183	0.019094219617545604	0.014147796947509051	0.007822323532309383	0.013676207326352597	0.010488906130243482	0.01731841787695885	0.015626443456858395	0.005648813210427784
G[T>G]A	0.0003765874309465289	0.00029730133511804977	0.0022978839726420118	0.007173837441951036	0.000759183636059646	0.0075338281691074375	0.004458390106447041	0.006112944683991373	0.0019152513006702066	0.002384817879653718	0.004559955094009647	0.0025950080948190534	0.0011267717674854794	0.0015998379480151926
G[T>G]C	2.8057432791683824e-05	0.0007526492641773075	0.003210426354780793	0.0020469304407015445	0.00356333595700562	0.0017483933973068133	0.003498242236673832	0.00497808592626825	0.0006062497108269449	0.001057315489742905	0.003466649178881198	0.001665231248030949	5.466030600587146e-06	0.005842673568986356
G[T>G]G	0.001536139752715826	0.0006999095436185599	0.008851156663149595	0.0076573667931370435	0.004465691791847348	0.00854831923851691	0.008769738674163818	0.00759667642416645	0.0008207171224063736	0.0025446707385341303	0.0060981241520494224	0.007506752555491403	0.0014695577458064756	0.014706240594387054
G[T>G]T	0.00026066140143614705	0.0009185678779878859	0.005278764526020829	0.008961450029164552	0.0028923927813991343	0.00584544655866921	0.013323518820106984	0.004519110219553113	0.0048894188599661	0.007147514029611479	0.0012137008518903869	0.004194785887375484	0.004321002394388261	0.008473803196102381
T[C>A]A	0.021816610638052226	0.031092908605933188	0.030170544981956482	0.009433744836132973	0.024284991435706615	0.010430683853337541	0.009229225971638045	0.01520969423062013	0.040096415579319	0.014375868253426367	0.01875313527416438	0.02521380511288953	0.013159513287246228	0.015172073431313039
T[C>A]C	0.007479607569985091	0.014348644390702247	0.01738825310021639	0.019280687719583512	0.013587514776736498	0.016862188838422297	0.008761161053553224	0.012497269641608	0.025780249014496805	0.012605051975697279	0.020675250515341758	0.011341105215251446	0.011828393815085292	0.01300106691196561
T[C>A]G	0.0015360654157120734	0.001992014970164746	0.0015476752305403352	0.0008349978459591511	0.0026972725929226725	0.0010870149882975966	0.0017873237054598402	0.001275815589302346	0.001887603010982275	0.0018480689375824251	0.0020785090629942713	0.0031943036105076318	0.006584814749658108	0.002601531776599586
T[C>A]T	0.010243346438437584	0.020343887188209918	0.02953565716743469	0.017072988072141016	0.03821478597819805	0.012658601258590352	0.023289100173860787	0.011771382577962057	0.04057720415294171	0.03300219420343638	0.020700532384216784	0.021128233522176743	0.011640215303925224	0.007177184861675667
T[C>G]A	0.14435094892978667	0.1214445784687996	0.012259923289767017	0.08003872931003571	0.00023751713340218196	0.00731641482448282	0.008394304383546113	0.010831088385020848	0.0020292035402252346	0.027933737677813042	0.03988484013825655	3.4249634016168115e-05	0.011099224863573908	0.013715014960948934
T[C>G]C	0.03138664029538631	0.03009915053844452	0.009966955613344907	0.04417983330786228	0.008467221197252345	0.004949966905543315	0.015448780730366707	0.003999849013052881	0.0044535162975080315	0.034116973355412486	0.020650192536413668	0.006495011830702424	0.00590318693052694	0.022276136092841625
T[C>G]G	0.004651049850508571	0.0026384861674159767	0.00014157467735503474	0.003972943388429328	0.0005847644863251844	0.0036962633952498437	0.0009080443137918337	0.004165184963494539	0.00029767542146146296	0.0008848328182959641	0.002713503281120211	9.158538368589895e-30	0.0009837177116423846	0.006332346732415317
T[C>G]T	0.1749426543712616	0.15440388768911362	0.01598876379284775	0.12430203109979629	0.02077243532985449	0.029934981651604176	0.010787841907949769	0.012071623140946031	0.005327034277934928	0.07834138944745064	0.05054043233394623	0.014195456753509462	0.00618198438314721	0.019230216881260274
T[C>T]A	0.27489987909793856	0.1827228546142578	0.02856256701052189	0.008090701588207594	0.06167892254889011	0.011072239320492372	0.01027180723613128	0.015806873698602432	0.018246709182858468	0.001142858735875052	0.001909288611787474	0.03678543586283922	0.03838588986545801	0.010421434370800852
T[C>T]C	0.053081434965133664	0.04763610623776913	0.006866044016475748	0.012048504475387745	0.054967602342367174	0.005682863661745815	0.010443236535138567	0.014751411299221218	0.014836652996018529	0.01872298289090395	0.0206460599321872	0.017901806358713655	0.03022328354418278	0.005863690155675272
T[C>T]G	0.032571185007691385	0.020386186987161638	4.945955210001332e-07	0.008998476360479657	0.009592210294431424	0.0005125853240867553	0.0032801329375779184	0.00410048731189445	0.046074078977108	0.013588598707713784	0.008467227732762695	0.013655736949294806	0.0323058158159256	0.019610514297216497
T[C>T]T	0.1306801900267601	0.10551821216940879	0.029651870019733906	0.008124738303104095	0.061059246957302096	0.014468727074563504	0.007523926777257012	0.008621167976411926	0.022412966936826706	0.02660812921822071	0.013619378730777499	0.0275839626789093	0.026419578958302735	0.00904417995329041
T[T>A]A	0.0004637131060771184	0.00391042095143348	0.002817193830712758	0.007726206397834515	0.019746496714651583	0.004249693388533238	0.01708075599744916	0.010095345661982284	0.012278499783133157	0.02370132952928543	0.005903743737474087	0.03484630100429058	0.02369679491966963	0.007087971928530124
T[T>A]C	0.0005265505315037444	0.0021296544011436434	0.010563390236347914	0.004325461742701009	0.0028469353681430222	0.012392620369791985	0.008324939664453268	0.007535609049954142	0.004175192020763463	0.006250371172120084	0.006858736383895803	0.009460279950872064	0.0053289841074729335	0.0021082944120280446
T[T>A]G	0.00035572852357290685	0.0030647308391054885	0.00376657765264099	0.0031809222884478226	0.0036737720016390084	0.006830664956942201	0.007028892356902361	0.008518803119659423	0.0023418927215971054	0.005540989058752643	0.007910143806439974	0.005312298112767166	0.000441673831006565	0.006567656435072422
T[T>A]T	0.0003549971501342952	0.004161956859752536	0.0189500967040658	0.005020471080206335	0.010330773238092662	0.034243743494153024	0.017725707031786442	0.013180987257510424	0.006088522246864158	0.015426544891670346	0.01286249062322895	0.020255332067608833	0.009715990070253611	0.008269283477373887
T[T>C]A	0.00046960703912191093	0.001020703639369458	0.01273813396692276	0.005831112619489453	0.007126323902048171	0.009209926519542933	0.012490270286798494	0.006652163434773683	0.011125894729048014	0.008508552912161349	0.008102269424125553	0.020275437086820603	0.0158717704936862	0.007055088132619858
T[T>C]C	0.0013091945205815137	0.0054008550709113475	0.011668702866882086	0.00708074034191668	2.5014825987750227e-10	0.017961578257381917	0.005982927858212861	0.001625457163921444	0.006358809350058436	0.006935717577691425	0.011113997502252459	0.015097499545663595	0.018115895334631205	0.001375385549999919
T[T>C]G	0.0002899432351114228	0.0023814299202058464	0.005927457527013758	0.002391375106526539	0.010343482811003923	0.002688115547061898	0.007565651834011078	0.009722161735408009	0.0040436529787257315	0.00392979730386298	0.004643661622361605	0.005824629217386246	0.002561633748085784	0.008246166072785855
T[T>C]T	0.0006579087581687714	0.0050553291803236795	0.014510790538042783	0.007766185980290175	0.009028197731822729	0.009807527484372257	0.013622115575708449	0.006233630347564833	0.012820457015186549	0.011935600079596043	0.013041352294385434	0.010808833478404268	0.02055135779082775	0.004353409551818607
T[T>G]A	8.354058486829804e-05	0.0008214538102038205	0.005548507557250559	0.0093969531590119	0.0046355884289368985	0.007385108340531588	0.006774316250812262	0.004822643147781492	0.003906080359593034	0.006893835606331322	0.004511176655068993	0.005704011581838131	0.0032062744488939644	0.0026216821279405004
T[T>G]C	0.00015021436047391035	0.0005725377307867624	0.004693383683115826	0.001238503024328852	0.005045122344771613	0.005546223768033087	0.003311893303907709	0.004575700068380683	0.002739261812530458	0.003175924580086331	0.005156534537673163	0.006491429544985295	0.0018871530343109067	0.009623985592043027
T[T>G]G	0.0003693412960274145	9.565064171650037e-05	0.008291748585179448	0.009917685063555837	0.003048843860764805	0.010795941576361656	0.010564514622092246	0.004678930994123221	0.00441222582012415	0.005659131428679217	0.0058727111667394635	0.011464307084679604	0.005856017069891095	0.008403799962252378
T[T>G]T	0.0009942535176713063	0.0024134608809746466	0.00997556596994463	0.014406723016873003	0.009400371904484927	0.014466959331184626	0.013869438227266074	0.01612294353544712	0.01068416005000472	0.011893870308995247	0.012980843335390091	0.008627846705894626	0.016323377564549445	0.018704870902001857
