MutationType	DBS78A	DBS78B	DBS78C	DBS78D	DBS78E	DBS78F	DBS78G	DBS78H
AC>CA	2.0115730512770825e-05	2.9471084235410672e-05	0.04847972704192216	0.0332959240378841	4.825453652301803e-05	0.04000505154399434	5.0952946912730114e-05	7.222282474685925e-05
AC>CG	2.8438888330128974e-05	3.9476936944993216e-05	2.7646538364933802e-05	3.8676985786878505e-05	5.6664091243874284e-05	5.818453173560556e-05	5.31290024810005e-05	8.940582847571932e-05
AC>CT	2.8438888330128974e-05	3.9476936944993216e-05	2.7646538364933802e-05	3.8676985786878505e-05	5.6664091243874284e-05	5.818453173560556e-05	5.31290024810005e-05	8.940582847571932e-05
AC>GA	2.8438888330128974e-05	3.9476936944993216e-05	2.7646538364933802e-05	3.8676985786878505e-05	5.6664091243874284e-05	5.818453173560556e-05	5.31290024810005e-05	8.940582847571932e-05
AC>GG	2.0251500701462533e-05	1.807707721372398e-05	1.9332450112285396e-05	2.474023433407524e-05	3.889726380870151e-05	2.5460601352733648e-05	0.19929891826104723	7.436832966265343e-05
AC>GT	2.8438888330128974e-05	3.9476936944993216e-05	2.7646538364933802e-05	3.8676985786878505e-05	5.6664091243874284e-05	5.818453173560556e-05	5.31290024810005e-05	8.940582847571932e-05
AC>TA	2.8438888330128974e-05	3.9476936944993216e-05	2.7646538364933802e-05	3.8676985786878505e-05	5.6664091243874284e-05	5.818453173560556e-05	5.31290024810005e-05	8.940582847571932e-05
AC>TG	2.8438888330128974e-05	3.9476936944993216e-05	2.7646538364933802e-05	3.8676985786878505e-05	5.6664091243874284e-05	5.818453173560556e-05	5.31290024810005e-05	8.940582847571932e-05
AC>TT	0.013326487908226717	2.7239055361860666e-05	1.6228611358570787e-05	2.991469482367719e-05	0.29868642463698053	4.6062824807341533e-05	3.2962748007925315e-05	6.117543362194056e-05
AT>CA	2.8438888330128974e-05	3.9476936944993216e-05	2.7646538364933802e-05	3.8676985786878505e-05	5.6664091243874284e-05	5.818453173560556e-05	5.31290024810005e-05	8.940582847571932e-05
AT>CC	2.8438888330128974e-05	3.9476936944993216e-05	2.7646538364933802e-05	3.8676985786878505e-05	5.6664091243874284e-05	5.818453173560556e-05	5.31290024810005e-05	8.940582847571932e-05
AT>CG	2.8438888330128974e-05	3.9476936944993216e-05	2.7646538364933802e-05	3.8676985786878505e-05	5.6664091243874284e-05	5.818453173560556e-05	5.31290024810005e-05	8.940582847571932e-05
AT>GA	2.8438888330128974e-05	3.9476936944993216e-05	2.7646538364933802e-05	3.8676985786878505e-05	5.6664091243874284e-05	5.818453173560556e-05	5.31290024810005e-05	8.940582847571932e-05
AT>GC	2.8438888330128974e-05	3.9476936944993216e-05	2.7646538364933802e-05	3.8676985786878505e-05	5.6664091243874284e-05	5.818453173560556e-05	5.31290024810005e-05	8.940582847571932e-05
AT>TA	2.8438888330128974e-05	3.9476936944993216e-05	2.7646538364933802e-05	3.8676985786878505e-05	5.6664091243874284e-05	5.818453173560556e-05	5.31290024810005e-05	8.940582847571932e-05
CC>AA	0.3191185026433729	1.5655889634702545e-08	0.42611944675445557	0.06844445475126122	4.4960837476537564e-05	0.03997111198141283	3.866564666168415e-05	0.03325276256094867
CC>AG	8.544710931346345e-06	3.2142674282318815e-06	0.04433097112388312	0.056996086981496316	0.09938113575954048	0.05693797843096036	3.4506175052229085e-05	0.07947008523196927
CC>AT	0.04443394398367673	3.336292338644853e-05	0.024228743379171646	3.144649672321975e-05	4.622829728759825e-05	5.817292367282789e-05	5.306613311404362e-05	8.50481170346029e-05
CC>GA	2.8438888330128974e-05	3.9476936944993216e-05	2.7646538364933802e-05	3.8676985786878505e-05	5.6664091243874284e-05	5.818453173560556e-05	5.31290024810005e-05	8.940582847571932e-05
CC>GG	2.8438888330128974e-05	3.9476936944993216e-05	2.7646538364933802e-05	3.8676985786878505e-05	5.6664091243874284e-05	5.818453173560556e-05	5.31290024810005e-05	8.940582847571932e-05
CC>GT	1.4661844946141548e-05	1.5765987723170837e-05	1.1239488968361286e-05	2.9943195841042325e-05	3.702238609548658e-05	0.2649916730082623	0.06639522582045174	0.11590585540873537
CC>TA	1.3393718745646765e-05	0.11147680069825583	0.024241781283490128	0.1816077034391128	4.3319332507962824e-05	2.9863793145423757e-05	4.475506066228263e-05	5.539420177453347e-05
CC>TG	1.4032080144656123e-05	2.8809419563913253e-05	0.2938727693483088	2.5312339237703966e-05	5.662096300511621e-05	4.444497794793278e-05	5.221863393671811e-05	7.126481796149164e-05
CC>TT	8.973908308414783e-06	0.6694751024246216	1.0155594049475437e-05	1.7168964686137266e-05	0.11766230337343586	1.072446661964932e-05	4.115710253245197e-05	6.550583966600244e-05
CG>AT	2.8438888330128974e-05	3.9476936944993216e-05	2.7646538364933802e-05	3.8676985786878505e-05	5.6664091243874284e-05	5.818453173560556e-05	5.31290024810005e-05	8.940582847571932e-05
CG>GC	2.8438888330128974e-05	3.9476936944993216e-05	2.7646538364933802e-05	3.8676985786878505e-05	5.6664091243874284e-05	5.818453173560556e-05	5.31290024810005e-05	8.940582847571932e-05
CG>GT	2.8438888330128974e-05	3.9476936944993216e-05	2.7646538364933802e-05	3.8676985786878505e-05	5.6664091243874284e-05	5.818453173560556e-05	5.31290024810005e-05	8.940582847571932e-05
CG>TA	2.8438888330128974e-05	3.9476936944993216e-05	2.7646538364933802e-05	3.8676985786878505e-05	5.6664091243874284e-05	5.818453173560556e-05	5.31290024810005e-05	8.940582847571932e-05
CG>TC	2.8438888330128974e-05	3.9476936944993216e-05	2.7646538364933802e-05	3.8676985786878505e-05	5.6664091243874284e-05	5.818453173560556e-05	5.31290024810005e-05	8.940582847571932e-05
CG>TT	2.8438888330128974e-05	3.9476936944993216e-05	2.7646538364933802e-05	3.8676985786878505e-05	5.6664091243874284e-05	5.818453173560556e-05	5.31290024810005e-05	8.940582847571932e-05
CT>AA	0.013324210235667521	1.7577612689432115e-05	1.0278540776198497e-05	0.4059228331741906	3.978743861807743e-05	0.03997159766661582	3.909173865395133e-05	4.79313435789993e-05
CT>AC	0.06884138858367805	3.0058209267735948e-05	0.0484540588920936	2.6284369232598694e-05	3.809298333976585e-05	5.545475141843781e-05	5.286806044750847e-05	8.06386840849882e-05
CT>AG	2.8438888330128974e-05	3.9476936944993216e-05	2.7646538364933802e-05	3.8676985786878505e-05	5.6664091243874284e-05	5.818453173560556e-05	5.31290024810005e-05	8.940582847571932e-05
CT>GA	2.8438888330128974e-05	3.9476936944993216e-05	2.7646538364933802e-05	3.8676985786878505e-05	5.6664091243874284e-05	5.818453173560556e-05	5.31290024810005e-05	8.940582847571932e-05
CT>GC	1.4076202438737667e-05	0.014261500323596016	1.290895498016198e-05	2.2588236606679857e-05	3.24024815469337e-05	0.3605043385879981	0.04986244875035482	3.969654832189917e-05
CT>GG	2.8438888330128974e-05	3.9476936944993216e-05	2.7646538364933802e-05	3.8676985786878505e-05	5.6664091243874284e-05	5.818453173560556e-05	5.31290024810005e-05	8.940582847571932e-05
CT>TA	2.8438888330128974e-05	3.9476936944993216e-05	2.7646538364933802e-05	3.8676985786878505e-05	5.6664091243874284e-05	5.818453173560556e-05	5.31290024810005e-05	8.940582847571932e-05
CT>TC	2.8438888330128974e-05	3.9476936944993216e-05	2.7646538364933802e-05	3.8676985786878505e-05	5.6664091243874284e-05	5.818453173560556e-05	5.31290024810005e-05	8.940582847571932e-05
CT>TG	2.8438888330128974e-05	3.9476936944993216e-05	2.7646538364933802e-05	3.8676985786878505e-05	5.6664091243874284e-05	5.818453173560556e-05	5.31290024810005e-05	8.940582847571932e-05
GC>AA	0.022205293005925865	0.05059209172759438	0.06431376807959169	2.7965095432591626e-05	0.054947243099013575	4.3398221169062015e-05	5.060781841166317e-05	7.862159764044918e-05
GC>AG	2.8438888330128974e-05	3.9476936944993216e-05	2.7646538364933802e-05	3.8676985786878505e-05	5.6664091243874284e-05	5.818453173560556e-05	5.31290024810005e-05	8.940582847571932e-05
GC>AT	2.8438888330128974e-05	3.9476936944993216e-05	2.7646538364933802e-05	3.8676985786878505e-05	5.6664091243874284e-05	5.818453173560556e-05	5.31290024810005e-05	8.940582847571932e-05
GC>CA	2.8438888330128974e-05	3.9476936944993216e-05	2.7646538364933802e-05	3.8676985786878505e-05	5.6664091243874284e-05	5.818453173560556e-05	5.31290024810005e-05	8.940582847571932e-05
GC>CG	2.8438888330128974e-05	3.9476936944993216e-05	2.7646538364933802e-05	3.8676985786878505e-05	5.6664091243874284e-05	5.818453173560556e-05	5.31290024810005e-05	8.940582847571932e-05
GC>TA	2.8438888330128974e-05	3.9476936944993216e-05	2.7646538364933802e-05	3.8676985786878505e-05	5.6664091243874284e-05	5.818453173560556e-05	5.31290024810005e-05	8.940582847571932e-05
TA>AT	1.5852300984200986e-05	5.953918209831987e-06	3.92522109371185e-06	1.545054977363236e-05	4.309907152544312e-05	2.088624784651576e-05	0.5312915928087023	5.910116640848173e-05
TA>CG	2.8438888330128974e-05	3.9476936944993216e-05	2.7646538364933802e-05	3.8676985786878505e-05	5.6664091243874284e-05	5.818453173560556e-05	5.31290024810005e-05	8.940582847571932e-05
TA>CT	2.8438888330128974e-05	3.9476936944993216e-05	2.7646538364933802e-05	3.8676985786878505e-05	5.6664091243874284e-05	5.818453173560556e-05	5.31290024810005e-05	8.940582847571932e-05
TA>GC	2.8438888330128974e-05	3.9476936944993216e-05	2.7646538364933802e-05	3.8676985786878505e-05	5.6664091243874284e-05	5.818453173560556e-05	5.31290024810005e-05	8.940582847571932e-05
TA>GG	2.8438888330128974e-05	3.9476936944993216e-05	2.7646538364933802e-05	3.8676985786878505e-05	5.6664091243874284e-05	5.818453173560556e-05	5.31290024810005e-05	8.940582847571932e-05
TA>GT	1.624298393565482e-05	2.460710074956296e-05	0.024248851527199376	0.06846430510413484	5.110780984978192e-05	0.07994400269162724	5.2047075587324795e-05	5.1210667825785096e-05
TC>AA	2.4555469281040132e-05	3.554903578333324e-05	2.7576321008382366e-05	3.514633190206951e-05	4.918162085232325e-05	0.02851876983368129	4.96346467116382e-05	8.021574685699307e-05
TC>AG	2.8438888330128974e-05	3.9476936944993216e-05	2.7646538364933802e-05	3.8676985786878505e-05	5.6664091243874284e-05	5.818453173560556e-05	5.31290024810005e-05	8.940582847571932e-05
TC>AT	0.44044300317764284	0.054459835851594106	2.21596757575692e-05	0.04983395714116341	0.02749642258777385	3.137056628475395e-05	2.34184094892953e-05	4.1294489478760354e-05
TC>CA	2.8438888330128974e-05	3.9476936944993216e-05	2.7646538364933802e-05	3.8676985786878505e-05	5.6664091243874284e-05	5.818453173560556e-05	5.31290024810005e-05	8.940582847571932e-05
TC>CG	2.8438888330128974e-05	3.9476936944993216e-05	2.7646538364933802e-05	3.8676985786878505e-05	5.6664091243874284e-05	5.818453173560556e-05	5.31290024810005e-05	8.940582847571932e-05
TC>CT	2.8438888330128974e-05	3.9476936944993216e-05	2.7646538364933802e-05	3.8676985786878505e-05	5.6664091243874284e-05	5.818453173560556e-05	5.31290024810005e-05	8.940582847571932e-05
TC>GA	2.8438888330128974e-05	3.9476936944993216e-05	2.7646538364933802e-05	3.8676985786878505e-05	5.6664091243874284e-05	5.818453173560556e-05	5.31290024810005e-05	8.940582847571932e-05
TC>GG	2.8438888330128974e-05	3.9476936944993216e-05	2.7646538364933802e-05	3.8676985786878505e-05	5.6664091243874284e-05	5.818453173560556e-05	5.31290024810005e-05	8.940582847571932e-05
TC>GT	2.09443096537143e-05	0.014274126584496116	1.4082314737606794e-05	2.1261051233523177e-05	0.14907227001021967	3.6359511432237925e-05	3.1140421924646944e-05	0.08942988417875312
TG>AA	2.8438888330128974e-05	3.9476936944993216e-05	2.7646538364933802e-05	3.8676985786878505e-05	5.6664091243874284e-05	5.818453173560556e-05	5.31290024810005e-05	8.940582847571932e-05
TG>AC	2.8438888330128974e-05	3.9476936944993216e-05	2.7646538364933802e-05	3.8676985786878505e-05	5.6664091243874284e-05	5.818453173560556e-05	5.31290024810005e-05	8.940582847571932e-05
TG>AT	1.4635692242259169e-05	3.106177337031113e-05	2.378764365864196e-05	2.251292068606974e-05	3.434108839428518e-05	0.05697684064252826	4.7270904906326906e-05	0.09974060705480951
TG>CA	2.8438888330128974e-05	3.9476936944993216e-05	2.7646538364933802e-05	3.8676985786878505e-05	5.6664091243874284e-05	5.818453173560556e-05	5.31290024810005e-05	8.940582847571932e-05
TG>CC	1.109768008393519e-05	2.3217879907387565e-06	3.2455505666106887e-06	2.0027943708100793e-05	3.4812543466955505e-05	4.341191124694888e-05	2.152658706506827e-05	0.5761963367462158
TG>CT	2.5159807410091162e-05	0.014282719194397941	2.064567670458928e-05	2.8584530809894204e-05	3.962168557336554e-05	0.028510186112180237	0.04986364426949876	7.36253772629425e-05
TG>GA	0.013326379528302823	2.4374771720658826e-05	1.3982002064949483e-05	0.08312271586150359	3.803195722866804e-05	4.378686866175485e-05	0.0996682486971622	7.500247666030191e-05
TG>GC	0.06320453010057898	2.0327290758359596e-05	1.2284285566654951e-05	0.049849473254577774	0.24898205960130326	4.336379352025688e-05	3.7150749267311764e-05	6.704357801936566e-05
TG>GT	2.8438888330128974e-05	3.9476936944993216e-05	2.7646538364933802e-05	3.8676985786878505e-05	5.6664091243874284e-05	5.818453173560556e-05	5.31290024810005e-05	8.940582847571932e-05
TT>AA	2.623264954308979e-05	0.06873802781483392	2.3026048074825668e-05	3.413851918594446e-05	5.2856684487778696e-05	5.231457616901025e-05	5.108206169097684e-05	8.665738569106907e-05
TT>AC	2.8438888330128974e-05	3.9476936944993216e-05	2.7646538364933802e-05	3.8676985786878505e-05	5.6664091243874284e-05	5.818453173560556e-05	5.31290024810005e-05	8.940582847571932e-05
TT>AG	2.8438888330128974e-05	3.9476936944993216e-05	2.7646538364933802e-05	3.8676985786878505e-05	5.6664091243874284e-05	5.818453173560556e-05	5.31290024810005e-05	8.940582847571932e-05
TT>CA	2.8438888330128974e-05	3.9476936944993216e-05	2.7646538364933802e-05	3.8676985786878505e-05	5.6664091243874284e-05	5.818453173560556e-05	5.31290024810005e-05	8.940582847571932e-05
TT>CC	2.8438888330128974e-05	3.9476936944993216e-05	2.7646538364933802e-05	3.8676985786878505e-05	5.6664091243874284e-05	5.818453173560556e-05	5.31290024810005e-05	8.940582847571932e-05
TT>CG	2.8438888330128974e-05	3.9476936944993216e-05	2.7646538364933802e-05	3.8676985786878505e-05	5.6664091243874284e-05	5.818453173560556e-05	5.31290024810005e-05	8.940582847571932e-05
TT>GA	2.8438888330128974e-05	3.9476936944993216e-05	2.7646538364933802e-05	3.8676985786878505e-05	5.6664091243874284e-05	5.818453173560556e-05	5.31290024810005e-05	8.940582847571932e-05
TT>GC	2.8438888330128974e-05	3.9476936944993216e-05	2.7646538364933802e-05	3.8676985786878505e-05	5.6664091243874284e-05	5.818453173560556e-05	5.31290024810005e-05	8.940582847571932e-05
TT>GG	2.8438888330128974e-05	3.9476936944993216e-05	2.7646538364933802e-05	3.8676985786878505e-05	5.6664091243874284e-05	5.818453173560556e-05	5.31290024810005e-05	8.940582847571932e-05
