MutationType	DBS78A	DBS78B	DBS78C	DBS78D	DBS78E	DBS78F	DBS78G	DBS78H
AC>CA	7.07E-06	1.30E-05	4.85E-02	3.33E-02	1.42E-05	3.99E-02	1.22E-06	1.69E-05
AC>CG	3.87E-06	1.03E-05	5.05E-06	5.80E-06	1.70E-05	1.28E-05	3.31E-06	9.90E-06
AC>CT	3.87E-06	1.03E-05	5.05E-06	5.80E-06	1.70E-05	1.28E-05	3.31E-06	9.90E-06
AC>GA	3.87E-06	1.03E-05	5.05E-06	5.80E-06	1.70E-05	1.28E-05	3.31E-06	9.90E-06
AC>GG	6.08E-06	7.45E-06	8.84E-06	1.05E-05	1.68E-05	1.17E-05	1.22E-01	1.92E-05
AC>GT	3.87E-06	1.03E-05	5.05E-06	5.80E-06	1.70E-05	1.28E-05	3.31E-06	9.90E-06
AC>TA	3.87E-06	1.03E-05	5.05E-06	5.80E-06	1.70E-05	1.28E-05	3.31E-06	9.90E-06
AC>TG	3.87E-06	1.03E-05	5.05E-06	5.80E-06	1.70E-05	1.28E-05	3.31E-06	9.90E-06
AC>TT	1.33E-02	1.15E-05	5.44E-06	9.41E-06	1.99E-01	1.72E-05	1.06E-05	1.84E-05
AT>CA	3.87E-06	1.03E-05	5.05E-06	5.80E-06	1.70E-05	1.28E-05	3.31E-06	9.90E-06
AT>CC	3.87E-06	1.03E-05	5.05E-06	5.80E-06	1.70E-05	1.28E-05	3.31E-06	9.90E-06
AT>CG	3.87E-06	1.03E-05	5.05E-06	5.80E-06	1.70E-05	1.28E-05	3.31E-06	9.90E-06
AT>GA	3.87E-06	1.03E-05	5.05E-06	5.80E-06	1.70E-05	1.28E-05	3.31E-06	9.90E-06
AT>GC	3.87E-06	1.03E-05	5.05E-06	5.80E-06	1.70E-05	1.28E-05	3.31E-06	9.90E-06
AT>TA	3.87E-06	1.03E-05	5.05E-06	5.80E-06	1.70E-05	1.28E-05	3.31E-06	9.90E-06
CC>AA	9.84E-02	1.56E-08	1.31E-01	4.29E-02	1.94E-05	3.99E-02	7.83E-06	3.32E-02
CC>AG	5.18E-06	2.83E-06	4.43E-02	5.70E-02	9.93E-02	5.69E-02	8.02E-06	7.94E-02
CC>AT	4.44E-02	1.26E-05	2.42E-02	5.25E-06	1.45E-05	1.28E-05	3.32E-06	1.42E-05
CC>GA	3.87E-06	1.03E-05	5.05E-06	5.80E-06	1.70E-05	1.28E-05	3.31E-06	9.90E-06
CC>GG	3.87E-06	1.03E-05	5.05E-06	5.80E-06	1.70E-05	1.28E-05	3.31E-06	9.90E-06
CC>GT	6.95E-06	9.93E-06	3.47E-06	7.54E-06	1.34E-05	1.93E-01	6.64E-02	7.22E-02
CC>TA	5.10E-06	5.49E-02	2.42E-02	1.10E-01	1.34E-05	1.15E-05	3.77E-06	2.00E-05
CC>TG	8.62E-06	9.16E-06	1.46E-01	1.08E-05	1.70E-05	1.71E-05	3.64E-06	9.20E-06
CC>TT	3.69E-06	1.06E-01	5.28E-06	9.10E-06	1.18E-01	6.69E-06	4.68E-06	2.06E-05
CG>AT	3.87E-06	1.03E-05	5.05E-06	5.80E-06	1.70E-05	1.28E-05	3.31E-06	9.90E-06
CG>GC	3.87E-06	1.03E-05	5.05E-06	5.80E-06	1.70E-05	1.28E-05	3.31E-06	9.90E-06
CG>GT	3.87E-06	1.03E-05	5.05E-06	5.80E-06	1.70E-05	1.28E-05	3.31E-06	9.90E-06
CG>TA	3.87E-06	1.03E-05	5.05E-06	5.80E-06	1.70E-05	1.28E-05	3.31E-06	9.90E-06
CG>TC	3.87E-06	1.03E-05	5.05E-06	5.80E-06	1.70E-05	1.28E-05	3.31E-06	9.90E-06
CG>TT	3.87E-06	1.03E-05	5.05E-06	5.80E-06	1.70E-05	1.28E-05	3.31E-06	9.90E-06
CT>AA	1.33E-02	1.30E-05	4.54E-06	1.68E-01	1.70E-05	3.99E-02	7.88E-06	1.98E-05
CT>AC	3.22E-02	1.02E-05	4.84E-02	4.13E-06	1.72E-05	1.40E-05	3.37E-06	1.62E-05
CT>AG	3.87E-06	1.03E-05	5.05E-06	5.80E-06	1.70E-05	1.28E-05	3.31E-06	9.90E-06
CT>GA	3.87E-06	1.03E-05	5.05E-06	5.80E-06	1.70E-05	1.28E-05	3.31E-06	9.90E-06
CT>GC	6.07E-06	1.43E-02	5.28E-06	4.68E-06	1.10E-05	2.00E-01	4.98E-02	1.72E-05
CT>GG	3.87E-06	1.03E-05	5.05E-06	5.80E-06	1.70E-05	1.28E-05	3.31E-06	9.90E-06
CT>TA	3.87E-06	1.03E-05	5.05E-06	5.80E-06	1.70E-05	1.28E-05	3.31E-06	9.90E-06
CT>TC	3.87E-06	1.03E-05	5.05E-06	5.80E-06	1.70E-05	1.28E-05	3.31E-06	9.90E-06
CT>TG	3.87E-06	1.03E-05	5.05E-06	5.80E-06	1.70E-05	1.28E-05	3.31E-06	9.90E-06
GC>AA	2.22E-02	2.09E-02	4.38E-02	6.97E-06	5.49E-02	1.63E-05	2.46E-06	1.03E-05
GC>AG	3.87E-06	1.03E-05	5.05E-06	5.80E-06	1.70E-05	1.28E-05	3.31E-06	9.90E-06
GC>AT	3.87E-06	1.03E-05	5.05E-06	5.80E-06	1.70E-05	1.28E-05	3.31E-06	9.90E-06
GC>CA	3.87E-06	1.03E-05	5.05E-06	5.80E-06	1.70E-05	1.28E-05	3.31E-06	9.90E-06
GC>CG	3.87E-06	1.03E-05	5.05E-06	5.80E-06	1.70E-05	1.28E-05	3.31E-06	9.90E-06
GC>TA	3.87E-06	1.03E-05	5.05E-06	5.80E-06	1.70E-05	1.28E-05	3.31E-06	9.90E-06
TA>AT	9.70E-06	5.32E-06	3.23E-06	1.00E-05	1.84E-05	1.96E-05	1.61E-01	1.62E-05
TA>CG	3.87E-06	1.03E-05	5.05E-06	5.80E-06	1.70E-05	1.28E-05	3.31E-06	9.90E-06
TA>CT	3.87E-06	1.03E-05	5.05E-06	5.80E-06	1.70E-05	1.28E-05	3.31E-06	9.90E-06
TA>GC	3.87E-06	1.03E-05	5.05E-06	5.80E-06	1.70E-05	1.28E-05	3.31E-06	9.90E-06
TA>GG	3.87E-06	1.03E-05	5.05E-06	5.80E-06	1.70E-05	1.28E-05	3.31E-06	9.90E-06
TA>GT	6.29E-06	1.06E-05	2.42E-02	4.29E-02	1.48E-05	7.99E-02	3.70E-06	1.70E-05
TC>AA	3.60E-06	1.21E-05	5.08E-06	7.72E-06	1.47E-05	2.85E-02	1.88E-07	1.17E-05
TC>AG	3.87E-06	1.03E-05	5.05E-06	5.80E-06	1.70E-05	1.28E-05	3.31E-06	9.90E-06
TC>AT	8.05E-02	3.63E-02	1.66E-05	4.98E-02	2.74E-02	1.35E-05	1.04E-05	2.02E-05
TC>CA	3.87E-06	1.03E-05	5.05E-06	5.80E-06	1.70E-05	1.28E-05	3.31E-06	9.90E-06
TC>CG	3.87E-06	1.03E-05	5.05E-06	5.80E-06	1.70E-05	1.28E-05	3.31E-06	9.90E-06
TC>CT	3.87E-06	1.03E-05	5.05E-06	5.80E-06	1.70E-05	1.28E-05	3.31E-06	9.90E-06
TC>GA	3.87E-06	1.03E-05	5.05E-06	5.80E-06	1.70E-05	1.28E-05	3.31E-06	9.90E-06
TC>GG	3.87E-06	1.03E-05	5.05E-06	5.80E-06	1.70E-05	1.28E-05	3.31E-06	9.90E-06
TC>GT	5.15E-06	1.43E-02	5.09E-06	6.27E-06	9.94E-02	6.96E-06	5.48E-06	5.53E-02
TG>AA	3.87E-06	1.03E-05	5.05E-06	5.80E-06	1.70E-05	1.28E-05	3.31E-06	9.90E-06
TG>AC	3.87E-06	1.03E-05	5.05E-06	5.80E-06	1.70E-05	1.28E-05	3.31E-06	9.90E-06
TG>AT	6.34E-06	1.37E-05	7.52E-06	1.04E-05	1.09E-05	5.69E-02	2.52E-06	9.97E-02
TG>CA	3.87E-06	1.03E-05	5.05E-06	5.80E-06	1.70E-05	1.28E-05	3.31E-06	9.90E-06
TG>CC	8.98E-06	2.32E-06	1.43E-06	7.76E-06	1.23E-05	1.50E-05	1.15E-05	1.18E-01
TG>CT	2.83E-06	1.43E-02	5.54E-06	5.42E-06	1.03E-05	2.85E-02	4.98E-02	1.67E-05
TG>GA	1.33E-02	1.19E-05	3.95E-06	5.25E-02	2.23E-05	1.73E-05	9.96E-02	1.08E-05
TG>GC	4.83E-02	1.24E-05	4.54E-06	4.98E-02	1.93E-01	7.61E-06	7.49E-06	1.32E-05
TG>GT	3.87E-06	1.03E-05	5.05E-06	5.80E-06	1.70E-05	1.28E-05	3.31E-06	9.90E-06
TT>AA	3.44E-06	1.76E-02	3.29E-06	5.21E-06	1.63E-05	1.09E-05	2.94E-06	1.26E-05
TT>AC	3.87E-06	1.03E-05	5.05E-06	5.80E-06	1.70E-05	1.28E-05	3.31E-06	9.90E-06
TT>AG	3.87E-06	1.03E-05	5.05E-06	5.80E-06	1.70E-05	1.28E-05	3.31E-06	9.90E-06
TT>CA	3.87E-06	1.03E-05	5.05E-06	5.80E-06	1.70E-05	1.28E-05	3.31E-06	9.90E-06
TT>CC	3.87E-06	1.03E-05	5.05E-06	5.80E-06	1.70E-05	1.28E-05	3.31E-06	9.90E-06
TT>CG	3.87E-06	1.03E-05	5.05E-06	5.80E-06	1.70E-05	1.28E-05	3.31E-06	9.90E-06
TT>GA	3.87E-06	1.03E-05	5.05E-06	5.80E-06	1.70E-05	1.28E-05	3.31E-06	9.90E-06
TT>GC	3.87E-06	1.03E-05	5.05E-06	5.80E-06	1.70E-05	1.28E-05	3.31E-06	9.90E-06
TT>GG	3.87E-06	1.03E-05	5.05E-06	5.80E-06	1.70E-05	1.28E-05	3.31E-06	9.90E-06
