MutationType	SBS96A	SBS96B	SBS96C	SBS96D	SBS96E	SBS96F	SBS96G	SBS96H	SBS96I	SBS96J	SBS96K
A[C>A]A	4.37E-04	3.36E-03	4.81E-03	3.19E-03	5.45E-03	1.27E-03	3.25E-03	8.09E-03	1.19E-02	1.01E-02	3.48E-03
A[C>A]C	2.58E-04	6.04E-03	6.61E-05	1.90E-03	3.99E-03	4.12E-03	5.99E-03	3.02E-03	9.17E-03	8.68E-03	3.12E-03
A[C>A]G	5.47E-05	8.54E-04	3.60E-03	7.09E-10	8.80E-04	4.39E-03	2.88E-03	1.91E-03	1.20E-03	5.37E-03	3.38E-03
A[C>A]T	1.83E-04	4.25E-03	6.83E-03	1.09E-03	4.51E-03	2.19E-03	3.70E-03	7.40E-03	8.34E-03	6.16E-03	4.77E-03
A[C>G]A	3.55E-04	6.38E-03	3.66E-03	3.47E-03	1.40E-03	2.11E-03	5.06E-03	3.48E-03	5.48E-03	3.44E-03	1.29E-03
A[C>G]C	4.18E-04	1.05E-03	3.30E-03	8.71E-04	5.00E-03	3.16E-03	7.68E-03	3.52E-03	2.72E-03	4.01E-03	7.09E-08
A[C>G]G	2.37E-04	2.70E-03	1.72E-03	4.34E-19	9.01E-04	0.00E+00	3.57E-03	8.10E-05	1.16E-03	4.32E-03	1.53E-07
A[C>G]T	4.38E-04	4.78E-03	3.76E-03	6.70E-03	7.60E-03	1.27E-03	4.09E-03	1.53E-02	5.20E-03	6.82E-03	1.40E-03
A[C>T]A	1.30E-03	6.17E-03	1.03E-02	3.21E-03	5.10E-03	1.35E-02	1.16E-03	4.47E-03	7.95E-03	4.46E-03	3.04E-03
A[C>T]C	1.33E-04	7.04E-04	4.44E-03	2.13E-03	3.90E-03	3.89E-03	4.25E-03	3.65E-03	4.16E-03	5.48E-03	2.07E-03
A[C>T]G	8.02E-04	6.21E-03	1.86E-02	1.06E-02	4.73E-03	4.50E-03	1.73E-02	4.21E-03	7.83E-03	1.23E-02	1.96E-02
A[C>T]T	3.57E-04	5.41E-03	5.78E-03	8.91E-03	2.86E-03	2.27E-03	5.29E-03	6.76E-03	6.52E-03	2.95E-03	1.31E-03
A[T>A]A	1.78E-04	1.43E-03	1.50E-03	2.02E-03	4.97E-03	5.33E-07	1.72E-03	4.96E-05	4.71E-03	0.00E+00	0.00E+00
A[T>A]C	1.66E-04	2.30E-03	3.68E-03	1.81E-03	2.40E-03	7.79E-03	3.67E-03	1.28E-03	3.19E-03	4.49E-03	3.38E-03
A[T>A]G	1.92E-04	4.33E-03	5.45E-04	4.62E-03	6.37E-03	5.83E-04	3.15E-03	5.28E-03	7.74E-03	3.27E-03	3.42E-08
A[T>A]T	0.00E+00	4.42E-03	3.73E-04	3.57E-03	2.40E-03	3.55E-03	5.03E-03	1.52E-03	4.41E-03	1.65E-03	3.53E-03
A[T>C]A	2.55E-04	7.64E-03	7.64E-03	3.41E-03	5.54E-03	2.20E-03	3.06E-03	9.78E-03	6.00E-03	2.33E-03	8.60E-04
A[T>C]C	4.53E-04	4.38E-03	2.58E-03	2.07E-03	2.05E-03	2.80E-03	2.31E-03	1.44E-03	7.75E-04	4.74E-03	6.32E-04
A[T>C]G	3.67E-04	4.73E-03	2.79E-03	1.30E-03	2.69E-03	7.88E-03	4.47E-03	9.71E-03	2.65E-03	7.05E-03	5.17E-03
A[T>C]T	3.98E-04	4.41E-03	3.32E-03	7.62E-03	6.68E-03	6.89E-04	5.52E-03	8.61E-03	5.53E-03	8.84E-03	3.22E-03
A[T>G]A	5.58E-05	1.97E-03	1.69E-03	7.83E-03	2.07E-03	3.34E-03	5.45E-03	2.42E-03	6.66E-03	2.13E-03	1.04E-07
A[T>G]C	1.51E-04	2.04E-03	6.75E-04	1.44E-03	1.15E-03	1.38E-03	1.42E-03	2.00E-07	1.08E-03	1.35E-03	4.81E-07
A[T>G]G	1.57E-04	1.31E-03	6.72E-04	3.65E-03	2.88E-03	0.00E+00	6.52E-03	7.34E-04	2.92E-03	1.56E-03	5.91E-22
A[T>G]T	1.87E-04	4.62E-03	3.31E-03	4.74E-03	3.17E-03	1.62E-03	1.87E-03	9.90E-04	2.89E-03	1.90E-03	5.70E-08
C[C>A]A	2.29E-04	7.63E-03	8.54E-03	2.75E-03	6.30E-03	4.05E-03	3.62E-03	9.09E-03	6.49E-03	3.13E-03	2.43E-03
C[C>A]C	1.88E-04	4.60E-03	2.61E-03	9.04E-03	5.03E-03	2.02E-03	2.58E-03	8.08E-03	3.97E-03	1.03E-03	7.09E-04
C[C>A]G	5.08E-04	1.29E-03	2.35E-03	0.00E+00	4.25E-03	2.49E-03	6.32E-04	7.56E-03	3.09E-04	1.40E-03	1.34E-03
C[C>A]T	2.76E-04	5.90E-03	2.64E-03	1.24E-02	7.67E-03	6.11E-04	7.09E-03	1.32E-02	7.36E-03	5.43E-03	1.55E-07
C[C>G]A	4.56E-04	3.59E-03	4.67E-03	2.79E-03	5.24E-03	6.47E-04	4.15E-03	8.60E-03	4.87E-03	3.28E-03	1.99E-13
C[C>G]C	2.14E-04	4.01E-03	3.83E-03	3.97E-03	1.76E-03	2.73E-03	2.99E-03	2.97E-03	5.49E-03	6.97E-03	2.61E-07
C[C>G]G	3.75E-04	2.59E-03	6.12E-04	1.59E-03	3.33E-03	8.59E-04	4.23E-03	2.81E-03	2.35E-07	7.19E-03	0.00E+00
C[C>G]T	1.32E-03	4.67E-03	4.87E-03	8.13E-03	5.14E-03	4.11E-03	7.31E-03	6.42E-03	1.78E-02	2.91E-03	0.00E+00
C[C>T]A	2.04E-03	6.82E-03	1.07E-02	1.19E-03	4.24E-03	5.37E-03	2.26E-03	8.10E-03	7.53E-03	2.65E-03	2.68E-03
C[C>T]C	3.85E-04	4.24E-03	1.74E-09	7.66E-03	6.99E-03	3.53E-03	2.83E-03	5.68E-03	9.48E-03	1.77E-03	0.00E+00
C[C>T]G	8.33E-04	9.13E-03	8.98E-04	4.85E-03	2.94E-03	1.44E-02	8.53E-03	6.04E-03	9.78E-03	8.40E-03	4.79E-03
C[C>T]T	1.06E-03	1.01E-02	8.31E-03	7.65E-03	4.81E-03	2.67E-03	5.28E-03	5.95E-03	8.03E-03	4.87E-03	4.32E-03
C[T>A]A	9.15E-05	2.84E-03	2.53E-03	9.85E-04	3.02E-03	2.78E-04	1.26E-03	2.93E-03	2.79E-03	1.22E-03	9.87E-04
C[T>A]C	1.18E-04	3.89E-03	2.76E-03	4.29E-03	4.39E-03	4.87E-04	7.94E-04	3.86E-03	3.03E-03	4.09E-03	4.49E-04
C[T>A]G	3.55E-04	3.72E-03	2.88E-03	4.31E-03	4.66E-03	3.69E-03	4.37E-03	1.21E-03	7.37E-03	3.25E-03	1.27E-07
C[T>A]T	0.00E+00	7.59E-03	1.29E-03	2.88E-03	1.77E-03	6.51E-03	1.80E-07	4.47E-03	4.14E-03	1.97E-03	1.25E-07
C[T>C]A	2.01E-04	1.85E-03	1.01E-03	1.85E-03	1.12E-03	1.16E-03	1.11E-03	2.78E-03	2.34E-03	1.13E-03	1.83E-07
C[T>C]C	2.16E-04	3.25E-03	2.27E-03	4.82E-03	4.34E-03	4.65E-03	3.39E-03	7.36E-03	3.19E-03	3.39E-03	1.36E-08
C[T>C]G	2.92E-04	2.68E-03	7.72E-03	3.89E-03	6.47E-03	1.72E-03	2.50E-03	3.98E-03	8.14E-03	7.63E-03	5.06E-08
C[T>C]T	1.55E-04	4.01E-03	4.25E-03	3.42E-03	1.81E-03	4.79E-03	9.29E-08	1.56E-03	4.17E-03	4.90E-03	3.15E-03
C[T>G]A	0.00E+00	1.41E-07	4.48E-08	3.15E-03	1.70E-03	3.57E-04	9.86E-04	3.04E-03	3.42E-03	3.28E-03	2.71E-07
C[T>G]C	2.18E-04	2.04E-03	2.16E-03	2.45E-03	3.68E-03	3.16E-03	9.26E-04	2.16E-03	3.01E-03	1.25E-03	7.34E-03
C[T>G]G	3.75E-04	6.35E-03	6.59E-03	2.43E-03	2.64E-03	0.00E+00	4.08E-03	2.15E-03	2.91E-03	6.45E-03	3.94E-07
C[T>G]T	0.00E+00	2.66E-03	1.47E-03	6.08E-03	5.05E-03	1.23E-03	1.55E-03	4.53E-03	4.11E-03	2.38E-03	1.49E-06
G[C>A]A	2.74E-04	4.12E-03	2.81E-03	2.99E-03	4.44E-03	3.54E-03	2.15E-03	8.54E-03	8.96E-03	3.56E-03	1.78E-03
G[C>A]C	2.86E-04	3.25E-03	6.39E-03	4.21E-03	3.66E-03	2.00E-03	2.30E-03	1.25E-02	9.29E-03	4.85E-03	1.94E-03
G[C>A]G	2.56E-04	3.09E-04	2.68E-03	1.44E-04	1.89E-03	4.53E-04	3.90E-04	3.09E-03	1.71E-03	4.38E-03	3.08E-03
G[C>A]T	3.67E-04	2.44E-03	6.12E-03	6.87E-03	3.64E-03	2.94E-03	1.72E-03	2.31E-03	1.58E-03	2.77E-03	9.33E-04
G[C>G]A	5.43E-04	6.94E-03	3.44E-03	2.56E-03	3.72E-03	0.00E+00	2.83E-03	6.60E-03	5.41E-03	3.67E-03	1.58E-03
G[C>G]C	2.11E-04	3.76E-03	5.36E-03	3.40E-03	2.07E-03	1.96E-03	2.39E-03	1.42E-03	2.35E-03	2.52E-03	7.39E-08
G[C>G]G	2.43E-04	3.65E-04	2.74E-03	0.00E+00	2.28E-03	9.03E-08	1.54E-03	4.81E-03	9.73E-04	6.96E-06	0.00E+00
G[C>G]T	4.08E-04	2.91E-03	5.16E-03	7.65E-03	5.69E-03	0.00E+00	2.82E-03	6.19E-03	1.57E-03	6.15E-03	1.21E-03
G[C>T]A	1.47E-03	3.99E-03	1.09E-02	6.86E-03	6.02E-03	4.21E-03	1.59E-03	8.72E-03	6.67E-03	1.92E-03	2.79E-03
G[C>T]C	4.94E-04	3.63E-03	3.98E-03	3.75E-03	6.16E-04	2.60E-03	1.39E-03	8.92E-03	4.47E-03	1.91E-03	2.28E-03
G[C>T]G	1.07E-03	4.76E-03	2.20E-03	5.83E-03	4.47E-03	1.60E-02	9.48E-03	1.10E-02	5.01E-03	1.18E-02	7.27E-03
G[C>T]T	8.67E-04	3.93E-03	4.63E-03	5.18E-03	3.69E-03	2.70E-03	3.54E-03	2.26E-03	2.07E-03	1.58E-03	2.36E-03
G[T>A]A	9.45E-05	3.66E-04	1.81E-03	1.64E-03	3.28E-03	3.40E-03	8.32E-04	2.93E-03	1.22E-03	4.51E-03	2.24E-03
G[T>A]C	0.00E+00	2.45E-03	4.28E-03	1.82E-03	1.10E-03	2.54E-03	3.09E-03	1.12E-03	9.49E-04	1.30E-03	5.37E-04
G[T>A]G	9.31E-05	3.12E-03	2.41E-03	1.63E-03	3.46E-03	3.23E-03	2.83E-03	2.31E-03	1.71E-03	2.34E-03	1.83E-03
G[T>A]T	1.19E-04	2.88E-03	1.51E-04	4.00E-03	1.74E-03	1.92E-03	2.04E-03	9.69E-04	5.56E-03	2.62E-03	8.54E-04
G[T>C]A	6.16E-05	3.24E-03	2.67E-03	3.43E-03	3.61E-03	2.33E-03	3.28E-03	2.94E-03	6.18E-03	6.11E-03	2.68E-03
G[T>C]C	3.16E-04	2.80E-03	7.70E-04	9.68E-38	4.09E-03	2.73E-04	2.29E-03	4.30E-03	3.81E-03	3.39E-03	8.54E-04
G[T>C]G	1.44E-04	2.95E-03	1.60E-37	3.40E-03	1.01E-03	3.05E-03	4.54E-03	2.37E-03	1.25E-03	1.26E-03	2.20E-03
G[T>C]T	9.62E-05	3.13E-03	4.14E-03	1.43E-03	2.49E-03	4.71E-03	2.02E-03	4.24E-03	6.74E-03	4.08E-03	9.63E-04
G[T>G]A	0.00E+00	2.09E-03	4.73E-04	4.42E-03	2.68E-03	3.80E-03	1.38E-03	2.05E-03	3.60E-03	4.77E-03	2.78E-07
G[T>G]C	2.15E-04	1.53E-03	1.83E-03	1.95E-03	7.67E-04	7.53E-08	1.47E-03	9.81E-04	1.06E-03	1.62E-03	3.97E-03
G[T>G]G	4.07E-04	1.76E-03	3.03E-03	3.43E-03	6.05E-03	2.70E-03	1.21E-07	7.20E-04	5.06E-03	3.34E-03	5.50E-03
G[T>G]T	1.85E-04	1.44E-03	1.22E-03	4.22E-03	2.37E-03	4.49E-03	4.60E-26	2.54E-03	5.19E-03	2.09E-03	2.06E-03
T[C>A]A	1.94E-03	8.17E-04	7.49E-03	1.58E-02	8.11E-03	4.73E-03	8.32E-03	3.05E-03	4.91E-03	6.71E-03	4.03E-03
T[C>A]C	1.85E-03	5.99E-03	1.51E-02	2.58E-03	3.87E-03	3.24E-03	5.13E-03	2.55E-03	5.09E-03	8.35E-03	7.42E-03
T[C>A]G	3.47E-04	2.19E-03	4.59E-03	4.19E-03	1.69E-03	2.49E-03	1.99E-03	6.91E-03	2.00E-03	0.00E+00	5.31E-03
T[C>A]T	4.08E-04	2.98E-03	8.56E-03	1.03E-02	1.61E-02	4.63E-03	8.88E-03	3.67E-03	4.67E-03	2.76E-03	3.69E-03
T[C>G]A	9.34E-03	1.57E-03	1.92E-02	8.72E-03	3.03E-03	1.29E-02	2.58E-03	4.35E-03	1.12E-02	9.48E-03	3.22E-02
T[C>G]C	2.05E-03	9.61E-03	1.22E-02	1.07E-02	7.50E-03	1.41E-02	6.79E-03	5.76E-03	1.04E-02	7.44E-03	4.53E-03
T[C>G]G	9.50E-04	1.85E-03	7.16E-03	2.34E-03	9.49E-04	0.00E+00	2.41E-03	1.73E-16	5.29E-03	1.23E-03	4.59E-03
T[C>G]T	4.19E-03	7.18E-03	1.10E-02	1.49E-02	7.40E-03	9.26E-03	1.04E-02	1.23E-02	5.24E-03	3.71E-03	3.24E-02
T[C>T]A	4.26E-03	2.65E-03	1.31E-02	1.02E-03	3.86E-03	3.77E-03	6.03E-03	1.06E-02	9.80E-03	1.23E-02	3.13E-02
T[C>T]C	1.99E-03	7.28E-03	1.64E-02	5.20E-03	4.16E-03	6.45E-03	4.53E-03	7.16E-03	9.46E-03	3.36E-03	9.32E-03
T[C>T]G	4.34E-03	4.01E-03	2.23E-02	4.99E-03	5.52E-03	4.36E-03	6.00E-03	2.29E-02	1.45E-02	1.02E-02	5.62E-03
T[C>T]T	4.43E-03	5.12E-03	1.37E-02	6.07E-03	5.05E-03	8.59E-03	4.71E-03	2.30E-02	1.01E-02	5.97E-03	9.31E-03
T[T>A]A	1.49E-04	5.24E-03	2.94E-03	4.79E-03	2.84E-03	4.85E-03	6.20E-03	3.21E-04	3.85E-03	1.41E-03	5.36E-03
T[T>A]C	6.31E-05	7.54E-04	3.70E-03	3.05E-04	7.00E-03	2.03E-03	1.39E-03	5.65E-03	3.59E-03	4.15E-03	2.98E-03
T[T>A]G	2.99E-04	4.28E-03	4.84E-03	3.13E-03	1.50E-03	3.51E-03	8.44E-04	2.56E-03	3.47E-03	1.88E-03	6.31E-04
T[T>A]T	1.69E-04	6.36E-03	1.65E-03	5.39E-03	6.91E-03	2.29E-03	1.75E-03	6.08E-03	5.13E-04	4.49E-03	7.08E-04
T[T>C]A	0.00E+00	3.08E-03	9.32E-04	4.02E-03	1.62E-03	4.35E-03	1.93E-03	3.81E-03	2.55E-03	6.93E-03	1.65E-03
T[T>C]C	4.89E-05	4.92E-03	7.35E-04	8.34E-04	5.01E-03	3.32E-03	4.39E-03	3.80E-03	7.78E-03	2.58E-03	3.42E-03
T[T>C]G	3.19E-04	3.64E-03	3.45E-03	1.59E-03	7.44E-04	2.89E-03	2.30E-03	7.76E-04	4.12E-03	3.16E-03	1.30E-03
T[T>C]T	2.27E-28	2.66E-03	7.18E-03	2.45E-03	2.82E-03	6.58E-03	2.23E-03	4.41E-03	5.86E-03	4.69E-03	1.53E-03
T[T>G]A	2.82E-04	1.77E-03	1.19E-03	3.89E-04	2.68E-03	1.74E-03	3.55E-03	6.80E-03	4.94E-03	4.21E-03	3.01E-07
T[T>G]C	1.43E-04	3.73E-03	3.17E-03	1.29E-03	1.79E-03	2.03E-03	2.34E-03	1.91E-03	4.28E-03	3.25E-03	1.06E-07
T[T>G]G	2.58E-09	5.28E-03	4.72E-03	3.32E-04	2.61E-03	3.16E-03	4.56E-04	2.28E-03	2.38E-26	5.05E-03	9.01E-07
T[T>G]T	3.28E-04	5.68E-03	4.76E-03	3.65E-03	1.87E-03	2.91E-03	4.99E-03	9.43E-03	3.65E-03	1.76E-03	2.29E-07
