MutationType	SBS96A	SBS96B	SBS96C	SBS96D	SBS96E	SBS96F	SBS96G	SBS96H	SBS96I	SBS96J	SBS96K
A[C>A]A	0.001397116098087281	0.01734997406601906	0.008202665438875555	0.013583615655079484	0.015331864077597856	0.011273573059588671	0.007731524063274264	0.020820294753139023	0.03991279974579811	0.024610270094615316	0.016061816178262234
A[C>A]C	0.0007211443211417645	0.014344976842403412	6.627472886293617e-05	0.004864795009647316	0.010432194010354579	0.014644627831876278	0.011448777682016954	0.017578118853271006	0.012235582625992798	0.022802015722641046	0.003122426332798511
A[C>A]G	0.00045192354009486734	0.0010962001280859113	0.005443147383630276	7.087417763784743e-10	0.0015415996545925736	0.007226778287440538	0.006858607148751616	0.002404823997829908	0.0018244212027639151	0.009334277768789433	0.007077210019519953
A[C>A]T	0.0005276893847621977	0.01792363151907921	0.010997710838892094	0.0022610244806855915	0.02454839590936899	0.002192528359591961	0.004347556456923485	0.012114860807989913	0.015017183103918797	0.02285107932984829	0.015384560311213135
A[C>G]A	0.0018548053572885691	0.010463432758452757	0.006926749367336888	0.009280222468078136	0.00510972049087286	0.0050690910313278435	0.012584119383245707	0.009454918284134806	0.022924684174358844	0.018739862926304342	0.0030274697812274097
A[C>G]C	0.0013510384713299572	0.0022181446664045557	0.0068470646470462524	0.0008715752719126613	0.009432194997322086	0.00984139606507597	0.02100264299660921	0.005692438782052956	0.002727522064196819	0.010501046292483806	7.093364615684549e-08
A[C>G]G	0.0007965139893030937	0.00577715877443552	0.0024941072799265383	4.33829802863492e-19	0.0027493846137076616	0.0	0.01052961526438594	8.235658912099097e-05	0.001772600143704345	0.018883583694696428	1.5250581100190175e-07
A[C>G]T	0.0013654110254719854	0.029573846235871316	0.005122395977380142	0.0154199583744969	0.02027440454112366	0.0019669618457555773	0.009470967590459622	0.03587336204947199	0.008211035653948784	0.01803003395907581	0.0019338197540491819
A[C>T]A	0.003669183235615492	0.021339846774935722	0.024633759260177614	0.006920827366411686	0.008633979596197605	0.01951483082957566	0.0011594988405704497	0.006506369686894687	0.01834456697116136	0.01063124630600214	0.0064533577300608155
A[C>T]C	0.0018160428619012237	0.0014439566526561975	0.007264132782438537	0.012509629223495721	0.019442051835358142	0.01160441767424345	0.018023747019469738	0.006940839905291795	0.006227226788178086	0.011819637147709727	0.005664012068882585
A[C>T]G	0.002874471014365554	0.008493260806677227	0.029985610404401487	0.03193963235244155	0.024229792691767216	0.053224729001522066	0.06342459730803966	0.009150356096349422	0.025043633580207825	0.03320358730852604	0.08437137007713318
A[C>T]T	0.0006397539982572198	0.017427190020680428	0.010649867177876015	0.015470329206436872	0.005246314555643039	0.012084900494664907	0.019602392613887788	0.009622522094286979	0.019195968566621313	0.005603474471718073	0.004046156676486135
A[T>A]A	0.00029171024405911795	0.0053307880965689945	0.0024353874772714335	0.007724982872605324	0.01127150845867888	7.678399470023578e-07	0.004800161253660918	4.959904131774939e-05	0.006205819704337046	0.0	0.0
A[T>A]C	0.0007503553992137313	0.00811900468543172	0.005267552193254232	0.002063329587690532	0.0038322128355503084	0.021599848940968513	0.008310008421541316	0.002082782673858219	0.003700650203973055	0.008753120712935925	0.006815761514008045
A[T>A]G	0.00031251418404281567	0.0067088739755490675	0.0005449566058814525	0.02311226762831211	0.010544339792424884	0.0005827241111546755	0.007277932450142544	0.00999108227688339	0.013983867596834898	0.00502953354661031	3.422059080548934e-08
A[T>A]T	0.0	0.007705299835654081	0.0003727041883394122	0.023520143888890743	0.00505599332973361	0.00806318810209632	0.015777783188968896	0.0015150804072618484	0.00797662865370512	0.003574971431014262	0.010420653969049454
A[T>C]A	0.00041453447192907333	0.010541718732565642	0.01898356471210718	0.02121001873165369	0.01390321897342801	0.008172250978620354	0.008676359124365263	0.015817572057085273	0.01675597053808815	0.004413366956725895	0.0008596275933086872
A[T>C]C	0.002033505751751363	0.013622227124869823	0.004126613705752558	0.005416377680376172	0.019574890099465846	0.005578269483521581	0.005754626379348338	0.0029612074606120585	0.0007750775199383497	0.011565515119582415	0.0006324006244540215
A[T>C]G	0.0008012356236577125	0.014937071688473224	0.004457111842930317	0.002534977258846993	0.005774854030460119	0.0158237195431866	0.011620357725769281	0.018747583031654358	0.003595407959073782	0.020586984977126122	0.014538409188389778
A[T>C]T	0.0007643317600013688	0.008126669144257904	0.005148450732235688	0.014033726736261087	0.012090708408505343	0.000689639669906228	0.011682682484397557	0.01690413635224104	0.011903762631118298	0.017507174983620644	0.008876917976886034
A[T>G]A	0.00013053033617325128	0.0019703881815075876	0.0026504120789468287	0.011697099730372428	0.00680066216737032	0.008810058329254388	0.0054534394321308355	0.0032380000222474335	0.013088755012904584	0.003456783702404209	2.3584167365697795e-07
A[T>G]C	0.0003013654873939231	0.007995131239295006	0.0006751577890323545	0.0014389423653483392	0.001878583338111639	0.0013816511258482934	0.002204459439963102	4.103325295545801e-07	0.001592834245980157	0.004421292478218675	6.375955720727689e-07
A[T>G]G	0.0002542850558711507	0.010445924662053584	0.0014697311213240027	0.004601576423738152	0.008593599853793422	0.0	0.019916272116824986	0.0007363923443336513	0.004736727941599383	0.003304105694674364	5.913140190720099e-22
A[T>G]T	0.0005127178330440075	0.008690154366195201	0.0069009651429951194	0.00930060592945665	0.007004907017108053	0.0037530496530962408	0.004799370816908777	0.0011500592090897045	0.0033080367032766846	0.0018998819078547059	8.029796134678691e-08
C[C>A]A	0.0003586870102093	0.019891828671097754	0.013400191627442836	0.006457524560391903	0.01899271458387375	0.02192348949611187	0.010602926928550005	0.01791694201529026	0.019467412121593954	0.009156772866845131	0.002429576721567628
C[C>A]C	0.0002853629569131044	0.009878243412822485	0.004020485281944275	0.04148341938853264	0.026823246851563454	0.002021963708103021	0.006504955515265465	0.013546532115589116	0.006486711733555239	0.002149921644013375	0.0007086603902557627
C[C>A]G	0.001167371601331979	0.002078360877931118	0.002353237176390177	0.0	0.006839829497039318	0.003924686989620341	0.0014822679571807385	0.008695524279028177	0.00030894658218585393	0.003381901141256094	0.0030094628230358466
C[C>A]T	0.00045503080473281444	0.01193356141448021	0.0038159649364160942	0.02526894174516201	0.030109010357409715	0.0019471335923299193	0.013565619406388169	0.04051996382572724	0.013540538027882914	0.012333227376126387	1.549668581901642e-07
C[C>G]A	0.004308493854478001	0.007377751544117928	0.007364710234105587	0.003972086985595524	0.014874672144651413	0.0006472118198871613	0.008400525350589305	0.02212899411097169	0.012004945892840624	0.00951538620829524	1.994416350820094e-13
C[C>G]C	0.00048553764063399564	0.01755928872153163	0.004973368422611202	0.007362603023648262	0.006997125782072544	0.012053480837494135	0.0034640798345208167	0.004459253002741194	0.008932295194655642	0.022338251397013665	2.6110456019523554e-07
C[C>G]G	0.0015286297653801738	0.0035921867936849596	0.000632666312458241	0.0015918560818701355	0.007179728290066123	0.001403273621036846	0.02139943800866604	0.005713959615337672	2.3495667846873403e-07	0.010747782024554908	0.0
C[C>G]T	0.005060577923995879	0.011550400080159307	0.007540037808553469	0.023582230518786673	0.017259638756513596	0.006728242649712124	0.009870744537306901	0.01393141876608297	0.022757660932177258	0.00575161422020783	0.0
C[C>T]A	0.008063183166086679	0.020185108261648564	0.022840391751378773	0.01085186991840601	0.020195776037871836	0.023958701454102994	0.008038850408047438	0.01654292135499418	0.009593400047106116	0.006183425569906831	0.006843216018751264
C[C>T]C	0.005821889452636242	0.008670270163565873	1.7432393306648919e-09	0.025277636107057334	0.02446976387873292	0.009070144093129784	0.004901931772474199	0.018363340894256418	0.019362485766578175	0.0026285946369171143	0.0
C[C>T]G	0.010846607387065887	0.018243451323360204	0.0012471608382083944	0.012094206549227238	0.007048268057405949	0.05482497252523899	0.050739970058202744	0.011054938356392086	0.013020080886781216	0.02189414743334055	0.028579811751842498
C[C>T]T	0.004105046639246446	0.02551179826259613	0.01927446611225605	0.03627003133296967	0.009300264599733054	0.008544383943258042	0.01297077020353754	0.009921527232368376	0.02627063780091703	0.011848800629377366	0.008635546965524555
C[T>A]A	0.00012181087170015507	0.005734720338659826	0.0028644033474847673	0.0009854200660242896	0.006451757531613112	0.00027784996200364205	0.0021698099677450954	0.007097421322468734	0.006126807723194361	0.0018709252426560852	0.003748420998454094
C[T>A]C	0.00028834359636107363	0.013730587158352136	0.004593479264082134	0.009136654064059257	0.018614521250128746	0.000486715333258303	0.001780737982738856	0.008385543152689934	0.010740909891660521	0.00794490920379758	0.0004525938205233615
C[T>A]G	0.0007291989983059466	0.009801591048017144	0.0032165512908352905	0.009691437100991606	0.009880767948925496	0.015915829129517077	0.012874416215345264	0.0012127858705859751	0.013668921403586864	0.011376055215907854	1.9565368916119042e-07
C[T>A]T	0.0	0.015093563403934241	0.0012917904183268546	0.01167531511746347	0.001978666650154537	0.010494988597929477	3.451211824767597e-07	0.005371481460679206	0.008529871693133373	0.006839909961172452	2.4340272091194494e-07
C[T>C]A	0.00040308437205567317	0.0053296238649638795	0.002002139415844795	0.003580179065465927	0.0021421602461487053	0.004081936832517385	0.008524010702967644	0.004036955802996819	0.002852351352078131	0.0021194033091887833	1.8268666508447494e-07
C[T>C]C	0.0004859827808104455	0.003993216436356306	0.002268238366317044	0.013890187458707714	0.012746984418481589	0.007090337853878736	0.009509855601936578	0.016496528313973417	0.007139993505552411	0.01760006435215473	1.3577732715930324e-08
C[T>C]G	0.0009094983889383456	0.004018596187233925	0.015404336247593164	0.004848353657871484	0.021465231385082006	0.001719643548130989	0.004047717340290547	0.005812636660109849	0.01917344076092955	0.0184140788474906	5.059828254161403e-08
C[T>C]T	0.00036663904584622215	0.007294099684804678	0.007364444298400485	0.009652790997643023	0.008483330882154406	0.016907954635098577	9.289371973864036e-08	0.00358745576813817	0.010795093312503922	0.012438263814465245	0.004908719100058079
C[T>G]A	0.0	2.055301081327343e-07	5.1658625466188825e-08	0.005042025911839687	0.0034064364930372903	0.00035786942067375096	0.0009859832048618954	0.003985722408140191	0.004180232890465341	0.0043530708033244995	4.4557309877291116e-07
C[T>G]C	0.0005034831701777875	0.004307567793875933	0.0026787216335606005	0.0030927681364119053	0.008471168763935565	0.003517925506668007	0.001934303157031536	0.0075861791148782	0.006579494290053845	0.002044838574732921	0.01911216201260686
C[T>G]G	0.0008605440998943628	0.018833581637591124	0.011802251171325821	0.010767768137156963	0.016237748228013514	0.0	0.013233073987066746	0.009953298512846232	0.006898673832811397	0.014844386279582978	3.9355195440293756e-07
C[T>G]T	0.0	0.006389717014650617	0.0014664217829704284	0.01607786030508578	0.02223562719300389	0.009733108431100845	0.0015473233762264727	0.005169392004609108	0.010030796751379967	0.003395504768752744	1.58162032164455e-06
G[C>A]A	0.0005704609560780227	0.015308573096990585	0.004016552436689835	0.012938319332897663	0.012664833664894104	0.006754859257489443	0.0036717482185423477	0.016957858577370644	0.012221201043576001	0.013606052845716476	0.004844141029138882
G[C>A]C	0.000699837552383542	0.01698666363954544	0.010669926885676672	0.009357973374426365	0.008287122450123263	0.00433985247488522	0.003029713360592723	0.02584301456809044	0.013612682558596134	0.01666652127787529	0.005301219364628196
G[C>A]G	0.0008067183778621256	0.00030927052192737393	0.0046671412303112446	0.00014404155068109998	0.0035578219685703516	0.0011187434250814476	0.00039031901396811006	0.006628827378153801	0.002678940236364724	0.004876520112156868	0.007449502265605155
G[C>A]T	0.0010665463632903993	0.01713323127478361	0.009338598164837463	0.019903831463307143	0.011263277102261781	0.0067757261916995045	0.01322618145495653	0.003689934825524688	0.0021721010314195155	0.004035300994291902	0.0019419027026742696
G[C>G]A	0.001843563032957718	0.014325661398470402	0.004816079899819669	0.00376246003434062	0.01085324827581644	0.0	0.004324776786616291	0.010233915405115113	0.008747685328125953	0.007150661293417215	0.002582681864477509
G[C>G]C	0.0008883660542778671	0.006642868695780635	0.005361396099091564	0.0080550666898489	0.0092519486322999	0.011976907681673764	0.0038716943468898534	0.002153823897242546	0.007410213965999901	0.005816191574558616	7.39179313313798e-08
G[C>G]G	0.001352890906855464	0.0007584885875985492	0.003773116250522435	0.0	0.004527015213471941	9.02979081729427e-08	0.002505080748051114	0.006899964510728296	0.002056869075482837	7.243264644785086e-06	0.0
G[C>G]T	0.0027554278261959554	0.03808912709355354	0.008357352195510528	0.015520244743674994	0.0153738803699639	0.0	0.004329393710941076	0.0091338417588819	0.0022731016855686904	0.013420527055859565	0.001960540674122058
G[C>T]A	0.0035383841022849083	0.009800415439531206	0.03615090548992157	0.010983624681830416	0.011285209795460105	0.014008160214871168	0.002588560711592445	0.03241785950958729	0.029619551450014114	0.004340626607017839	0.0034276312217116356
G[C>T]C	0.0038384249899536373	0.029179808497428895	0.008060046844184399	0.006059403438121081	0.0009524925844743848	0.018191895633935928	0.001391655672341585	0.018998724113167414	0.00950446743518114	0.0052678829059004785	0.002548824972473085
G[C>T]G	0.009953329339623451	0.00757216795158655	0.0022039271354602264	0.015472013012899665	0.010046456765849143	0.053207555413246156	0.08668267279863358	0.0272414768114686	0.00816688356152323	0.024915654119104146	0.0358256783336401
G[C>T]T	0.0033383700530976055	0.01312592178583145	0.008166877133771778	0.028334567695856093	0.01210559755563736	0.01677492130547762	0.005769284255802631	0.006708143092691898	0.003050888990674139	0.0017667086678557098	0.003775455616414547
G[T>A]A	0.00021112992544658482	0.0005654273321852088	0.0018080275111969969	0.0025202554650604727	0.006003358028829097	0.006718986370549374	0.0008315750464123383	0.004242276307195425	0.002875922620296478	0.008545297026989829	0.004773822426795959
G[T>A]C	0.0	0.005215018813072447	0.004278188896668667	0.004754342650994689	0.005793230887502432	0.005106831341981891	0.006726126085333367	0.0011175107210874557	0.00138570973649621	0.001984252281835097	0.000537395756788328
G[T>A]G	0.00030364021829711876	0.01090158636579872	0.0049588039051741365	0.001629640720784664	0.00878650639206171	0.0032305989035535275	0.0051609801826998595	0.006267177080735565	0.0022827271060975817	0.00635837079025805	0.0029280033323857424
G[T>A]T	0.00016346439078915865	0.00469016470015049	0.00015095013659447432	0.011299758311361074	0.006821473129093647	0.00608345428481698	0.003511279122903943	0.0014357312116771953	0.006853134316816068	0.004606034123992231	0.0036390573251992462
G[T>C]A	0.00010058353655040264	0.025035109743475913	0.002669084258377552	0.008419037284329555	0.007682090625166893	0.004695256768320633	0.0032765603103599417	0.004575357586145401	0.013941220753207518	0.017737459018826486	0.006543419091030955
G[T>C]C	0.0005849124980159103	0.004707266949117184	0.0007696458042153465	9.677496338293658e-38	0.007525495300069451	0.00027318410575389863	0.010919104516506194	0.01800384633243084	0.0038070689886808397	0.011894137784838676	0.00902064172551036
G[T>C]G	0.00014445582781588695	0.006634997297078371	1.6019755251207437e-37	0.003400730632012028	0.0010082117281854154	0.0030493652618588385	0.012727312708739192	0.005590448098394063	0.0012557568535612519	0.00521009813528508	0.0045394385616418734
G[T>C]T	0.00021143942140042782	0.005759426904842257	0.008961659483612262	0.0061320009175688025	0.005511762082824135	0.02081215362995863	0.004587924154475331	0.007243032986773826	0.014257677225396037	0.008732343092560768	0.003314156224951148
G[T>G]A	0.0	0.0032585512431978713	0.0004731469787657261	0.00924418772037825	0.006225738860666752	0.006063543691249507	0.0022426083822892906	0.002627605698124924	0.011220095306634903	0.006182885128066573	4.403275343845724e-07
G[T>G]C	0.0002613834396470338	0.0022379388689500956	0.0027947369437470115	0.0031718958592136916	0.0007673567160964012	9.318155349546942e-08	0.0017226976475114952	0.0009809279989610787	0.0010722382620542703	0.0022183695518801006	0.010256195347756148
G[T>G]G	0.0012852019112311985	0.016714066639542578	0.00795878553763032	0.009319219458848237	0.008557624742388725	0.004756325716152787	1.214129270010744e-07	0.0018574786896351724	0.006602188205079074	0.007589358463887567	0.009380642464384437
G[T>G]T	0.00034753974177874624	0.002339410502463579	0.00122009152546525	0.013792896317318082	0.002854892903445716	0.005344933175160804	4.6007546353466584e-26	0.002535102516412735	0.012487250597651212	0.004904544912278652	0.004684797348454594
T[C>A]A	0.024857303872704507	0.001324717199895531	0.023828408494591714	0.03074796134606004	0.022477928083389997	0.013192955497652292	0.018117428570985795	0.028394071012735368	0.009816634468921247	0.011518513506780436	0.00929202796630193
T[C>A]C	0.011205038335174323	0.047275062277913095	0.03036818781401962	0.005415607988834381	0.005826432071626186	0.0032443787902593614	0.0073464041575789455	0.003933818979055559	0.009209714457392692	0.01627505719782365	0.029698548652231694
T[C>A]G	0.003928175242617726	0.0034400953096337616	0.0052609807914905105	0.004188039898872375	0.004052598122507333	0.004627455817535519	0.0032172987272133468	0.00691305473446846	0.001996713504195213	0.0	0.009302370436489581
T[C>A]T	0.01291731335222721	0.00525998586837062	0.026881476605922217	0.030921287089586257	0.04196696344297379	0.009290430791281779	0.058865270018577574	0.0064911993919302	0.004672631248831749	0.0076376980170607565	0.008411401908638538
T[C>G]A	0.14387325346469879	0.0021498244638223697	0.06731386594474316	0.010372157769891413	0.003036654095379202	0.03615992218304852	0.0025809457980816575	0.006843362748623005	0.030932217463850976	0.0131132154725492	0.08676229827106
T[C>G]C	0.03772300258278847	0.021951238764449953	0.04459086060523987	0.01826272178441286	0.01352124558761716	0.024025407433509827	0.025193601101636886	0.0066400539129972454	0.020671352744102478	0.01009314227849245	0.0453577883541584
T[C>G]G	0.0134913120418787	0.004137174820061773	0.010480616614230616	0.0037132051307708024	0.002601114148274064	0.0	0.002408032130194104	1.7332915667794738e-16	0.005288201653013402	0.0012291649356484414	0.008847634866833686
T[C>G]T	0.18150710165500641	0.025803411479500937	0.08333381861448289	0.04522715955972671	0.013209235715530426	0.020365436747670173	0.05351655185222626	0.02508666594857232	0.01073517943150364	0.021167510747909547	0.11151578426361083
T[C>T]A	0.22499847710132598	0.006103369207994547	0.06907846480607986	0.0010187927027078057	0.007742229972335224	0.05656553134322166	0.01100241430394817	0.017935039574922484	0.03140995968133211	0.03687141630798578	0.11572318896651268
T[C>T]C	0.06546684876084327	0.019891276024281982	0.031549617275595666	0.023585791513323785	0.012533863927287784	0.03608945272862911	0.009649396921906828	0.023645563609898092	0.018344084732234478	0.02347530946135521	0.03721821680665016
T[C>T]G	0.055285758525133136	0.006339222675887868	0.044715330749750135	0.01021461971104145	0.013058427779469639	0.007244829951014253	0.020321566238999368	0.04464880954474211	0.01996480748096917	0.018765968829393388	0.03890088684856892
T[C>T]T	0.1158821776509285	0.009473571274429559	0.040263323672115804	0.023936013132333754	0.011944454023614525	0.030677168816328048	0.011591393407434225	0.05530982241034508	0.037162957387045024	0.017995675653219224	0.06500309146940708
T[T>A]A	0.00014899407011053704	0.005761630355846137	0.0061684598850661135	0.010012372769415379	0.006922534108161927	0.017649096017703415	0.027813058532774448	0.00032149989149274914	0.008914019912481308	0.0021187579311732195	0.008703254628926516
T[T>A]C	0.0001026688958518207	0.0007536118384450674	0.0049859971022669924	0.00030464781448357137	0.015499598253518343	0.0035906674492821367	0.006068665394559502	0.011508872359991073	0.007420581020414829	0.009542804395744042	0.00522419456898029
T[T>A]G	0.0005736147677453118	0.006905849091718065	0.012540538888424635	0.006562469992786646	0.004758099233731628	0.006211150158196688	0.000844141747802496	0.002558898232109641	0.011958336643874645	0.011254984606057405	0.0006314763436293447
T[T>A]T	0.00039829524339438647	0.013088492676615715	0.003318038932047784	0.012220583909453724	0.014890446467325092	0.002288675091978121	0.003506290283985436	0.013603628240525722	0.0005248418227249641	0.006692290306807185	0.0011114280670881272
T[T>C]A	0.0	0.005860102642327547	0.0009321026504039764	0.0073441711842862824	0.0035903077106922863	0.013372823782265186	0.0028943171491846442	0.00548919178545475	0.0038800545502454043	0.010133883636444806	0.003878868278115988
T[T>C]C	4.8854027409106496e-05	0.0099382727406919	0.0007348447572439909	0.0008353059252840467	0.008955470565706492	0.013366219587624073	0.01565369771560654	0.007316566491499543	0.015054546762257814	0.011742980685085058	0.008186141308397055
T[T>C]G	0.0007269580078833826	0.006629030359908939	0.007848454208578914	0.0030438049230724572	0.001152210822328925	0.0028893662616610526	0.004172115429173573	0.0007763781603344455	0.006636803410947323	0.0050337670370936395	0.005404659628402442
T[T>C]T	2.271677895421488e-28	0.006097939796745777	0.009728951007132778	0.00520568024367094	0.016198003105819224	0.03223461899906397	0.004587015043944121	0.007618497218936681	0.018286862596869468	0.01704620001837611	0.0038303311418872
T[T>G]A	0.0006044945679605007	0.002770285495944336	0.0016782640013843775	0.00038880983090052725	0.004276198707520962	0.005470984627527287	0.008388528996147216	0.015581942271523985	0.009970540925860406	0.00746271065791575	4.5907625008112517e-07
T[T>G]C	0.0004787028708960861	0.005151493661105633	0.00609749509171653	0.0022937614703550935	0.004298975637067315	0.003233853168785572	0.0046341490466147665	0.0029839972588888487	0.005658675093860666	0.0063887772150337694	1.258710710771993e-07
T[T>G]G	2.580152091979926e-09	0.01204173571895808	0.004715833440423011	0.00033345649121656605	0.008337753266096115	0.0103679571300745	0.0004563403335282601	0.002275711208935505	2.3769301055492063e-26	0.01410153191536665	1.0216876688673438e-06
T[T>G]T	0.0003283555852249268	0.011917332978919148	0.007879418646916747	0.007207290362566709	0.005940819088085902	0.007827353850007056	0.012676715105772018	0.00981358459693436	0.012412080075591803	0.019811563193798065	3.749942847797172e-07
