MutationType	DBS78A	DBS78B	DBS78C	DBS78D	DBS78E
AC>CA	1.66E-02	2.45E-06	8.13E-06	7.55E-06	2.93E-02
AC>CG	8.54E-06	2.11E-06	5.74E-06	7.06E-06	1.20E-05
AC>CT	8.54E-06	2.11E-06	5.74E-06	7.06E-06	1.20E-05
AC>GA	8.54E-06	2.11E-06	5.74E-06	7.06E-06	1.20E-05
AC>GG	1.20E-05	1.37E-02	1.33E-01	6.93E-06	2.84E-02
AC>GT	8.54E-06	2.11E-06	5.74E-06	7.06E-06	1.20E-05
AC>TA	8.54E-06	2.11E-06	5.74E-06	7.06E-06	1.20E-05
AC>TG	8.54E-06	2.11E-06	5.74E-06	7.06E-06	1.20E-05
AC>TT	2.22E-02	3.07E-02	9.56E-06	6.64E-02	1.09E-05
AT>CA	8.54E-06	2.11E-06	5.74E-06	7.06E-06	1.20E-05
AT>CC	8.54E-06	2.11E-06	5.74E-06	7.06E-06	1.20E-05
AT>CG	8.54E-06	2.11E-06	5.74E-06	7.06E-06	1.20E-05
AT>GA	8.54E-06	2.11E-06	5.74E-06	7.06E-06	1.20E-05
AT>GC	8.54E-06	2.11E-06	5.74E-06	7.06E-06	1.20E-05
AT>TA	8.54E-06	2.11E-06	5.74E-06	7.06E-06	1.20E-05
CC>AA	8.81E-02	1.98E-02	2.21E-02	7.34E-02	2.21E-02
CC>AG	5.68E-02	3.33E-06	7.58E-02	3.99E-02	7.95E-02
CC>AT	1.92E-02	4.53E-06	6.13E-06	2.45E-02	1.34E-05
CC>GA	8.54E-06	2.11E-06	5.74E-06	7.06E-06	1.20E-05
CC>GG	8.54E-06	2.11E-06	5.74E-06	7.06E-06	1.20E-05
CC>GT	2.96E-02	5.11E-06	2.85E-02	2.00E-02	2.84E-02
CC>TA	6.55E-06	3.01E-02	6.96E-06	1.12E-05	2.22E-02
CC>TG	8.77E-06	6.59E-06	8.27E-02	3.75E-06	1.81E-02
CC>TT	1.02E-06	4.99E-02	8.90E-06	4.33E-06	7.26E-06
CG>AT	8.54E-06	2.11E-06	5.74E-06	7.06E-06	1.20E-05
CG>GC	8.54E-06	2.11E-06	5.74E-06	7.06E-06	1.20E-05
CG>GT	8.54E-06	2.11E-06	5.74E-06	7.06E-06	1.20E-05
CG>TA	8.54E-06	2.11E-06	5.74E-06	7.06E-06	1.20E-05
CG>TC	8.54E-06	2.11E-06	5.74E-06	7.06E-06	1.20E-05
CG>TT	8.54E-06	2.11E-06	5.74E-06	7.06E-06	1.20E-05
CT>AA	4.87E-02	3.03E-06	4.43E-02	8.90E-06	1.52E-01
CT>AC	4.57E-02	4.65E-06	9.10E-06	2.00E-02	1.62E-05
CT>AG	8.54E-06	2.11E-06	5.74E-06	7.06E-06	1.20E-05
CT>GA	8.54E-06	2.11E-06	5.74E-06	7.06E-06	1.20E-05
CT>GC	5.68E-02	2.00E-02	3.98E-02	3.32E-02	1.23E-05
CT>GG	8.54E-06	2.11E-06	5.74E-06	7.06E-06	1.20E-05
CT>TA	8.54E-06	2.11E-06	5.74E-06	7.06E-06	1.20E-05
CT>TC	8.54E-06	2.11E-06	5.74E-06	7.06E-06	1.20E-05
CT>TG	8.54E-06	2.11E-06	5.74E-06	7.06E-06	1.20E-05
GC>AA	4.99E-02	5.43E-02	7.68E-06	2.00E-02	8.17E-06
GC>AG	8.54E-06	2.11E-06	5.74E-06	7.06E-06	1.20E-05
GC>AT	8.54E-06	2.11E-06	5.74E-06	7.06E-06	1.20E-05
GC>CA	8.54E-06	2.11E-06	5.74E-06	7.06E-06	1.20E-05
GC>CG	8.54E-06	2.11E-06	5.74E-06	7.06E-06	1.20E-05
GC>TA	8.54E-06	2.11E-06	5.74E-06	7.06E-06	1.20E-05
TA>AT	5.48E-06	3.03E-02	7.32E-06	8.66E-06	4.63E-02
TA>CG	8.54E-06	2.11E-06	5.74E-06	7.06E-06	1.20E-05
TA>CT	8.54E-06	2.11E-06	5.74E-06	7.06E-06	1.20E-05
TA>GC	8.54E-06	2.11E-06	5.74E-06	7.06E-06	1.20E-05
TA>GG	8.54E-06	2.11E-06	5.74E-06	7.06E-06	1.20E-05
TA>GT	5.68E-06	4.13E-06	8.09E-06	7.88E-06	2.22E-02
TC>AA	4.87E-02	4.26E-06	2.22E-02	8.68E-06	3.63E-02
TC>AG	8.54E-06	2.11E-06	5.74E-06	7.06E-06	1.20E-05
TC>AT	2.68E-02	3.56E-02	1.11E-05	8.07E-02	2.21E-05
TC>CA	8.54E-06	2.11E-06	5.74E-06	7.06E-06	1.20E-05
TC>CG	8.54E-06	2.11E-06	5.74E-06	7.06E-06	1.20E-05
TC>CT	8.54E-06	2.11E-06	5.74E-06	7.06E-06	1.20E-05
TC>GA	8.54E-06	2.11E-06	5.74E-06	7.06E-06	1.20E-05
TC>GG	8.54E-06	2.11E-06	5.74E-06	7.06E-06	1.20E-05
TC>GT	1.92E-02	1.35E-06	5.44E-02	5.71E-06	6.05E-06
TG>AA	8.54E-06	2.11E-06	5.74E-06	7.06E-06	1.20E-05
TG>AC	8.54E-06	2.11E-06	5.74E-06	7.06E-06	1.20E-05
TG>AT	3.63E-02	5.16E-06	3.14E-02	7.55E-06	1.81E-02
TG>CA	8.54E-06	2.11E-06	5.74E-06	7.06E-06	1.20E-05
TG>CC	3.84E-02	1.86E-06	5.17E-06	5.97E-06	6.54E-02
TG>CT	1.22E-05	2.00E-02	6.83E-02	3.32E-02	8.72E-06
TG>GA	1.32E-05	7.63E-06	7.96E-02	8.36E-06	4.01E-02
TG>GC	7.73E-06	5.17E-06	4.82E-02	1.99E-02	3.97E-02
TG>GT	8.54E-06	2.11E-06	5.74E-06	7.06E-06	1.20E-05
TT>AA	1.24E-05	4.28E-02	3.25E-06	1.24E-05	1.13E-05
TT>AC	8.54E-06	2.11E-06	5.74E-06	7.06E-06	1.20E-05
TT>AG	8.54E-06	2.11E-06	5.74E-06	7.06E-06	1.20E-05
TT>CA	8.54E-06	2.11E-06	5.74E-06	7.06E-06	1.20E-05
TT>CC	8.54E-06	2.11E-06	5.74E-06	7.06E-06	1.20E-05
TT>CG	8.54E-06	2.11E-06	5.74E-06	7.06E-06	1.20E-05
TT>GA	8.54E-06	2.11E-06	5.74E-06	7.06E-06	1.20E-05
TT>GC	8.54E-06	2.11E-06	5.74E-06	7.06E-06	1.20E-05
TT>GG	8.54E-06	2.11E-06	5.74E-06	7.06E-06	1.20E-05
