MutationType	SBS96A	SBS96B	SBS96C	SBS96D	SBS96E	SBS96F	SBS96G	SBS96H
A[C>A]A	0.00188595	0.02159350	0.00598248	0.03359413	0.02510069	0.01617292	0.02244509	0.00940084
A[C>A]C	0.00035854	0.01843545	0.00863198	0.01676843	0.01402791	0.02700466	0.01159168	0.01826738
A[C>A]G	0.00031372	0.00407343	0.00048218	0.00301596	0.00099020	0.00196770	0.00318102	0.00498810
A[C>A]T	0.00066296	0.02543842	0.01169209	0.01543044	0.01043203	0.01708680	0.01210242	0.00959198
A[C>G]A	0.00207292	0.01483991	0.01224353	0.01400262	0.00449541	0.01549102	0.00368711	0.02054461
A[C>G]C	0.00054559	0.01212351	0.00937329	0.00768905	0.00368960	0.00674246	0.00618798	0.01139436
A[C>G]G	0.00009235	0.00901797	0.00280394	0.00107154	0.00118987	0.00010175	0.00169108	0.00779831
A[C>G]T	0.00168202	0.01370572	0.01855992	0.01804429	0.00341469	0.00790862	0.00725375	0.01642585
A[C>T]A	0.00338765	0.02267854	0.00755349	0.01540847	0.02327974	0.01663019	0.02754273	0.01443175
A[C>T]C	0.00091214	0.00393434	0.01132265	0.01388058	0.00823728	0.00457934	0.01080726	0.01138307
A[C>T]G	0.00085136	0.00807753	0.02427901	0.01023073	0.03558688	0.00506810	0.08298687	0.03147407
A[C>T]T	0.00165157	0.02482238	0.01750603	0.01314947	0.01286244	0.01160720	0.01161574	0.00483951
A[T>A]A	0.00122624	0.00363422	0.00021060	0.00582017	0.00908547	0.02336680	0.00536127	0.01164051
A[T>A]C	0.00090047	0.00480304	0.00332820	0.00900792	0.00600494	0.01266400	0.00803643	0.01358377
A[T>A]G	0.00065651	0.01151510	0.00266185	0.00872504	0.00941740	0.01849416	0.00441769	0.00951026
A[T>A]T	0.00039656	0.01173081	0.00540651	0.00694574	0.02004949	0.02889594	0.00958910	0.01754865
A[T>C]A	0.00053988	0.01320937	0.00892367	0.01787901	0.02354184	0.02941407	0.01286604	0.01496790
A[T>C]C	0.00016264	0.01305049	0.00880248	0.00591947	0.00547371	0.00639396	0.00760819	0.01123784
A[T>C]G	0.00074602	0.01171321	0.01427803	0.01244212	0.00950939	0.01764735	0.01013601	0.01239458
A[T>C]T	0.00041470	0.01752742	0.01437104	0.03120496	0.01512367	0.01408441	0.01993713	0.01349346
A[T>G]A	0.00026524	0.00373367	0.00100841	0.00404184	0.00577338	0.00874909	0.00396840	0.01275701
A[T>G]C	0.00028602	0.00080070	0.00060781	0.00130534	0.00183546	0.00457210	0.00105386	0.00946731
A[T>G]G	0.00011036	0.00885797	0.00705861	0.01072910	0.00265681	0.00306056	0.00143727	0.00840409
A[T>G]T	0.00003167	0.00074705	0.00220892	0.01206846	0.00657109	0.00451809	0.00348006	0.01372848
C[C>A]A	0.00132453	0.01947576	0.01044327	0.01694292	0.01503546	0.02928035	0.01456630	0.01030864
C[C>A]C	0.00066663	0.02716247	0.01123150	0.01172090	0.00917611	0.01923096	0.00482253	0.00302387
C[C>A]G	0.00020336	0.00308278	0.00126342	0.00087400	0.00052869	0.00331893	0.00176560	0.00616114
C[C>A]T	0.00078610	0.02969511	0.00762187	0.01284642	0.01383053	0.01411592	0.01116143	0.00194896
C[C>G]A	0.00236458	0.01365841	0.01444742	0.00857751	0.00524680	0.00898544	0.00268833	0.00710953
C[C>G]C	0.00049587	0.00947635	0.00723479	0.01292731	0.00365882	0.00719055	0.00302477	0.00381898
C[C>G]G	0.00031873	0.00627874	0.00249108	0.00103300	0.00243550	0.00046331	0.00093347	0.00532467
C[C>G]T	0.00253665	0.01380180	0.02134488	0.01492557	0.00573939	0.01138585	0.00853331	0.00744207
C[C>T]A	0.00912713	0.00746370	0.00875084	0.01419297	0.01609943	0.01250288	0.02029092	0.01773971
C[C>T]C	0.00225646	0.00346863	0.00583959	0.01003311	0.01761927	0.01308918	0.01479357	0.00904041
C[C>T]G	0.00352489	0.00828506	0.01858694	0.00321248	0.01815736	0.00262079	0.04319908	0.02184807
C[C>T]T	0.00482117	0.02308919	0.01955263	0.01228554	0.01834259	0.01181095	0.02218241	0.01206641
C[T>A]A	0.00031829	0.01013965	0.00175076	0.01117977	0.00634033	0.01037983	0.00035689	0.00770087
C[T>A]C	0.00044663	0.01370871	0.00439959	0.01381805	0.00590455	0.01266888	0.00354020	0.01009110
C[T>A]G	0.00030095	0.01359554	0.00275046	0.01469857	0.00501060	0.00929917	0.00166372	0.01115273
C[T>A]T	0.00012272	0.02367801	0.00645861	0.01720882	0.00728574	0.00803286	0.00530303	0.01361615
C[T>C]A	0.00011682	0.01085152	0.00768473	0.00507784	0.00577811	0.01253238	0.00529422	0.01086256
C[T>C]C	0.00064112	0.02223973	0.00477651	0.00704884	0.00736109	0.01003746	0.00521623	0.01178823
C[T>C]G	0.00091597	0.00321250	0.00881105	0.01094651	0.00682215	0.01195136	0.00439259	0.01457244
C[T>C]T	0.00023230	0.01062155	0.00795038	0.02095404	0.01284376	0.00901781	0.00750980	0.00264215
C[T>G]A	0.00001415	0.00464830	0.00374842	0.00531593	0.00313177	0.00159426	0.00176287	0.00551273
C[T>G]C	0.00028523	0.00426379	0.00030696	0.00951972	0.00318260	0.00255272	0.00230494	0.00493420
C[T>G]G	0.00020830	0.00564121	0.00941902	0.00811182	0.00523867	0.00829112	0.00249348	0.00688644
C[T>G]T	0.00021967	0.00477671	0.00009873	0.02571759	0.00630819	0.00365429	0.00918652	0.01246735
G[C>A]A	0.00129480	0.02371980	0.00598366	0.00994189	0.01369905	0.00260795	0.01990152	0.01552891
G[C>A]C	0.00027095	0.01101620	0.00564808	0.01238663	0.00830371	0.01583904	0.00845109	0.00088192
G[C>A]G	0.00020471	0.00112785	0.00118759	0.00080076	0.00165329	0.00080936	0.00312306	0.00359061
G[C>A]T	0.00037731	0.01702588	0.00655044	0.01154269	0.01030260	0.00548572	0.01268466	0.00650476
G[C>G]A	0.00068426	0.00826839	0.00593552	0.00317386	0.00305452	0.00825375	0.00247937	0.00969474
G[C>G]C	0.00029000	0.00781045	0.00685676	0.00325953	0.00299978	0.01037394	0.00418911	0.00341635
G[C>G]G	0.00013871	0.00223786	0.00242230	0.00138420	0.00063137	0.00063827	0.00003848	0.00392432
G[C>G]T	0.00115599	0.01365643	0.01187063	0.00960370	0.00126920	0.00766859	0.00256036	0.01010957
G[C>T]A	0.00450696	0.00714278	0.00483184	0.01636470	0.01497322	0.01156903	0.01824643	0.01074457
G[C>T]C	0.00176988	0.00635856	0.00910822	0.00924277	0.01283491	0.00896130	0.01564699	0.00736530
G[C>T]G	0.00229170	0.00600546	0.01370232	0.00363938	0.02305281	0.00850499	0.04527203	0.03198625
G[C>T]T	0.00264276	0.00742751	0.00873406	0.01232955	0.01413227	0.01524487	0.01325993	0.01363881
G[T>A]A	0.00041003	0.01066485	0.00300083	0.00387673	0.00214642	0.00539886	0.00040919	0.00628407
G[T>A]C	0.00035715	0.00489825	0.00394813	0.00612466	0.00144946	0.00896785	0.00310058	0.00321782
G[T>A]G	0.00050127	0.00737881	0.00618088	0.00584886	0.00244588	0.00630473	0.00300509	0.00487800
G[T>A]T	0.00019368	0.01233028	0.00213828	0.01092791	0.00578645	0.01024162	0.00081451	0.01014560
G[T>C]A	0.00035799	0.00720821	0.00724502	0.00841230	0.00525352	0.01011534	0.01030348	0.01227266
G[T>C]C	0.00014860	0.00638536	0.00420191	0.00588307	0.00387538	0.00304768	0.00780285	0.01153613
G[T>C]G	0.00048644	0.00448765	0.00417159	0.00861004	0.00369224	0.00585644	0.00345196	0.01380364
G[T>C]T	0.00025004	0.00451416	0.00514159	0.01006847	0.00912617	0.01435380	0.01022915	0.01260711
G[T>G]A	0.00016840	0.00380904	0.00247161	0.00611604	0.00067649	0.00347748	0.00137121	0.00664880
G[T>G]C	0.00022684	0.00172971	0.00188187	0.00489345	0.00129313	0.00393720	0.00071523	0.00430075
G[T>G]G	0.00139682	0.00863603	0.00298468	0.01329169	0.00259101	0.00335736	0.00076196	0.01296197
G[T>G]T	0.00029516	0.00564459	0.00293711	0.01152530	0.00524069	0.00283285	0.00303262	0.00953921
T[C>A]A	0.02758368	0.01376344	0.02285500	0.01008214	0.02510215	0.03226374	0.02457038	0.00245129
T[C>A]C	0.00973222	0.01367807	0.02262082	0.01679343	0.01411876	0.01417312	0.01908157	0.00944078
T[C>A]G	0.00172051	0.00089345	0.00055280	0.00090343	0.00433978	0.00121523	0.00320480	0.00378017
T[C>A]T	0.01391176	0.02271335	0.02640617	0.02236500	0.03289448	0.02038047	0.03303773	0.00188174
T[C>G]A	0.15221292	0.00000050	0.09390295	0.01872068	0.00672185	0.00912979	0.00372147	0.01683716
T[C>G]C	0.03062900	0.00770132	0.04589878	0.01096475	0.00761763	0.01296348	0.00993586	0.01855182
T[C>G]G	0.00467403	0.00239513	0.00462582	0.00122644	0.00025896	0.00000000	0.00035136	0.00782911
T[C>G]T	0.18978423	0.00898525	0.14751024	0.03504588	0.01798036	0.01781013	0.01113740	0.01785002
T[C>T]A	0.27599471	0.01626311	0.01694841	0.00023329	0.06629623	0.01483306	0.02655807	0.01943108
T[C>T]C	0.05175146	0.00832695	0.00928373	0.00731022	0.04796853	0.01272872	0.03251857	0.01289352
T[C>T]G	0.02696452	0.00090811	0.00789115	0.00158214	0.02079926	0.00335739	0.03851035	0.02055949
T[C>T]T	0.13848276	0.02601262	0.02792763	0.00549014	0.04914288	0.01614640	0.03054283	0.00234958
T[T>A]A	0.00030712	0.00833784	0.00426573	0.01009605	0.02242764	0.02193088	0.01772721	0.00999292
T[T>A]C	0.00015908	0.01030296	0.00456469	0.00824394	0.00350822	0.01323932	0.00418606	0.00060032
T[T>A]G	0.00025035	0.00671331	0.00240789	0.00644808	0.00375490	0.00721190	0.00418472	0.00633179
T[T>A]T	0.00028839	0.02769934	0.00947558	0.01167371	0.01077572	0.01946429	0.00738307	0.01088510
T[T>C]A	0.00034698	0.00781621	0.00518825	0.01209173	0.00792818	0.01565083	0.00986809	0.00867501
T[T>C]C	0.00078209	0.01242377	0.00635328	0.00168247	0.00636605	0.01550195	0.00796035	0.01484856
T[T>C]G	0.00021140	0.00670175	0.00404724	0.00610169	0.00806497	0.00546386	0.00503574	0.00401749
T[T>C]T	0.00034313	0.00952806	0.00580688	0.01877190	0.01445763	0.00625134	0.01482167	0.00743800
T[T>G]A	0.00014425	0.00505423	0.00237815	0.01062774	0.00531830	0.00470557	0.00375364	0.00764495
T[T>G]C	0.00008036	0.00648743	0.00143337	0.00471709	0.00363411	0.00453538	0.00237738	0.00612819
T[T>G]G	0.00026326	0.00719984	0.00419831	0.01177392	0.00277906	0.01019059	0.00230228	0.01274211
T[T>G]T	0.00056003	0.00823082	0.00806208	0.02026186	0.00783391	0.01077596	0.01040813	0.02392487
