MutationType	SBS96A	SBS96B	SBS96C	SBS96D	SBS96E	SBS96F	SBS96G	SBS96H
A[C>A]A	3.02E-04	1.98E-03	2.58E-03	2.85E-03	4.09E-03	1.96E-03	3.69E-03	2.79E-03
A[C>A]C	1.11E-04	1.28E-03	3.52E-03	3.35E-03	2.46E-03	2.72E-03	3.44E-03	4.40E-03
A[C>A]G	4.85E-05	4.87E-04	2.82E-04	9.00E-04	6.02E-04	8.22E-04	9.62E-04	1.44E-03
A[C>A]T	1.51E-04	1.56E-03	3.77E-03	3.35E-03	3.00E-03	3.12E-03	3.13E-03	3.00E-03
A[C>G]A	2.51E-04	3.92E-03	1.58E-03	9.64E-04	1.54E-03	1.61E-03	1.80E-03	3.19E-03
A[C>G]C	1.49E-04	8.93E-04	9.69E-04	7.36E-04	6.76E-04	7.38E-04	7.10E-04	7.98E-04
A[C>G]G	2.50E-05	8.70E-04	1.09E-03	7.41E-04	3.81E-04	1.02E-04	7.62E-04	7.10E-04
A[C>G]T	3.59E-04	2.12E-03	1.16E-03	1.27E-03	1.27E-03	1.66E-03	3.08E-03	2.79E-03
A[C>T]A	4.06E-04	1.68E-03	3.78E-03	3.31E-03	2.45E-03	2.91E-03	9.95E-04	1.96E-03
A[C>T]C	2.27E-04	1.59E-03	1.94E-03	1.89E-03	1.16E-03	1.65E-03	6.88E-04	2.18E-03
A[C>T]G	3.72E-04	3.52E-03	1.06E-02	4.30E-03	1.39E-02	3.04E-03	4.51E-03	8.09E-03
A[C>T]T	8.54E-05	1.49E-03	3.93E-03	4.07E-03	1.50E-03	2.39E-03	1.89E-03	2.53E-03
A[T>A]A	1.77E-04	2.38E-03	2.03E-04	1.51E-03	2.68E-03	2.76E-03	1.25E-03	3.44E-03
A[T>A]C	1.59E-04	1.07E-03	1.43E-03	1.68E-03	1.76E-03	1.39E-03	9.71E-04	2.49E-03
A[T>A]G	1.21E-04	2.40E-03	1.18E-03	1.55E-03	1.20E-03	4.38E-03	1.26E-03	9.79E-04
A[T>A]T	1.74E-04	2.89E-03	2.30E-03	3.18E-03	6.04E-03	5.05E-03	3.90E-03	4.91E-03
A[T>C]A	1.60E-04	2.14E-03	1.47E-03	2.59E-03	2.42E-03	4.50E-03	1.58E-03	4.31E-03
A[T>C]C	7.52E-05	1.55E-03	2.08E-03	1.24E-03	1.35E-03	1.02E-03	8.93E-04	9.79E-04
A[T>C]G	1.61E-04	4.36E-04	2.58E-03	1.91E-03	1.70E-03	1.94E-03	1.02E-03	1.99E-03
A[T>C]T	2.33E-04	1.99E-03	1.82E-03	5.40E-03	3.71E-03	4.86E-03	3.29E-03	1.90E-03
A[T>G]A	8.16E-05	1.53E-03	8.74E-04	1.16E-03	1.32E-03	2.24E-03	1.49E-03	2.62E-03
A[T>G]C	4.12E-05	3.27E-04	6.06E-04	6.39E-04	5.99E-04	7.98E-04	5.03E-04	9.69E-04
A[T>G]G	6.19E-05	1.28E-03	1.11E-03	1.35E-03	1.36E-03	1.01E-03	1.30E-03	2.06E-03
A[T>G]T	1.95E-05	4.44E-04	7.85E-04	1.96E-03	1.17E-03	1.62E-03	1.22E-03	2.24E-03
C[C>A]A	1.79E-04	1.90E-03	2.68E-03	3.00E-03	3.88E-03	2.99E-03	2.15E-03	2.84E-03
C[C>A]C	1.86E-04	1.73E-03	2.56E-03	1.70E-03	2.12E-03	2.84E-03	1.94E-03	1.38E-03
C[C>A]G	1.83E-05	5.23E-04	5.44E-04	5.70E-04	2.84E-04	7.86E-04	4.99E-04	7.88E-04
C[C>A]T	1.40E-04	2.48E-03	3.31E-03	3.65E-03	2.07E-03	1.44E-03	1.98E-03	7.38E-04
C[C>G]A	2.15E-04	1.58E-03	1.28E-03	2.23E-03	3.12E-03	1.66E-03	1.76E-03	1.53E-03
C[C>G]C	1.42E-04	8.16E-04	1.55E-03	6.74E-04	1.66E-03	2.12E-03	9.28E-04	2.09E-03
C[C>G]G	4.72E-05	7.45E-04	1.22E-03	4.78E-04	5.15E-04	1.94E-04	4.89E-04	8.68E-04
C[C>G]T	6.38E-04	5.26E-04	3.04E-03	2.58E-03	3.07E-03	5.02E-03	2.09E-03	1.88E-03
C[C>T]A	2.38E-04	7.22E-04	1.62E-03	2.76E-03	1.58E-03	1.46E-03	2.45E-03	1.91E-03
C[C>T]C	1.57E-04	5.24E-04	1.68E-03	3.32E-03	1.65E-03	1.12E-03	1.99E-03	2.43E-03
C[C>T]G	2.49E-04	3.28E-03	6.83E-03	2.05E-03	8.87E-03	1.09E-03	5.02E-03	6.45E-03
C[C>T]T	1.92E-04	2.44E-03	2.65E-03	2.95E-03	3.86E-03	4.07E-03	3.70E-03	4.10E-03
C[T>A]A	1.06E-04	1.06E-03	1.35E-03	2.18E-03	2.39E-03	2.16E-03	3.49E-04	1.75E-03
C[T>A]C	7.71E-05	2.03E-03	1.87E-03	2.12E-03	1.24E-03	1.96E-03	1.69E-03	1.74E-03
C[T>A]G	6.27E-05	1.11E-03	1.83E-03	2.04E-03	1.77E-03	1.91E-03	8.80E-04	2.29E-03
C[T>A]T	5.03E-05	2.06E-03	3.28E-03	4.46E-03	1.88E-03	1.45E-03	2.06E-03	3.56E-03
C[T>C]A	6.55E-05	1.12E-03	2.03E-03	1.68E-03	6.42E-04	1.58E-03	7.95E-04	2.12E-03
C[T>C]C	1.05E-04	2.05E-03	2.32E-03	3.16E-03	2.42E-03	3.87E-03	2.12E-03	9.77E-04
C[T>C]G	2.33E-04	1.30E-03	1.59E-03	1.50E-03	1.23E-03	1.58E-03	1.56E-03	1.82E-03
C[T>C]T	9.73E-05	1.18E-03	1.05E-03	2.06E-03	2.71E-03	2.44E-03	2.00E-03	1.31E-03
C[T>G]A	1.41E-05	1.83E-04	1.06E-03	1.00E-03	3.13E-04	8.48E-04	5.28E-04	1.04E-03
C[T>G]C	5.98E-05	1.14E-03	3.07E-04	1.35E-03	7.04E-04	8.68E-04	7.57E-04	7.30E-04
C[T>G]G	9.18E-05	7.01E-04	2.11E-03	9.49E-04	1.57E-03	1.88E-03	1.18E-03	5.73E-04
C[T>G]T	1.08E-04	1.67E-03	9.73E-05	4.49E-03	2.68E-03	1.99E-03	3.31E-03	3.76E-03
G[C>A]A	1.73E-04	1.88E-03	2.87E-03	2.84E-03	1.69E-03	1.09E-03	9.09E-04	4.24E-03
G[C>A]C	4.83E-05	1.52E-03	1.53E-03	2.20E-03	2.63E-03	2.58E-03	2.78E-03	8.33E-04
G[C>A]G	7.03E-05	2.89E-04	5.78E-04	2.37E-04	5.06E-04	4.96E-04	2.61E-04	5.41E-04
G[C>A]T	5.20E-05	2.07E-03	1.46E-03	8.66E-04	1.69E-03	1.60E-03	1.27E-03	2.03E-03
G[C>G]A	7.19E-05	4.08E-04	1.75E-03	1.69E-03	1.12E-03	2.37E-03	1.17E-03	1.04E-03
G[C>G]C	9.96E-05	6.94E-04	1.01E-03	1.23E-03	8.33E-04	7.46E-04	1.21E-03	5.88E-04
G[C>G]G	6.17E-05	7.95E-04	9.92E-04	5.69E-04	4.41E-04	4.74E-04	3.84E-05	8.63E-04
G[C>G]T	3.40E-04	4.69E-04	1.30E-03	1.08E-03	6.26E-04	1.25E-03	1.12E-03	1.86E-03
G[C>T]A	1.49E-04	9.93E-04	1.73E-03	1.86E-03	1.86E-03	8.23E-04	3.77E-03	1.20E-03
G[C>T]C	1.29E-04	5.42E-04	2.49E-04	2.59E-03	1.76E-03	2.44E-03	1.91E-03	1.49E-03
G[C>T]G	1.39E-04	1.72E-03	5.28E-03	1.63E-03	9.71E-03	4.10E-03	3.66E-03	5.55E-03
G[C>T]T	1.76E-04	1.09E-03	1.09E-03	3.63E-03	2.18E-03	9.42E-04	3.80E-03	1.32E-03
G[T>A]A	4.56E-05	1.08E-03	1.02E-03	8.94E-04	9.49E-04	1.20E-03	1.74E-04	1.45E-03
G[T>A]C	7.91E-05	1.05E-03	1.72E-03	5.59E-04	8.37E-04	8.75E-04	1.08E-03	5.30E-04
G[T>A]G	1.32E-04	5.68E-04	1.63E-03	7.51E-04	7.69E-04	1.00E-03	5.18E-04	8.35E-04
G[T>A]T	8.59E-05	7.36E-04	7.28E-04	1.61E-03	2.21E-03	1.81E-03	3.53E-04	1.40E-03
G[T>C]A	1.34E-04	9.53E-04	5.78E-04	2.02E-03	2.15E-03	2.64E-03	1.34E-03	1.10E-03
G[T>C]C	6.12E-05	4.76E-04	1.12E-03	8.13E-04	4.70E-04	6.43E-04	6.03E-04	8.61E-04
G[T>C]G	1.38E-04	5.77E-04	2.15E-03	1.78E-03	1.05E-03	8.71E-04	1.14E-03	1.85E-03
G[T>C]T	1.16E-04	1.29E-03	7.18E-04	2.13E-03	2.97E-03	3.75E-03	9.29E-04	2.09E-03
G[T>G]A	5.19E-05	7.72E-04	5.48E-04	1.95E-03	5.06E-04	1.31E-03	4.33E-04	1.90E-03
G[T>G]C	3.26E-05	6.08E-04	9.84E-04	1.09E-03	7.43E-04	1.15E-03	3.02E-04	1.08E-03
G[T>G]G	1.93E-04	7.93E-04	1.75E-03	1.06E-03	1.10E-03	1.45E-03	4.63E-04	2.35E-03
G[T>G]T	5.08E-05	1.34E-03	7.78E-04	2.06E-03	1.28E-03	9.49E-04	4.60E-04	1.91E-03
T[C>A]A	3.21E-04	2.66E-03	2.35E-03	1.79E-03	2.79E-03	8.58E-04	2.61E-03	1.86E-03
T[C>A]C	4.35E-04	7.31E-04	1.58E-03	2.31E-03	1.86E-03	3.52E-03	8.93E-04	1.40E-03
T[C>A]G	1.49E-04	4.50E-04	5.05E-04	4.29E-04	6.18E-04	3.86E-04	4.95E-04	8.45E-04
T[C>A]T	4.30E-04	4.07E-03	5.71E-03	5.82E-03	3.36E-03	4.21E-03	4.38E-03	1.88E-03
T[C>G]A	2.06E-03	4.90E-07	1.70E-02	7.68E-03	3.16E-03	5.40E-03	2.94E-03	7.28E-03
T[C>G]C	1.01E-03	1.75E-03	2.57E-03	3.12E-03	2.75E-03	3.61E-03	5.30E-03	4.47E-03
T[C>G]G	1.71E-04	7.75E-04	1.73E-03	1.20E-03	1.59E-04	2.95E-27	3.51E-04	8.55E-04
T[C>G]T	2.75E-03	2.84E-03	2.00E-02	9.60E-03	6.35E-03	1.08E-02	9.00E-03	9.72E-03
T[C>T]A	4.22E-03	3.44E-03	1.15E-02	1.24E-04	7.95E-03	7.76E-03	8.98E-03	5.29E-03
T[C>T]C	1.21E-03	3.88E-03	2.71E-03	4.24E-03	5.12E-03	5.91E-03	2.33E-03	5.74E-03
T[C>T]G	5.00E-04	5.60E-04	4.97E-03	9.81E-04	8.13E-03	3.17E-03	4.37E-03	5.27E-03
T[C>T]T	2.37E-03	6.22E-03	5.53E-03	3.11E-03	5.82E-03	6.15E-03	3.98E-03	2.25E-03
T[T>A]A	1.85E-04	1.91E-03	2.26E-03	2.46E-03	4.57E-03	3.44E-03	3.67E-03	3.67E-03
T[T>A]C	8.36E-05	3.83E-04	9.77E-04	1.36E-03	7.03E-04	1.72E-03	1.14E-03	5.75E-04
T[T>A]G	2.38E-05	2.32E-04	1.09E-03	8.65E-04	7.19E-04	1.57E-03	9.17E-04	1.15E-03
T[T>A]T	1.36E-04	1.84E-03	3.75E-03	2.42E-03	1.70E-03	2.16E-03	1.70E-03	1.70E-03
T[T>C]A	1.05E-04	1.43E-03	1.63E-03	2.31E-03	3.72E-03	3.25E-03	2.01E-03	2.19E-03
T[T>C]C	7.04E-05	1.16E-03	1.97E-03	7.97E-04	2.57E-03	1.92E-03	1.25E-03	4.22E-03
T[T>C]G	9.78E-05	1.02E-03	5.28E-04	1.14E-03	2.26E-03	1.69E-03	7.13E-04	9.84E-04
T[T>C]T	1.41E-04	3.06E-04	1.83E-03	2.10E-03	1.38E-03	1.64E-03	9.71E-04	1.70E-03
T[T>G]A	6.19E-05	6.53E-04	7.76E-04	1.61E-03	1.32E-03	6.19E-04	1.53E-03	1.13E-03
T[T>G]C	3.72E-05	1.12E-03	1.37E-03	1.17E-03	1.04E-03	1.24E-03	8.04E-04	1.11E-03
T[T>G]G	8.84E-05	1.64E-03	1.74E-03	2.22E-03	1.27E-03	1.05E-03	5.56E-04	1.75E-03
T[T>G]T	1.51E-04	2.50E-03	1.72E-03	1.05E-03	1.75E-03	1.16E-03	1.18E-03	2.93E-03
