Samples	SBS96A	SBS96B	SBS96C	SBS96D	SBS96E	SBS96F	SBS96G	SBS96H	SBS96I	SBS96J	SBS96K	SBS96L	SBS96M	SBS96N	SBS96O
TCGA-3C-AAAU-01	0	0	0	16	10	9	0	0	3	8	0	0	0	0	0
TCGA-3C-AALI-01	192	227	153	0	86	0	0	0	85	0	0	0	0	65	0
TCGA-3C-AALJ-01	0	3	13	7	0	0	5	0	4	0	0	6	21	7	0
TCGA-3C-AALK-01	5	4	0	6	2	0	8	18	2	0	13	0	0	6	0
TCGA-4H-AAAK-01	0	0	0	7	0	0	0	0	7	0	12	0	7	0	0
TCGA-5L-AAT0-01	60	42	36	0	57	0	0	0	31	0	0	53	0	0	0
TCGA-5L-AAT1-01	522	408	353	0	292	0	0	0	155	0	0	121	0	135	0
TCGA-5T-A9QA-01	0	0	0	10	3	0	7	21	0	0	7	5	0	0	0
TCGA-A1-A0SB-01	0	0	0	0	2	5	8	0	1	0	0	0	0	0	0
TCGA-A1-A0SD-01	2	0	3	4	0	0	18	10	3	0	0	0	0	0	0
TCGA-A1-A0SE-01	2	0	0	2	4	0	0	0	4	0	7	6	0	11	0
TCGA-A1-A0SF-01	22	5	0	8	14	0	0	0	4	0	0	11	0	0	0
TCGA-A1-A0SG-01	0	2	0	5	5	0	9	0	8	0	6	0	0	0	0
TCGA-A1-A0SH-01	30	19	22	10	13	0	0	0	0	0	0	22	0	0	22
TCGA-A1-A0SI-01	62	77	71	0	37	0	0	0	18	0	0	13	0	0	0
TCGA-A1-A0SJ-01	4	5	0	16	3	0	0	0	0	0	0	0	7	5	0
TCGA-A1-A0SK-01	0	0	8	6	0	0	29	0	5	26	0	0	0	0	10
TCGA-A1-A0SM-01	0	0	0	6	0	6	0	8	6	0	0	0	0	6	0
TCGA-A1-A0SN-01	5	15	0	12	4	0	0	0	9	9	0	5	10	7	0
TCGA-A1-A0SO-01	9	12	8	1	16	13	28	31	7	63	19	3	71	7	65
TCGA-A1-A0SP-01	0	0	0	15	0	0	0	0	0	19	16	20	0	0	0
TCGA-A2-A04N-01	4	0	0	5	0	0	6	15	9	0	0	4	10	0	0
TCGA-A2-A04R-01	0	7	0	7	7	0	7	0	4	19	0	0	31	0	20
TCGA-A2-A04U-01	0	0	10	6	0	0	21	0	6	19	0	5	0	0	0
TCGA-A2-A04W-01	31	31	56	12	21	0	0	0	21	0	0	15	0	0	0
TCGA-A2-A0CK-01	3	0	0	9	4	0	10	0	1	0	0	0	0	0	0
TCGA-A2-A0CL-01	48	41	54	18	23	0	0	0	16	0	0	0	0	0	0
TCGA-A2-A0CR-01	68	53	34	0	22	0	0	0	11	0	0	22	0	0	0
TCGA-A2-A0CS-01	0	0	0	16	0	0	8	0	3	0	14	0	0	7	0
TCGA-A2-A0CV-01	0	2	0	10	0	0	0	0	4	0	0	0	8	0	0
TCGA-A2-A0CW-01	14	11	0	5	0	0	14	13	6	0	0	9	0	0	12
TCGA-A2-A0D3-01	1	0	0	15	0	0	0	13	3	0	0	0	0	0	0
TCGA-A2-A0EN-01	1	0	0	2	0	0	14	0	4	0	0	4	14	0	0
TCGA-A2-A0EP-01	1	4	0	0	1	3	2	0	0	0	3	2	0	0	0
TCGA-A2-A0ES-01	0	0	0	2	0	0	2	0	1	0	9	5	0	0	0
TCGA-A2-A0EW-01	0	1	0	3	2	5	0	8	1	0	0	0	0	0	0
TCGA-A2-A0ST-01	1	2	0	3	4	5	12	0	1	0	0	0	0	0	0
TCGA-A2-A0SU-01	1	0	4	8	0	0	0	0	0	7	0	0	15	0	0
TCGA-A2-A0SX-01	4	3	0	10	0	0	0	0	0	0	0	9	0	15	0
TCGA-A2-A0SY-01	35	51	21	9	19	0	0	0	19	0	0	23	0	0	0
TCGA-A2-A0T0-01	9	13	0	8	0	33	0	27	5	59	20	14	0	0	29
TCGA-A2-A0T1-01	0	0	0	3	2	4	11	0	4	0	8	0	0	0	0
TCGA-A2-A0T3-01	0	0	0	7	0	0	0	21	2	0	0	0	0	5	9
TCGA-A2-A0T4-01	4	6	0	10	0	0	0	0	0	14	7	0	0	0	0
TCGA-A2-A0T5-01	1	0	0	4	0	0	3	0	1	0	0	0	4	0	0
TCGA-A2-A0T6-01	3	0	0	12	0	0	8	0	3	0	0	2	0	0	0
TCGA-A2-A0T7-01	2	0	0	5	0	0	5	9	3	5	0	0	0	0	0
TCGA-A2-A0YC-01	4	1	0	6	0	0	0	12	0	9	0	0	0	0	0
TCGA-A2-A0YD-01	22	12	14	5	0	0	9	0	16	0	0	9	0	0	0
TCGA-A2-A0YE-01	6	0	0	13	3	0	0	0	2	0	0	4	0	15	0
TCGA-A2-A0YF-01	2	0	0	9	0	0	0	0	2	0	0	6	0	0	20
TCGA-A2-A0YG-01	5	0	0	7	6	8	10	19	5	0	0	8	10	0	0
TCGA-A2-A0YH-01	13	21	11	0	9	0	23	0	6	0	0	6	0	11	0
TCGA-A2-A0YI-01	0	2	0	0	0	0	4	5	2	0	0	5	0	0	0
TCGA-A2-A0YJ-01	0	6	0	14	0	0	12	17	5	26	11	0	0	7	0
TCGA-A2-A0YK-01	133	147	92	0	57	0	0	0	27	0	0	22	0	0	0
TCGA-A2-A0YL-01	12	10	0	0	0	0	7	0	0	0	0	14	0	0	0
TCGA-A2-A0YM-01	12	10	20	23	16	0	8	0	10	0	0	0	0	10	0
TCGA-A2-A0YT-01	12	0	0	19	5	0	0	0	15	20	0	10	0	0	0
TCGA-A2-A1FV-01	7	0	0	7	0	5	13	0	2	8	0	8	0	0	0
TCGA-A2-A1FW-01	0	3	5	12	0	0	18	0	7	0	14	19	0	0	17
TCGA-A2-A1FX-01	0	0	0	7	2	0	0	0	3	0	0	5	0	0	11
TCGA-A2-A1FZ-01	0	0	3	3	3	6	7	7	0	0	0	0	0	0	0
TCGA-A2-A1G0-01	3	0	0	0	0	0	6	0	3	0	0	0	11	0	0
TCGA-A2-A1G1-01	3	0	0	0	0	0	8	10	0	6	5	0	0	7	0
TCGA-A2-A1G6-01	0	1	0	1	0	0	2	0	0	3	3	0	0	0	0
TCGA-A2-A259-01	1	0	4	2	6	0	4	0	3	0	0	4	5	0	0
TCGA-A2-A25A-01	33	29	0	10	21	0	0	0	0	0	0	15	0	0	21
TCGA-A2-A25B-01	0	0	9	10	9	0	0	16	7	24	22	12	0	0	19
TCGA-A2-A25C-01	0	0	0	0	0	10	0	0	0	0	0	7	7	0	15
TCGA-A2-A25D-01	4	4	0	3	3	0	5	12	2	0	12	4	15	0	0
TCGA-A2-A25E-01	4	0	5	0	2	0	4	10	2	15	19	0	0	0	0
TCGA-A2-A25F-01	0	0	0	0	0	0	0	0	0	0	0	0	6	0	0
TCGA-A2-A3KD-01	1	0	0	3	2	0	10	0	0	0	0	2	0	0	0
TCGA-A2-A3XT-01	5	15	20	0	0	9	12	14	0	25	11	0	0	0	11
TCGA-A2-A3XU-01	1	0	0	6	0	5	5	14	0	0	0	0	0	0	0
TCGA-A2-A3XV-01	0	0	0	8	0	5	0	0	4	0	8	5	18	0	0
TCGA-A2-A3XW-01	1	0	0	3	0	3	0	0	3	5	0	2	0	0	0
TCGA-A2-A3XX-01	3	0	0	8	0	0	7	0	5	22	7	0	0	0	0
TCGA-A2-A3XZ-01	7	10	7	7	2	0	6	0	7	0	0	6	0	0	0
TCGA-A2-A3Y0-01	10	33	6	15	1	28	4	17	5	58	13	6	34	4	9
TCGA-A2-A4S1-01	4	3	0	14	0	10	0	29	0	12	0	0	0	0	26
TCGA-A2-A4S2-01	7	0	0	6	0	0	6	0	0	0	10	0	14	0	0
TCGA-A2-A4S3-01	6	0	17	12	8	0	18	0	4	0	20	0	0	0	22
TCGA-A7-A0CE-01	3	0	0	6	3	8	0	0	0	17	0	10	9	5	0
TCGA-A7-A0CH-01	0	0	0	0	2	0	0	12	1	0	0	2	0	0	0
TCGA-A7-A0D9-01	1	1	0	1	1	0	2	0	0	0	0	6	0	0	0
TCGA-A7-A0DA-01	8	11	0	7	0	12	0	35	7	70	0	0	37	0	0
TCGA-A7-A0DB-01	8	9	0	6	6	0	9	13	2	0	0	0	0	0	0
TCGA-A7-A13D-01	4	6	17	12	5	0	10	0	4	48	0	10	24	0	0
TCGA-A7-A13E-01	0	4	0	23	4	0	27	0	4	12	0	6	0	0	0
TCGA-A7-A13F-01	0	0	5	11	4	0	0	9	7	0	9	0	0	0	0
TCGA-A7-A13G-01	7	2	0	10	0	0	0	0	0	7	0	0	0	0	6
TCGA-A7-A26E-01	13	3	0	7	5	0	13	14	12	0	0	0	0	0	0
TCGA-A7-A26F-01	2	0	3	0	3	0	24	0	5	0	0	0	0	0	9
TCGA-A7-A26G-01	9	3	13	5	0	0	0	14	2	0	0	7	0	0	15
TCGA-A7-A26H-01	23	29	18	11	16	0	15	24	6	0	0	8	0	0	0
TCGA-A7-A26I-01	4	2	0	0	0	5	5	20	3	0	0	7	0	0	0
TCGA-A7-A26J-01	0	0	7	0	9	0	14	0	0	0	0	0	0	0	12
TCGA-A7-A2KD-01	6	2	0	13	0	0	0	18	4	0	6	6	0	0	0
TCGA-A7-A3RF-01	3	0	0	0	0	0	17	0	0	0	7	0	7	6	0
TCGA-A7-A425-01	0	0	0	7	0	0	14	0	0	0	0	5	7	0	0
TCGA-A7-A4SC-01	1	0	0	7	0	0	0	17	4	0	0	4	0	5	0
TCGA-A7-A4SD-01	0	0	0	15	0	0	13	21	6	0	0	0	0	7	0
TCGA-A7-A4SE-01	11	23	9	0	8	0	11	0	0	35	29	8	0	0	12
TCGA-A7-A56D-01	46	32	24	29	29	0	0	0	18	0	0	16	0	0	31
TCGA-A7-A5ZV-01	6	19	17	20	8	28	0	69	9	50	0	0	26	16	0
TCGA-A7-A5ZW-01	4	4	3	2	0	7	10	0	3	0	0	0	0	0	3
TCGA-A7-A5ZX-01	3	0	0	5	5	5	0	0	6	9	0	3	0	0	6
TCGA-A7-A6VV-01	0	5	6	6	3	0	12	28	0	0	0	4	0	0	0
TCGA-A7-A6VW-01	4	4	0	0	0	13	15	10	4	17	0	7	18	0	0
TCGA-A7-A6VX-01	20	2	22	3	12	9	9	8	3	24	16	12	26	9	2
TCGA-A7-A6VY-01	4	10	6	8	11	0	0	0	6	42	21	0	18	0	10
TCGA-A8-A075-01	11	11	0	7	11	0	8	0	0	14	0	15	23	0	0
TCGA-AC-A23C-01	23	12	20	11	12	12	0	0	6	0	14	11	0	0	24
TCGA-AC-A23E-01	0	0	0	6	0	0	0	13	2	0	0	0	0	3	0
TCGA-AC-A23H-01	1706	1681	1513	0	541	0	0	0	276	0	0	278	0	383	0
TCGA-AC-A2B8-01	31	28	12	0	24	0	10	0	7	0	0	0	0	16	0
TCGA-AC-A2BK-01	0	0	8	24	0	14	0	0	5	29	0	0	20	10	0
TCGA-AC-A2BM-01	0	3	0	4	0	0	0	6	1	0	9	0	0	3	0
TCGA-AC-A2FB-01	2	0	0	3	3	3	0	0	0	0	0	0	6	0	0
TCGA-AC-A2FF-01	0	3	0	0	5	0	2	0	0	0	0	1	0	0	0
TCGA-AC-A2FG-01	6	0	6	0	3	0	14	0	4	0	6	0	0	0	0
TCGA-AC-A2FK-01	0	0	0	0	2	0	0	0	0	0	1	0	0	0	0
TCGA-AC-A2FO-01	4	4	0	0	8	0	5	0	2	0	0	0	0	0	4
TCGA-AC-A2QH-01	2	1	0	7	0	0	7	0	0	0	5	0	0	0	5
TCGA-AC-A3HN-01	2	2	0	7	0	0	0	0	2	0	6	3	0	0	0
TCGA-AC-A3OD-01	6	0	0	8	3	0	0	0	5	0	0	0	10	0	7
TCGA-AC-A3QP-01	0	0	3	0	0	7	0	11	4	0	0	0	10	0	0
TCGA-AC-A3QQ-01	0	2	0	10	4	0	0	11	0	0	9	0	0	0	0
TCGA-AC-A3W5-01	18	36	0	16	7	0	0	0	9	54	17	17	23	14	0
TCGA-AC-A3YI-01	0	0	0	3	2	4	0	6	3	0	0	0	0	0	0
TCGA-AC-A3YJ-01	3	0	0	9	3	0	4	12	0	0	0	7	0	0	0
TCGA-AC-A4ZE-01	7	0	0	10	0	0	8	0	4	0	15	6	14	10	0
TCGA-AC-A5EH-01	9	8	10	5	10	15	6	40	6	37	15	2	16	8	18
TCGA-AC-A5EI-01	7	0	0	5	5	5	12	0	4	0	0	0	0	5	0
TCGA-AC-A5XS-01	158	135	185	0	110	0	0	0	56	0	0	71	0	0	0
TCGA-AC-A5XU-01	7	0	9	39	20	0	12	0	5	0	0	7	0	14	0
TCGA-AC-A62V-01	3	5	0	36	0	0	0	0	4	21	11	10	0	0	16
TCGA-AC-A62X-01	0	3	0	33	6	0	10	14	4	0	0	0	0	0	17
TCGA-AC-A62Y-01	10	18	0	9	9	11	16	0	4	0	0	0	12	0	0
TCGA-AC-A6IV-01	0	0	0	0	2	0	5	8	5	0	7	0	0	0	0
TCGA-AC-A6IW-01	23	36	48	29	17	0	0	0	7	0	0	22	32	17	0
TCGA-AC-A6IX-01	18	3	11	9	8	0	6	0	0	0	10	6	0	0	0
TCGA-AC-A6NO-01	1	0	0	3	0	0	15	0	3	0	14	7	0	0	0
TCGA-AC-A7VB-01	0	0	0	9	2	0	7	0	0	0	8	0	5	4	0
TCGA-AC-A7VC-01	0	0	0	5	0	0	7	0	5	0	6	3	0	0	0
TCGA-AC-A8OP-01	7	11	8	33	9	25	16	5	17	41	15	12	7	2	36
TCGA-AC-A8OQ-01	14	0	0	14	0	0	33	0	13	0	18	11	21	13	0
TCGA-AC-A8OR-01	1	0	0	8	0	0	0	6	0	0	7	0	10	0	0
TCGA-AC-A8OS-01	11	4	0	0	5	11	17	26	0	0	0	5	0	0	0
TCGA-AN-A0XL-01	0	0	0	3	3	5	5	12	2	0	0	3	0	0	7
TCGA-AN-A0XN-01	2	10	10	6	5	18	9	19	5	26	21	8	13	2	21
TCGA-AN-A0XO-01	6	2	0	0	3	10	7	0	8	0	0	7	0	0	0
TCGA-AN-A0XP-01	4	3	0	5	0	8	0	8	1	0	0	0	0	0	5
TCGA-AN-A0XR-01	4	2	0	2	0	0	5	11	0	0	5	0	9	0	0
TCGA-AN-A0XS-01	5	0	0	0	0	0	0	11	4	0	12	0	0	0	0
TCGA-AN-A0XT-01	0	0	2	5	2	0	8	0	1	0	0	0	4	0	0
TCGA-AN-A0XU-01	5	14	0	0	0	0	24	0	5	28	0	0	29	0	32
TCGA-AN-A0XV-01	0	0	13	10	0	7	0	0	4	6	0	4	0	0	0
TCGA-AN-A0XW-01	121	123	140	0	39	0	0	0	0	0	0	0	0	0	0
TCGA-AO-A03M-01	273	325	321	0	141	0	0	0	53	0	0	37	0	0	0
TCGA-AO-A03N-01	25	26	19	13	30	0	0	0	10	0	0	0	0	0	11
TCGA-AO-A03U-01	0	1	0	0	1	0	0	0	0	0	0	0	0	3	0
TCGA-AO-A03V-01	5	0	19	0	5	0	9	11	5	0	7	11	0	0	0
TCGA-AO-A0JG-01	1	0	0	0	0	4	0	0	0	0	0	5	0	0	11
TCGA-AO-A124-01	0	7	0	11	9	13	11	0	7	43	0	7	35	19	16
TCGA-AO-A125-01	3	2	0	9	0	0	4	21	6	0	0	0	0	0	0
TCGA-AO-A126-01	3	0	0	0	0	0	15	4	3	0	0	0	0	0	0
TCGA-AO-A128-01	0	0	0	325	0	466	153	0	55	0	211	0	0	0	0
TCGA-AO-A129-01	10	15	10	5	5	16	15	3	2	19	1	7	28	1	7
TCGA-AO-A12A-01	4	0	0	7	0	0	0	8	0	0	0	0	0	0	0
TCGA-AO-A12B-01	2	0	0	7	0	0	7	7	0	0	0	0	0	0	0
TCGA-AO-A12D-01	13	4	7	4	7	0	8	0	11	0	0	13	0	6	0
TCGA-AO-A12E-01	1	0	3	12	0	0	6	0	3	0	0	8	0	0	0
TCGA-AO-A12F-01	0	0	0	19	0	0	0	0	3	0	8	0	0	0	10
TCGA-AO-A12G-01	3	4	0	4	5	0	20	0	0	0	6	0	0	0	0
TCGA-AO-A12H-01	0	0	0	2	2	0	12	0	3	0	7	4	0	0	0
TCGA-AO-A1KO-01	0	0	0	0	0	7	0	0	3	0	0	0	0	0	0
TCGA-AO-A1KR-01	5	5	6	0	0	9	8	31	4	21	0	0	0	0	0
TCGA-AO-A1KT-01	3	0	0	7	0	15	6	16	4	0	0	0	0	0	0
TCGA-AQ-A04H-01	3	5	0	27	0	0	26	0	7	0	0	0	0	0	13
TCGA-AQ-A0Y5-01	8	9	0	18	0	0	9	0	8	13	0	5	0	0	0
TCGA-AQ-A1H2-01	2	0	0	9	0	0	11	0	5	0	0	0	0	7	0
TCGA-AQ-A1H3-01	0	0	0	9	0	0	9	9	0	0	0	0	0	0	0
TCGA-AQ-A54O-01	4	0	0	5	0	0	0	16	0	0	0	0	0	0	0
TCGA-AQ-A7U7-01	26	22	9	7	7	0	0	0	11	0	14	0	0	0	0
TCGA-AR-A0TP-01	4	4	0	0	0	11	8	0	0	19	0	5	20	0	0
TCGA-AR-A0TQ-01	8	0	0	6	6	0	0	9	2	0	6	5	0	0	7
TCGA-AR-A0TR-01	0	0	0	7	0	8	0	17	4	0	0	6	0	0	0
TCGA-AR-A0TS-01	6	8	0	12	0	0	0	32	0	0	0	10	14	8	0
TCGA-AR-A0TT-01	7	6	0	16	5	11	0	0	6	0	0	0	24	0	0
TCGA-AR-A0TU-01	4	7	0	6	0	0	16	0	0	27	0	7	0	0	23
TCGA-AR-A0TV-01	3	0	6	5	5	0	19	28	2	0	11	0	0	0	0
TCGA-AR-A0TW-01	0	0	9	11	0	0	19	0	6	0	0	0	0	0	22
TCGA-AR-A0TX-01	113	103	91	0	37	0	0	0	35	0	0	28	0	0	0
TCGA-AR-A0TZ-01	9	12	0	7	3	0	7	0	10	0	0	0	0	6	13
TCGA-AR-A0U0-01	0	3	9	4	5	0	0	11	2	0	7	0	0	0	9
TCGA-AR-A0U1-01	0	12	0	0	8	21	0	26	0	30	0	0	0	12	0
TCGA-AR-A0U2-01	0	0	0	20	0	0	0	0	3	0	13	0	20	0	0
TCGA-AR-A0U3-01	0	0	0	11	0	0	0	0	4	0	7	9	0	0	9
TCGA-AR-A0U4-01	12	35	0	0	11	0	0	40	5	41	0	10	0	29	18
TCGA-AR-A1AH-01	4	6	0	9	0	15	7	0	0	14	14	0	16	12	23
TCGA-AR-A1AI-01	2	6	22	10	5	0	10	0	10	0	13	11	0	0	0
TCGA-AR-A1AJ-01	14	8	0	6	5	0	15	0	5	0	0	0	0	0	0
TCGA-AR-A1AK-01	11	18	0	8	8	0	10	0	7	0	0	6	0	14	0
TCGA-AR-A1AL-01	3	3	0	4	3	8	0	8	1	0	0	0	0	0	0
TCGA-AR-A1AN-01	0	1	5	7	3	0	13	0	2	0	0	0	0	0	0
TCGA-AR-A1AO-01	9	9	14	10	11	0	7	0	9	42	0	0	0	11	0
TCGA-AR-A1AP-01	3	0	11	13	3	0	8	0	5	0	0	8	0	0	0
TCGA-AR-A1AQ-01	1	2	0	7	0	0	0	13	0	10	8	0	0	0	0
TCGA-AR-A1AR-01	3	6	0	12	3	0	0	12	0	0	0	0	17	0	10
TCGA-AR-A1AS-01	8	2	0	5	6	0	0	0	4	0	9	0	7	0	0
TCGA-AR-A1AT-01	1	1	0	5	0	0	0	15	1	9	0	0	0	0	0
TCGA-AR-A1AU-01	0	0	3	5	3	4	7	0	0	0	0	4	0	0	0
TCGA-AR-A1AV-01	0	0	0	15	6	0	7	0	4	0	0	7	10	0	0
TCGA-AR-A1AW-01	2	0	0	7	0	0	0	16	0	0	16	0	0	0	0
TCGA-AR-A1AX-01	0	0	3	3	3	0	5	0	6	0	5	7	0	0	0
TCGA-AR-A1AY-01	5	4	0	7	7	7	13	18	4	0	0	0	0	7	0
TCGA-AR-A24H-01	6	13	11	5	4	1	14	6	1	32	8	7	15	1	28
TCGA-AR-A24K-01	0	0	0	0	0	5	9	7	3	8	0	2	0	0	0
TCGA-AR-A24L-01	0	3	5	5	0	0	0	0	0	13	0	0	17	10	0
TCGA-AR-A24M-01	1	0	0	4	0	8	4	0	0	0	0	0	0	8	0
TCGA-AR-A24N-01	5	0	0	10	0	0	7	7	0	0	6	8	0	4	0
TCGA-AR-A24O-01	0	1	0	0	0	0	7	8	0	0	4	2	0	0	0
TCGA-AR-A24P-01	0	0	0	4	0	0	6	0	6	0	0	3	0	0	0
TCGA-AR-A24Q-01	14	9	20	4	10	10	1	17	4	56	24	15	13	19	16
TCGA-AR-A24R-01	1	0	0	7	0	6	0	6	1	0	0	0	5	0	0
TCGA-AR-A24S-01	6	4	0	13	0	10	11	0	3	0	0	10	0	0	0
TCGA-AR-A24T-01	1	0	2	4	0	0	4	7	2	0	0	1	0	3	0
TCGA-AR-A24U-01	6	6	4	7	5	0	3	0	4	0	0	5	0	4	0
TCGA-AR-A24V-01	1	2	3	7	1	4	0	6	4	0	0	0	0	0	0
TCGA-AR-A24W-01	0	0	0	0	2	0	0	0	1	0	4	2	3	2	0
TCGA-AR-A24X-01	0	0	0	5	0	4	6	0	5	0	0	4	10	0	0
TCGA-AR-A24Z-01	3	3	0	7	3	0	5	20	3	0	0	0	12	0	0
TCGA-AR-A250-01	13	30	22	24	10	0	9	0	16	0	0	10	21	0	0
TCGA-AR-A251-01	6	27	0	7	0	15	0	28	0	45	0	16	43	0	18
TCGA-AR-A252-01	0	0	0	5	0	3	0	7	0	0	0	4	0	0	0
TCGA-AR-A254-01	3	0	0	8	0	0	10	0	6	0	0	10	0	0	5
TCGA-AR-A255-01	11	11	10	6	0	0	0	16	7	0	0	7	0	0	21
TCGA-AR-A256-01	9	7	16	7	19	13	4	13	6	61	6	4	41	8	10
TCGA-AR-A2LE-01	109	72	60	0	91	0	0	0	36	0	0	26	0	0	0
TCGA-AR-A2LH-01	14	6	16	5	13	0	0	0	7	0	0	10	0	0	0
TCGA-AR-A2LK-01	3	0	0	11	5	5	7	12	2	0	0	3	0	0	0
TCGA-AR-A2LL-01	0	0	0	3	2	0	18	5	2	0	0	0	0	0	7
TCGA-AR-A2LM-01	0	0	0	0	2	0	4	0	3	0	0	0	8	0	0
TCGA-AR-A2LN-01	10	4	0	6	11	0	0	0	7	0	0	16	0	0	0
TCGA-AR-A2LO-01	1	0	4	3	0	0	0	0	1	0	0	2	6	0	0
TCGA-AR-A2LQ-01	0	0	0	3	0	0	0	3	0	0	0	0	7	0	0
TCGA-AR-A2LR-01	0	0	0	13	0	0	6	0	4	0	0	5	33	0	9
TCGA-AR-A5QM-01	0	0	0	7	0	0	9	0	3	0	0	6	11	0	0
TCGA-AR-A5QN-01	4	0	0	14	0	0	0	10	5	0	10	6	0	0	0
TCGA-AR-A5QP-01	3	0	0	4	0	5	11	0	2	0	0	4	0	0	5
TCGA-AR-A5QQ-01	4	5	0	4	5	11	0	28	0	18	14	0	0	7	0
TCGA-B6-A0I1-01	5	0	0	0	0	0	41	0	7	15	0	0	0	12	0
TCGA-B6-A0IH-01	0	0	0	14	0	0	0	0	5	0	13	9	0	0	0
TCGA-B6-A0RH-01	8	6	0	0	7	0	21	0	3	0	0	0	0	0	0
TCGA-B6-A0RL-01	10	4	0	13	3	0	0	22	5	0	12	0	0	0	0
TCGA-B6-A0RM-01	5	0	0	6	0	0	6	6	2	0	8	3	0	0	0
TCGA-B6-A0RN-01	2	0	0	7	0	0	7	7	3	0	7	0	0	0	0
TCGA-B6-A0RO-01	3	0	0	0	0	0	0	10	7	11	12	0	0	0	0
TCGA-B6-A0RP-01	0	0	0	5	1	0	0	9	0	0	0	4	11	0	0
TCGA-B6-A0RQ-01	8	3	0	7	13	6	0	0	4	0	0	4	11	0	0
TCGA-B6-A0RT-01	3	7	21	5	0	0	0	13	2	0	0	0	21	0	0
TCGA-B6-A0RU-01	3	0	0	8	5	10	0	10	7	8	0	0	0	7	0
TCGA-B6-A0RV-01	19	13	12	0	7	0	12	0	4	0	0	0	0	0	0
TCGA-B6-A0WS-01	1	1	0	2	2	8	0	0	0	0	0	0	0	0	4
TCGA-B6-A0WT-01	0	0	0	6	2	6	0	0	4	0	0	0	0	0	4
TCGA-B6-A0WV-01	0	5	0	0	4	0	9	0	0	0	14	5	0	0	0
TCGA-B6-A0WW-01	5	3	0	5	4	0	0	20	3	0	0	0	0	7	0
TCGA-B6-A0WX-01	0	0	0	6	0	7	10	0	5	8	0	0	0	0	9
TCGA-B6-A0WY-01	4	2	0	7	0	0	0	0	4	7	11	0	0	0	0
TCGA-B6-A0WZ-01	34	10	21	0	16	0	0	0	7	0	0	7	0	0	0
TCGA-B6-A0X0-01	1	0	0	0	1	0	3	13	2	0	0	0	0	5	0
TCGA-B6-A0X1-01	2	10	5	0	7	10	0	18	7	13	12	8	0	0	0
TCGA-B6-A0X4-01	0	0	0	1	0	0	0	6	6	0	0	3	0	0	6
TCGA-B6-A0X5-01	2	0	0	0	3	8	0	0	9	0	0	0	0	13	13
TCGA-B6-A0X7-01	2	1	0	3	3	0	7	0	2	0	5	0	0	0	0
TCGA-B6-A1KN-01	0	3	0	10	4	9	8	0	0	0	0	11	0	0	27
TCGA-B6-A2IU-01	11	0	0	11	0	0	0	0	12	0	10	10	0	0	0
TCGA-B6-A401-01	0	2	0	6	0	0	0	0	3	0	7	3	7	0	0
TCGA-B6-A409-01	3	0	6	11	0	0	10	0	4	0	0	7	15	0	0
TCGA-B6-A40B-01	10	0	8	9	3	0	0	22	0	0	0	14	0	0	0
TCGA-B6-A40C-01	3	0	0	7	3	0	23	10	0	0	0	0	0	0	8
TCGA-BH-A0AU-01	1	0	5	4	0	0	6	0	0	0	5	2	0	0	0
TCGA-BH-A0AV-01	3	9	0	0	0	9	0	0	3	19	10	10	24	0	0
TCGA-BH-A0AY-01	4	0	3	4	0	0	10	0	7	0	0	0	8	10	0
TCGA-BH-A0AZ-01	11	3	12	0	0	0	0	26	0	0	0	7	0	11	0
TCGA-BH-A0B0-01	32	19	0	6	25	0	0	0	17	0	0	0	0	0	0
TCGA-BH-A0B3-01	1	1	0	4	1	0	0	0	1	6	0	0	0	0	4
TCGA-BH-A0B6-01	357	273	300	0	171	0	0	0	88	0	0	101	0	0	0
TCGA-BH-A0B7-01	3	6	0	9	0	0	0	13	7	0	0	4	0	0	0
TCGA-BH-A0B8-01	3	0	0	0	7	0	6	0	1	0	10	0	0	0	7
TCGA-BH-A0BA-01	4	3	0	3	0	0	4	0	1	5	7	2	0	0	0
TCGA-BH-A0BC-01	6	3	0	9	7	0	11	0	4	0	0	0	0	5	0
TCGA-BH-A0BF-01	1	7	0	5	0	0	3	0	3	0	6	0	8	0	0
TCGA-BH-A0BG-01	5	3	0	7	0	0	0	0	0	16	0	0	14	0	0
TCGA-BH-A0BJ-01	0	0	0	0	2	0	3	0	1	0	0	0	8	3	0
TCGA-BH-A0BL-01	0	3	0	8	0	0	9	0	5	17	0	0	12	0	15
TCGA-BH-A0BM-01	3	0	0	2	0	0	0	0	0	0	0	2	0	8	4
TCGA-BH-A0BO-01	0	0	9	3	0	11	5	0	3	0	0	0	0	0	0
TCGA-BH-A0BP-01	14	27	0	19	9	0	13	30	18	0	0	24	22	20	0
TCGA-BH-A0BQ-01	2	0	0	5	0	0	0	7	2	0	5	0	5	0	4
TCGA-BH-A0BS-01	1	0	0	2	0	3	0	9	0	0	0	2	6	0	0
TCGA-BH-A0BT-01	3	0	0	15	6	7	0	0	4	0	0	4	9	0	0
TCGA-BH-A0BV-01	3	0	3	2	0	0	6	0	1	0	0	9	0	0	0
TCGA-BH-A0BW-01	9	0	14	5	0	11	11	0	4	12	19	0	18	0	0
TCGA-BH-A0BZ-01	10	26	0	19	9	0	0	0	0	75	36	13	46	29	33
TCGA-BH-A0C0-01	3	0	4	4	0	10	0	10	3	9	0	5	0	0	0
TCGA-BH-A0C1-01	6	0	0	12	2	0	0	0	2	0	17	0	11	0	0
TCGA-BH-A0C3-01	0	0	0	0	0	5	9	0	1	0	0	0	3	0	0
TCGA-BH-A0C7-01	0	3	0	7	0	0	20	0	4	0	12	0	12	0	0
TCGA-BH-A0DD-01	3	3	0	13	3	6	5	0	4	0	0	0	0	0	0
TCGA-BH-A0DE-01	1	0	0	0	3	0	8	0	1	0	0	4	11	0	5
TCGA-BH-A0DG-01	4	7	0	0	3	0	0	11	9	0	13	0	0	0	0
TCGA-BH-A0DH-01	9	0	5	11	0	0	8	0	5	0	7	7	0	0	0
TCGA-BH-A0DI-01	7	6	5	9	3	0	5	0	0	7	0	6	0	14	0
TCGA-BH-A0DK-01	3	0	0	4	0	5	11	0	0	0	0	4	0	15	11
TCGA-BH-A0DL-01	11	0	10	16	0	0	0	13	4	0	11	0	0	0	0
TCGA-BH-A0DO-01	4	4	0	7	0	0	0	0	6	0	6	3	0	0	0
TCGA-BH-A0DP-01	2	0	0	0	3	0	0	8	1	5	0	0	0	0	0
TCGA-BH-A0DQ-01	0	0	0	8	0	0	0	14	0	0	0	0	13	0	0
TCGA-BH-A0DT-01	3	0	0	2	0	0	5	0	0	3	0	2	0	0	0
TCGA-BH-A0DV-01	2	0	0	0	0	0	0	0	0	0	4	2	7	0	0
TCGA-BH-A0DX-01	22	9	7	4	5	0	15	0	6	0	0	0	0	9	0
TCGA-BH-A0DZ-01	52	62	47	0	39	0	0	0	17	0	0	0	0	0	0
TCGA-BH-A0E0-01	0	2	0	6	2	0	5	6	3	0	0	0	0	0	0
TCGA-BH-A0E1-01	1	4	0	0	1	0	10	0	3	0	0	0	0	0	0
TCGA-BH-A0E9-01	1	0	0	12	0	0	0	9	0	0	0	6	0	0	0
TCGA-BH-A0EA-01	2	1	0	4	0	0	3	0	4	0	14	4	0	0	0
TCGA-BH-A0EI-01	0	0	0	4	3	4	2	10	1	0	0	0	0	0	0
TCGA-BH-A0H3-01	1	0	0	0	0	0	11	0	0	0	0	5	0	0	0
TCGA-BH-A0H5-01	41	34	27	0	27	0	0	0	16	0	0	12	0	0	12
TCGA-BH-A0H7-01	1	1	3	0	0	3	7	0	1	0	0	1	0	0	0
TCGA-BH-A0H9-01	3	0	0	0	0	4	4	0	1	6	0	5	0	0	0
TCGA-BH-A0HA-01	15	12	0	76	15	111	59	0	16	0	78	0	0	0	0
TCGA-BH-A0HI-01	4	0	0	3	3	0	7	8	2	0	0	0	0	0	8
TCGA-BH-A0HK-01	18	8	0	12	17	0	0	0	8	0	0	0	0	0	0
TCGA-BH-A0HN-01	2	0	3	5	3	0	5	11	5	0	0	0	0	0	0
TCGA-BH-A0HP-01	87	85	82	0	83	0	0	0	20	0	0	0	0	0	0
TCGA-BH-A0RX-01	2	0	0	12	0	0	7	21	7	0	0	0	0	0	0
TCGA-BH-A0W3-01	2	1	0	0	0	0	2	15	0	0	0	0	0	0	3
TCGA-BH-A0W4-01	4	2	3	0	0	6	10	0	7	0	0	7	0	0	0
TCGA-BH-A0W5-01	0	0	2	9	0	5	0	0	3	0	0	0	5	0	5
TCGA-BH-A0W7-01	77	67	66	0	35	0	0	0	16	0	0	0	0	0	0
TCGA-BH-A0WA-01	7	7	0	0	14	0	7	25	0	28	15	10	0	0	0
TCGA-BH-A18F-01	10	0	0	0	12	0	19	9	8	0	0	0	0	0	9
TCGA-BH-A18G-01	0	0	0	367	0	584	105	0	61	0	551	0	0	0	0
TCGA-BH-A18H-01	4	3	3	0	6	0	4	7	2	0	17	8	0	0	0
TCGA-BH-A18I-01	2	1	0	14	3	0	0	0	5	0	0	0	0	6	0
TCGA-BH-A18J-01	42	19	18	9	8	0	0	0	0	0	0	0	0	15	0
TCGA-BH-A18K-01	11	6	12	0	0	6	0	16	5	0	0	12	0	0	0
TCGA-BH-A18L-01	0	3	0	20	0	0	12	0	5	0	0	9	0	16	0
TCGA-BH-A18M-01	1	2	0	4	1	0	0	7	1	0	0	2	0	0	0
TCGA-BH-A18N-01	0	0	4	11	0	11	7	0	3	7	0	0	0	0	0
TCGA-BH-A18P-01	122	106	59	0	68	0	0	0	39	0	0	44	0	0	0
TCGA-BH-A18Q-01	0	5	8	0	6	0	7	28	0	22	16	0	15	0	0
TCGA-BH-A18R-01	3	0	6	0	5	0	6	7	0	15	0	0	0	0	0
TCGA-BH-A18S-01	0	4	0	4	0	12	0	0	4	0	0	4	0	9	0
TCGA-BH-A18T-01	5	6	11	0	0	0	6	20	0	32	16	6	0	0	0
TCGA-BH-A18U-01	34	19	14	14	23	0	12	34	8	0	0	0	0	20	0
TCGA-BH-A18V-01	21	39	46	0	19	0	0	0	0	57	0	11	0	33	24
TCGA-BH-A1EO-01	5	0	0	18	0	0	10	0	5	0	0	0	12	0	0
TCGA-BH-A1ET-01	1	0	0	5	0	0	0	9	1	0	8	0	0	0	9
TCGA-BH-A1EU-01	0	1	0	0	5	7	13	8	0	0	0	0	0	0	0
TCGA-BH-A1EV-01	21	20	19	13	14	0	0	18	14	0	0	10	0	0	0
TCGA-BH-A1EW-01	1	0	0	0	6	4	3	0	3	0	0	4	0	0	0
TCGA-BH-A1EX-01	0	0	0	7	2	6	0	0	7	6	0	0	7	0	0
TCGA-BH-A1EY-01	4	5	11	6	0	7	5	0	7	7	0	3	0	0	0
TCGA-BH-A1F0-01	0	8	20	6	6	0	0	21	6	0	0	12	0	16	0
TCGA-BH-A1F2-01	7	3	7	15	6	0	0	22	3	0	0	0	0	0	8
TCGA-BH-A1F5-01	3	0	0	4	4	0	7	22	4	0	0	0	0	0	0
TCGA-BH-A1F6-01	3	0	7	10	0	0	7	0	0	9	12	5	0	0	0
TCGA-BH-A1F8-01	56	30	30	12	31	0	0	0	14	0	0	0	0	19	0
TCGA-BH-A1FC-01	12	18	0	14	7	12	21	0	6	20	0	7	0	0	13
TCGA-BH-A1FE-01	2	0	2	3	3	0	0	0	2	0	0	0	10	0	4
TCGA-BH-A1FG-01	0	0	3	4	2	0	4	0	1	0	7	0	0	0	0
TCGA-BH-A1FH-01	1	0	0	0	5	0	21	0	0	0	0	6	0	0	0
TCGA-BH-A1FJ-01	0	0	0	5	6	0	14	12	0	0	0	0	8	0	0
TCGA-BH-A1FL-01	1	0	0	7	2	0	0	0	3	0	0	2	7	4	0
TCGA-BH-A1FM-01	8	5	7	10	4	0	9	0	10	9	0	0	0	0	0
TCGA-BH-A1FN-01	32	30	21	0	0	0	0	35	0	0	0	10	0	18	0
TCGA-BH-A1FR-01	0	1	0	4	2	2	0	0	1	7	0	0	0	0	0
TCGA-BH-A1FU-01	4	10	8	9	4	20	0	0	8	14	11	7	15	8	0
TCGA-BH-A201-01	1	0	0	3	3	9	0	0	2	0	0	0	0	0	9
TCGA-BH-A202-01	2	0	0	5	0	3	3	0	1	4	0	0	0	3	7
TCGA-BH-A203-01	11	11	0	20	0	0	18	15	14	0	10	0	0	0	0
TCGA-BH-A204-01	0	5	0	8	4	0	4	0	4	0	0	4	16	0	7
TCGA-BH-A208-01	11	15	5	0	5	0	9	25	4	0	0	8	0	0	0
TCGA-BH-A209-01	24	31	35	0	14	0	0	0	9	0	0	6	0	0	0
TCGA-BH-A28Q-01	1	1	0	11	1	0	0	0	1	0	6	0	5	0	0
TCGA-BH-A2L8-01	194	159	119	0	69	0	0	0	31	0	0	56	0	0	0
TCGA-BH-A42U-01	8	4	0	0	2	0	7	0	4	0	0	7	0	0	0
TCGA-BH-A42V-01	15	12	0	0	7	0	4	12	5	0	0	0	0	0	0
TCGA-BH-A5IZ-01	4	0	11	8	7	0	19	0	0	18	0	14	0	0	15
TCGA-BH-A5J0-01	25	6	14	12	19	0	0	0	12	0	0	0	14	0	0
TCGA-BH-A6R8-01	2	2	0	8	6	0	14	0	5	0	0	0	0	0	0
TCGA-BH-A6R9-01	0	0	0	4	0	0	0	0	3	9	0	4	0	0	5
TCGA-BH-A8FY-01	0	6	0	7	6	0	0	0	0	0	8	14	15	0	0
TCGA-BH-A8FZ-01	8	5	0	12	0	11	0	0	0	24	10	0	11	0	10
TCGA-BH-A8G0-01	0	0	0	3	2	3	0	7	2	0	0	0	0	0	0
TCGA-BH-AB28-01	5	0	0	15	0	0	0	0	3	0	15	5	0	0	0
TCGA-C8-A12K-01	12	43	0	0	12	0	19	0	0	41	0	0	21	25	0
TCGA-C8-A12L-01	3	4	0	6	0	0	7	0	4	17	20	0	20	8	0
TCGA-C8-A12M-01	0	0	0	14	0	0	13	0	12	15	16	12	0	0	0
TCGA-C8-A12N-01	1	3	0	5	0	3	5	6	0	0	0	0	0	4	0
TCGA-C8-A12O-01	0	0	0	9	4	0	15	16	5	0	0	0	0	0	0
TCGA-C8-A12P-01	40	42	23	19	24	0	0	0	18	0	0	9	0	27	0
TCGA-C8-A12Q-01	28	18	32	6	13	0	0	0	16	0	0	12	0	0	14
TCGA-C8-A12T-01	52	59	39	0	19	0	19	0	10	0	0	16	0	0	0
TCGA-C8-A12U-01	4	4	0	8	0	0	9	36	0	0	0	0	0	0	0
TCGA-C8-A12V-01	0	0	7	0	0	0	14	0	3	12	16	0	0	0	0
TCGA-C8-A12W-01	0	3	0	12	0	0	27	26	9	0	0	0	0	0	0
TCGA-C8-A12X-01	0	0	5	17	0	0	0	31	5	0	0	7	0	0	0
TCGA-C8-A12Y-01	0	0	0	15	0	10	5	0	2	0	9	0	0	5	0
TCGA-C8-A12Z-01	6	8	4	10	6	0	5	0	4	0	7	11	0	0	0
TCGA-C8-A130-01	2	3	0	12	0	7	13	10	7	0	0	0	0	0	0
TCGA-C8-A131-01	6	0	0	12	4	0	0	0	10	0	12	9	21	0	0
TCGA-C8-A132-01	8	16	16	0	7	0	22	0	3	0	12	0	0	0	0
TCGA-C8-A133-01	4	0	0	0	0	4	2	0	2	0	0	8	5	4	4
TCGA-C8-A134-01	0	7	0	0	0	0	9	23	0	30	16	0	0	0	32
TCGA-C8-A135-01	4	4	0	23	0	0	14	0	7	0	16	0	0	9	0
TCGA-C8-A137-01	6	9	8	0	9	0	16	0	9	0	0	5	0	0	0
TCGA-C8-A138-01	0	0	0	6	0	0	9	9	2	0	0	10	0	7	9
TCGA-C8-A1HE-01	15	7	0	4	4	0	0	15	4	0	0	5	0	0	0
TCGA-C8-A1HF-01	5	3	5	5	3	0	0	0	3	0	6	4	0	0	5
TCGA-C8-A1HG-01	3	3	0	20	5	9	0	18	5	0	0	6	0	0	0
TCGA-C8-A1HI-01	7	8	0	0	5	0	36	0	2	0	14	0	0	0	0
TCGA-C8-A1HJ-01	0	9	7	6	0	13	0	22	0	39	14	0	0	0	14
TCGA-C8-A1HK-01	6	14	11	7	0	0	0	0	8	0	13	0	14	0	0
TCGA-C8-A1HL-01	0	0	0	8	2	0	0	0	1	0	6	0	16	4	0
TCGA-C8-A1HM-01	78	137	93	17	54	0	0	0	23	0	0	21	0	25	0
TCGA-C8-A1HN-01	3	0	0	10	3	0	15	19	2	0	0	7	0	11	0
TCGA-C8-A1HO-01	6	0	6	0	4	0	11	10	2	0	0	0	0	0	10
TCGA-C8-A26V-01	17	21	17	11	0	0	0	0	9	0	0	0	12	9	0
TCGA-C8-A26W-01	11	7	12	5	7	7	0	0	10	0	0	10	0	0	0
TCGA-C8-A26X-01	3	0	0	14	0	0	0	38	6	0	0	0	0	14	0
TCGA-C8-A26Y-01	230	206	155	0	101	0	0	0	48	0	0	0	0	176	0
TCGA-C8-A26Z-01	0	0	0	17	0	0	0	0	4	12	0	8	0	0	8
TCGA-C8-A273-01	0	1	0	2	0	0	9	0	3	5	0	0	0	4	0
TCGA-C8-A274-01	95	56	50	17	22	0	0	0	17	0	0	0	0	0	24
TCGA-C8-A275-01	24	30	39	6	11	0	0	0	12	0	0	20	0	0	0
TCGA-C8-A278-01	6	4	7	0	3	0	14	13	6	0	0	0	0	0	0
TCGA-C8-A27A-01	5	3	0	4	0	0	0	8	5	0	0	3	0	0	12
TCGA-C8-A27B-01	9	54	12	8	10	0	0	0	6	47	0	0	0	16	0
TCGA-C8-A3M7-01	61	16	43	19	45	0	0	0	23	0	0	14	0	0	0
TCGA-C8-A3M8-01	4	0	15	8	0	9	5	0	3	0	0	0	18	0	0
TCGA-C8-A8HP-01	71	61	63	12	36	0	0	0	30	0	0	0	0	0	0
TCGA-C8-A8HQ-01	109	78	80	0	39	0	23	0	43	0	0	0	0	0	0
TCGA-C8-A8HR-01	0	2	0	11	0	12	0	13	3	11	0	8	0	0	0
TCGA-C8-A9FZ-01	2	2	3	10	0	0	4	0	0	0	8	0	0	0	0
TCGA-D8-A13Y-01	8	3	15	4	5	10	8	14	3	0	0	12	0	0	0
TCGA-D8-A13Z-01	3	10	0	14	0	0	0	31	5	24	0	0	0	16	0
TCGA-D8-A140-01	15	0	0	18	15	0	13	0	7	0	23	12	17	14	0
TCGA-D8-A141-01	0	0	0	3	0	0	0	15	1	0	0	2	0	0	0
TCGA-D8-A142-01	0	6	19	23	5	0	37	0	10	24	0	12	30	0	0
TCGA-D8-A143-01	3	0	0	11	0	0	10	0	0	14	0	7	16	0	0
TCGA-D8-A145-01	0	0	5	13	0	0	0	16	0	0	13	0	0	0	0
TCGA-D8-A146-01	3	0	0	9	5	9	5	0	6	0	0	4	0	0	0
TCGA-D8-A147-01	11	30	24	0	12	0	12	0	8	54	18	17	0	0	14
TCGA-D8-A1J8-01	179	143	183	74	83	0	0	0	69	0	182	48	0	0	0
TCGA-D8-A1J9-01	70	52	66	0	17	0	0	0	29	0	0	17	0	0	27
TCGA-D8-A1JB-01	4	4	0	0	0	0	4	19	3	0	0	7	22	0	0
TCGA-D8-A1JC-01	20	19	24	0	17	0	22	0	11	0	0	9	0	0	0
TCGA-D8-A1JD-01	8	12	0	0	6	0	11	0	5	22	26	0	17	0	15
TCGA-D8-A1JE-01	2	0	0	4	0	0	14	0	0	0	11	0	0	0	9
TCGA-D8-A1JF-01	3	3	0	6	0	0	12	0	3	0	22	0	0	0	0
TCGA-D8-A1JG-01	4	7	0	15	0	0	17	0	22	0	0	11	0	0	93
TCGA-D8-A1JH-01	1	0	0	5	2	5	0	0	1	0	0	0	10	0	0
TCGA-D8-A1JI-01	0	0	0	0	6	0	7	0	3	0	11	4	11	0	0
TCGA-D8-A1JJ-01	25	10	16	13	7	0	0	0	11	0	16	0	0	0	0
TCGA-D8-A1JK-01	11	9	0	0	17	26	0	56	0	0	33	15	38	21	23
TCGA-D8-A1JL-01	3	5	13	0	0	19	16	0	5	20	0	8	26	0	12
TCGA-D8-A1JM-01	0	0	0	0	0	0	10	24	5	0	0	4	0	10	0
TCGA-D8-A1JN-01	56	25	35	10	27	0	0	0	28	0	0	12	0	15	0
TCGA-D8-A1JP-01	0	5	14	0	10	18	0	18	0	23	0	0	30	17	0
TCGA-D8-A1JS-01	1	0	0	4	0	4	7	0	1	0	0	7	0	5	0
TCGA-D8-A1JT-01	0	0	0	7	0	0	10	9	0	0	0	6	9	0	0
TCGA-D8-A1JU-01	1	0	0	2	0	6	10	0	1	0	0	0	0	0	0
TCGA-D8-A1X5-01	2	4	0	12	3	10	7	0	2	0	0	0	0	0	26
TCGA-D8-A1X6-01	3	0	0	14	0	0	0	11	0	7	0	0	0	0	7
TCGA-D8-A1X7-01	0	2	0	0	4	0	10	0	3	0	5	8	0	0	0
TCGA-D8-A1X9-01	0	6	0	0	0	15	16	0	0	0	0	0	26	25	14
TCGA-D8-A1XA-01	0	0	0	3	3	4	3	8	2	0	0	0	0	5	0
TCGA-D8-A1XB-01	6	0	0	15	0	7	0	0	6	0	0	0	7	9	0
TCGA-D8-A1XC-01	0	0	0	7	5	0	0	15	0	0	7	0	0	0	0
TCGA-D8-A1XF-01	0	4	0	17	7	0	0	0	10	0	0	0	13	0	0
TCGA-D8-A1XG-01	2	0	0	0	0	4	0	0	3	0	18	0	0	0	0
TCGA-D8-A1XK-01	0	0	0	110	0	1089	101	0	0	0	0	0	0	0	0
TCGA-D8-A1XL-01	4	6	0	6	0	17	9	0	5	28	0	0	17	0	18
TCGA-D8-A1XM-01	8	3	5	4	12	0	13	0	10	0	0	0	0	9	0
TCGA-D8-A1XO-01	5	4	0	0	0	0	5	15	0	0	0	0	0	0	0
TCGA-D8-A1XQ-01	16	22	2	123	10	334	115	53	38	77	170	15	12	27	17
TCGA-D8-A1XR-01	1	0	0	9	4	4	0	0	1	0	13	0	0	0	0
TCGA-D8-A1XS-01	3	2	0	6	4	0	4	0	7	0	0	0	0	0	0
TCGA-D8-A1XT-01	0	2	0	10	5	0	0	16	3	0	0	4	0	5	0
TCGA-D8-A1XU-01	8	2	0	3	0	0	0	16	0	0	0	6	0	0	0
TCGA-D8-A1XV-01	1	1	4	3	0	0	14	13	0	0	0	0	0	0	0
TCGA-D8-A1XW-01	7	5	9	5	0	13	19	0	4	45	0	6	0	9	0
TCGA-D8-A1XY-01	4	0	0	20	7	0	8	12	4	0	0	4	0	0	0
TCGA-D8-A1XZ-01	0	5	12	23	0	0	21	0	9	13	13	0	0	0	0
TCGA-D8-A1Y0-01	4	6	8	0	0	0	11	17	2	0	12	9	0	0	12
TCGA-D8-A1Y1-01	14	0	0	84	11	0	106	0	18	0	0	0	0	0	0
TCGA-D8-A1Y2-01	6	3	0	3	0	0	8	0	2	0	0	0	0	0	0
TCGA-D8-A1Y3-01	3	0	0	17	0	0	11	31	5	0	0	0	0	0	0
TCGA-D8-A27E-01	0	0	0	0	2	0	0	6	1	0	2	0	0	0	0
TCGA-D8-A27F-01	3	7	7	0	0	6	10	0	0	10	0	0	15	0	12
TCGA-D8-A27G-01	336	307	162	0	164	0	0	0	72	0	0	69	0	66	0
TCGA-D8-A27H-01	11	42	0	0	12	0	21	0	0	67	0	7	0	0	0
TCGA-D8-A27I-01	4	3	0	3	0	0	12	0	2	0	7	0	0	5	0
TCGA-D8-A27K-01	0	1	0	3	0	0	4	9	1	0	0	0	0	3	0
TCGA-D8-A27L-01	9	0	12	8	10	0	0	0	6	0	0	8	0	0	0
TCGA-D8-A27M-01	3	7	10	9	0	0	0	0	6	21	0	0	13	0	21
TCGA-D8-A27N-01	0	0	0	18	5	0	13	0	7	0	0	5	0	0	12
TCGA-D8-A27P-01	2	0	0	10	0	0	0	0	0	0	14	4	0	0	0
TCGA-D8-A27R-01	1	3	0	4	2	0	0	0	4	0	5	0	16	0	0
TCGA-D8-A27T-01	3	0	0	12	5	3	0	8	0	0	0	0	0	0	0
TCGA-D8-A27V-01	48	47	67	0	22	0	0	0	22	0	0	29	0	0	0
TCGA-D8-A27W-01	3	0	6	20	0	0	13	0	5	0	0	0	0	8	0
TCGA-D8-A3Z6-01	5	1	0	8	0	5	0	12	0	0	6	0	0	0	0
TCGA-D8-A4Z1-01	17	5	0	3	0	0	0	0	7	0	0	8	0	6	0
TCGA-D8-A73U-01	69	20	39	11	40	0	0	0	12	0	0	16	0	0	0
TCGA-D8-A73W-01	3	0	0	20	0	0	0	0	0	0	12	0	10	7	0
TCGA-D8-A73X-01	6	0	0	8	0	10	15	8	5	0	0	0	0	0	0
TCGA-E2-A105-01	4	0	6	11	7	8	5	17	0	9	0	0	0	0	0
TCGA-E2-A107-01	5	0	0	4	0	6	9	0	4	0	0	3	0	0	5
TCGA-E2-A108-01	45	54	29	0	21	0	14	0	6	0	0	0	0	17	0
TCGA-E2-A109-01	0	0	0	14	8	0	0	27	4	0	14	0	0	0	17
TCGA-E2-A10A-01	4	3	0	5	5	0	0	0	0	0	0	0	11	0	0
TCGA-E2-A10B-01	13	9	8	9	10	11	0	0	5	0	0	0	0	8	0
TCGA-E2-A10C-01	163	121	81	0	86	0	0	0	42	0	0	26	0	0	0
TCGA-E2-A10F-01	2	1	0	10	0	0	3	0	2	0	0	4	0	8	0
TCGA-E2-A14N-01	8	13	0	6	0	0	0	16	7	28	0	9	22	0	0
TCGA-E2-A14O-01	1	0	0	6	0	0	3	19	7	0	0	0	0	0	0
TCGA-E2-A14P-01	13	5	6	19	10	9	9	0	11	0	0	11	0	19	0
TCGA-E2-A14Q-01	4	0	0	7	0	0	4	25	0	0	0	0	0	0	0
TCGA-E2-A14R-01	1	8	14	2	5	9	9	10	5	27	17	1	20	8	7
TCGA-E2-A14T-01	4	4	0	8	0	5	7	0	5	0	0	0	10	0	0
TCGA-E2-A14V-01	19	22	24	11	5	0	20	18	15	0	0	7	0	0	0
TCGA-E2-A14W-01	0	5	14	0	0	0	0	25	5	21	13	12	0	7	0
TCGA-E2-A14X-01	4	2	0	15	3	0	7	0	6	0	0	0	0	0	0
TCGA-E2-A14Y-01	11	9	8	6	6	0	0	10	0	0	0	0	0	0	0
TCGA-E2-A14Z-01	14	3	10	3	10	1	6	19	9	5	2	2	1	2	8
TCGA-E2-A150-01	4	3	0	15	0	0	0	0	6	15	23	0	0	0	25
TCGA-E2-A152-01	37	30	54	0	24	0	0	0	26	0	0	0	0	0	0
TCGA-E2-A153-01	5	0	0	7	0	0	8	0	2	0	0	4	0	0	0
TCGA-E2-A154-01	0	0	0	11	0	0	11	0	8	0	0	0	10	8	10
TCGA-E2-A155-01	9	4	0	11	0	0	0	26	5	0	17	0	0	0	9
TCGA-E2-A156-01	2	0	3	0	3	0	5	11	1	0	0	0	0	0	0
TCGA-E2-A158-01	0	3	10	0	0	0	13	18	4	32	17	0	0	0	0
TCGA-E2-A159-01	43	30	82	12	17	0	0	0	0	0	0	17	0	0	0
TCGA-E2-A15A-01	0	0	4	10	7	0	8	0	0	0	8	0	0	9	16
TCGA-E2-A15C-01	1	0	0	13	0	0	0	19	2	0	11	4	0	0	0
TCGA-E2-A15D-01	0	1	0	7	0	4	9	0	2	0	4	0	0	0	7
TCGA-E2-A15E-01	1	5	0	4	0	10	12	8	0	0	0	0	0	0	0
TCGA-E2-A15F-01	0	2	0	6	0	0	6	0	1	5	0	8	0	0	0
TCGA-E2-A15G-01	6	0	0	0	0	8	16	30	6	0	0	7	0	0	0
TCGA-E2-A15H-01	0	0	0	8	0	0	0	11	2	0	8	4	0	0	0
TCGA-E2-A15I-01	3	0	0	8	5	0	9	10	0	0	0	3	0	0	5
TCGA-E2-A15J-01	0	0	0	8	2	0	0	0	0	0	0	2	6	4	0
TCGA-E2-A15K-01	0	2	0	12	0	0	9	0	3	0	0	12	9	6	0
TCGA-E2-A15L-01	0	3	0	7	2	4	10	0	2	0	0	0	0	6	0
TCGA-E2-A15M-01	14	6	20	21	5	0	0	20	5	0	0	7	0	0	10
TCGA-E2-A15O-01	1	0	0	3	2	0	16	0	3	0	0	0	9	0	0
TCGA-E2-A15P-01	1	0	0	8	0	6	0	0	1	0	0	5	7	0	0
TCGA-E2-A15R-01	3	0	0	9	0	0	4	17	6	0	0	8	0	0	0
TCGA-E2-A15S-01	7	0	7	0	0	11	16	0	0	10	0	0	17	0	0
TCGA-E2-A15T-01	1	2	0	0	0	0	17	11	2	0	4	3	0	0	0
TCGA-E2-A1AZ-01	7	8	22	6	0	0	0	0	13	0	0	0	23	0	0
TCGA-E2-A1B0-01	4	3	0	8	0	12	0	19	8	0	0	6	0	0	0
TCGA-E2-A1B1-01	8	14	0	4	18	0	10	0	2	0	0	10	0	0	0
TCGA-E2-A1B4-01	3	0	3	5	7	0	0	0	4	0	9	0	11	0	0
TCGA-E2-A1B5-01	12	5	6	9	0	0	0	0	7	0	0	0	7	0	0
TCGA-E2-A1B6-01	0	2	0	7	0	0	10	0	0	23	0	0	14	0	0
TCGA-E2-A1BC-01	0	0	8	9	0	0	0	0	0	0	5	5	14	0	0
TCGA-E2-A1BD-01	0	0	0	7	0	0	6	26	4	0	0	0	0	0	0
TCGA-E2-A1IE-01	0	0	0	2	0	0	4	15	1	0	6	2	0	0	0
TCGA-E2-A1IF-01	0	0	0	3	0	6	4	0	1	0	0	0	10	0	0
TCGA-E2-A1IG-01	4	0	0	4	9	0	19	0	9	0	0	5	0	7	0
TCGA-E2-A1IH-01	11	11	11	5	4	9	7	0	3	0	0	5	12	7	0
TCGA-E2-A1II-01	0	0	0	14	0	0	0	0	0	20	0	0	0	0	0
TCGA-E2-A1IJ-01	0	0	0	2	0	0	8	0	0	0	0	0	0	8	0
TCGA-E2-A1IK-01	0	3	0	0	0	0	6	0	8	0	0	0	0	0	0
TCGA-E2-A1IL-01	0	0	0	8	0	0	0	0	4	0	0	5	8	0	6
TCGA-E2-A1IN-01	70	71	44	15	34	0	0	0	14	0	0	0	0	0	0
TCGA-E2-A1IO-01	1	0	0	3	0	0	6	4	2	0	0	0	0	0	0
TCGA-E2-A1IU-01	4	1	0	3	0	0	0	0	9	14	0	0	0	0	0
TCGA-E2-A1L6-01	1	0	0	0	0	0	0	11	7	0	9	0	0	0	0
TCGA-E2-A1L7-01	0	4	0	0	4	10	23	0	0	0	0	4	21	0	15
TCGA-E2-A1L8-01	3	4	0	0	0	7	15	0	0	0	0	9	0	0	0
TCGA-E2-A1L9-01	3	0	0	5	0	0	0	8	3	5	4	0	0	0	0
TCGA-E2-A1LA-01	3	0	12	0	0	11	0	33	0	30	18	0	0	0	0
TCGA-E2-A1LB-01	6	5	14	0	13	0	8	0	3	0	0	0	0	0	6
TCGA-E2-A1LG-01	31	66	57	0	29	0	0	0	17	0	0	19	0	0	0
TCGA-E2-A1LH-01	11	30	18	0	14	18	18	38	0	50	0	0	0	16	18
TCGA-E2-A1LI-01	5	7	0	0	0	0	0	0	3	12	0	0	10	0	0
TCGA-E2-A1LK-01	0	4	0	32	0	0	7	0	11	0	0	0	0	0	0
TCGA-E2-A1LL-01	0	7	0	9	0	0	0	12	0	10	11	0	12	0	0
TCGA-E2-A2P6-01	58	34	0	21	51	0	0	0	22	0	0	0	0	0	0
TCGA-E2-A56Z-01	0	0	0	6	0	0	19	0	5	9	14	7	0	0	0
TCGA-E2-A570-01	0	1	0	6	0	0	0	13	1	0	0	9	0	0	0
TCGA-E2-A572-01	1	0	4	4	2	0	14	0	0	0	0	0	0	4	0
TCGA-E2-A573-01	0	0	8	12	4	0	0	0	3	16	17	0	0	0	12
TCGA-E2-A574-01	24	23	21	26	18	0	0	0	20	0	0	24	0	0	0
TCGA-E2-A576-01	0	0	0	11	0	0	17	16	5	0	11	10	0	0	0
TCGA-E2-A9RU-01	4	8	0	29	18	8	10	0	12	0	0	0	0	0	18
TCGA-E9-A1N3-01	1	2	0	0	0	0	7	0	0	0	10	0	0	0	11
TCGA-E9-A1N4-01	3	5	3	2	5	0	11	0	5	0	0	0	0	0	0
TCGA-E9-A1N5-01	8	5	0	3	0	0	0	0	0	7	16	0	0	0	0
TCGA-E9-A1N8-01	3	6	0	0	0	9	0	0	7	0	0	0	0	0	11
TCGA-E9-A1N9-01	7	0	0	10	0	0	0	29	2	18	0	0	0	0	0
TCGA-E9-A1NA-01	5	8	11	5	1	2	7	13	6	8	3	17	8	19	4
TCGA-E9-A1NE-01	3	3	0	5	0	0	0	0	0	25	7	3	0	0	16
TCGA-E9-A1NF-01	15	0	5	0	0	0	9	13	6	0	0	13	0	0	0
TCGA-E9-A1NG-01	1	0	0	2	0	0	3	6	1	0	5	0	3	0	0
TCGA-E9-A1NH-01	1	0	3	0	0	6	11	16	0	0	0	0	0	0	0
TCGA-E9-A1QZ-01	0	0	0	3	0	4	3	0	1	0	0	0	12	0	0
TCGA-E9-A1R0-01	3	3	4	10	3	0	3	0	5	0	0	4	0	0	0
TCGA-E9-A1R2-01	2	12	0	5	0	13	0	0	3	0	0	0	25	6	0
TCGA-E9-A1R3-01	3	0	0	4	0	4	4	0	3	5	0	2	0	0	0
TCGA-E9-A1R4-01	33	12	46	10	23	0	0	0	9	0	0	0	0	20	0
TCGA-E9-A1R5-01	3	0	6	0	0	5	27	0	4	0	0	6	0	0	0
TCGA-E9-A1R6-01	0	0	0	4	3	0	6	11	6	0	0	0	0	0	6
TCGA-E9-A1R7-01	6	0	5	6	0	0	0	16	0	0	11	6	8	5	0
TCGA-E9-A1RA-01	4	0	0	2	0	0	4	6	1	0	0	4	0	0	4
TCGA-E9-A1RB-01	0	0	0	7	0	11	0	12	0	0	0	0	0	8	0
TCGA-E9-A1RC-01	0	0	0	16	0	9	9	0	6	0	0	5	10	0	0
TCGA-E9-A1RD-01	4	0	3	5	1	0	0	0	1	4	3	2	0	0	0
TCGA-E9-A1RE-01	0	0	0	18	4	0	11	0	6	0	23	4	0	0	0
TCGA-E9-A1RF-01	4	11	10	15	7	0	18	0	7	48	25	0	0	0	25
TCGA-E9-A1RG-01	3	4	0	3	3	5	10	0	0	8	0	5	0	0	0
TCGA-E9-A1RH-01	5	8	0	9	4	8	9	29	6	16	0	7	0	10	0
TCGA-E9-A1RI-01	4	0	0	3	0	0	6	0	1	0	4	3	0	0	8
TCGA-E9-A226-01	10	21	5	10	17	0	0	0	11	0	0	5	0	0	0
TCGA-E9-A227-01	0	1	0	0	5	0	0	7	1	5	0	0	0	0	0
TCGA-E9-A228-01	4	5	0	16	8	0	0	14	0	0	0	5	0	0	0
TCGA-E9-A229-01	1	5	0	9	3	0	0	12	0	0	0	0	0	0	0
TCGA-E9-A22A-01	3	3	0	0	5	0	9	0	0	12	0	0	0	4	0
TCGA-E9-A22B-01	6	3	0	14	9	0	12	0	6	0	0	5	11	10	0
TCGA-E9-A22D-01	0	3	0	10	3	0	13	0	8	0	0	3	0	0	0
TCGA-E9-A22E-01	8	14	19	5	11	6	16	5	2	28	1	6	5	9	9
TCGA-E9-A22G-01	0	7	0	0	0	31	0	39	0	23	0	0	0	17	0
TCGA-E9-A22H-01	1	0	0	8	2	3	3	6	3	0	0	0	0	0	0
TCGA-E9-A243-01	4	7	10	0	5	12	15	0	0	21	0	5	0	10	0
TCGA-E9-A244-01	4	0	0	15	0	11	20	0	0	27	0	0	15	12	17
TCGA-E9-A245-01	0	0	0	0	2	0	4	0	2	0	0	0	0	15	0
TCGA-E9-A247-01	0	0	0	25	0	0	0	0	4	9	9	0	0	0	0
TCGA-E9-A248-01	5	2	0	14	0	0	0	0	0	0	0	0	0	0	7
TCGA-E9-A249-01	1	0	0	9	0	0	4	0	3	0	0	0	8	0	0
TCGA-E9-A24A-01	0	0	0	1	0	0	0	14	2	0	0	0	0	0	5
TCGA-E9-A295-01	0	0	0	14	5	0	27	18	6	0	0	0	0	0	39
TCGA-E9-A2JS-01	3	0	0	25	0	0	0	34	9	0	0	0	18	0	0
TCGA-E9-A2JT-01	10	5	9	0	0	0	0	0	0	0	0	0	0	4	0
TCGA-E9-A3HO-01	3	6	0	0	0	0	8	0	3	14	13	7	18	0	0
TCGA-E9-A3QA-01	8	9	13	0	0	0	0	14	2	12	0	4	0	0	0
TCGA-E9-A3X8-01	0	5	0	6	4	0	0	9	0	0	0	5	8	0	0
TCGA-E9-A54Y-01	9	0	8	11	9	0	0	18	3	0	0	0	0	0	0
TCGA-E9-A5FK-01	1	1	0	4	0	0	5	11	0	0	9	4	0	4	0
TCGA-E9-A5FL-01	7	11	14	11	0	12	0	0	7	21	15	0	23	0	12
TCGA-E9-A5UO-01	0	0	4	7	2	0	5	12	0	0	8	0	0	0	0
TCGA-E9-A6HE-01	0	0	0	7	3	0	0	6	2	0	4	0	0	0	0
TCGA-EW-A1IW-01	37	21	0	11	7	0	0	47	4	0	0	0	0	0	0
TCGA-EW-A1IX-01	8	10	7	0	5	0	0	0	0	0	8	4	0	0	0
TCGA-EW-A1IY-01	8	0	5	0	8	0	0	0	10	0	0	7	0	0	0
TCGA-EW-A1IZ-01	0	0	0	116	0	100	72	0	39	0	108	0	0	0	0
TCGA-EW-A1J1-01	0	0	0	9	0	0	0	8	3	0	0	3	0	0	0
TCGA-EW-A1J3-01	0	0	0	6	9	5	0	0	0	0	0	0	10	0	0
TCGA-EW-A1J5-01	175	121	99	0	94	0	0	0	32	0	0	19	0	0	0
TCGA-EW-A1J6-01	3	0	0	5	0	0	12	0	0	0	0	0	24	0	0
TCGA-EW-A1OV-01	51	28	10	0	25	0	13	0	13	0	0	0	0	0	0
TCGA-EW-A1OX-01	1	4	0	4	4	0	0	0	2	0	6	0	0	0	0
TCGA-EW-A1OZ-01	6	4	0	19	0	0	0	27	5	0	0	9	0	6	0
TCGA-EW-A1P0-01	0	0	3	0	0	4	5	11	1	0	4	0	0	0	0
TCGA-EW-A1P1-01	0	0	0	0	0	0	2	0	0	0	0	0	1	0	0
TCGA-EW-A1P3-01	1	0	0	0	3	0	4	19	1	0	0	0	0	0	0
TCGA-EW-A1P4-01	0	8	0	0	0	0	14	16	4	12	23	0	0	0	0
TCGA-EW-A1P5-01	0	2	0	12	0	0	0	0	1	0	0	0	0	0	5
TCGA-EW-A1P6-01	0	0	0	3	4	0	14	0	2	0	0	3	0	0	0
TCGA-EW-A1P7-01	0	0	0	0	0	0	0	0	0	10	9	0	0	0	0
TCGA-EW-A1P8-01	0	0	0	9	0	0	0	0	3	14	0	8	0	5	0
TCGA-EW-A1PA-01	0	4	0	7	4	0	0	0	8	13	0	5	0	0	0
TCGA-EW-A1PB-01	20	43	26	0	26	0	0	45	0	0	0	0	0	22	0
TCGA-EW-A1PD-01	6	9	6	0	0	0	0	0	0	25	19	18	0	0	10
TCGA-EW-A1PE-01	6	0	0	8	0	0	0	0	3	8	9	4	0	0	0
TCGA-EW-A1PG-01	0	0	0	2	2	3	0	0	4	0	0	0	0	0	0
TCGA-EW-A1PH-01	3	0	9	13	0	0	0	22	7	0	0	8	0	0	0
TCGA-EW-A2FR-01	3	7	0	5	4	0	5	20	2	0	0	8	0	0	0
TCGA-EW-A2FS-01	0	0	0	6	0	8	7	12	0	0	0	7	0	0	5
TCGA-EW-A2FV-01	1	0	0	0	0	0	5	0	5	0	6	4	7	4	0
TCGA-EW-A2FW-01	3	0	0	11	0	0	0	8	0	0	0	0	0	0	4
TCGA-EW-A423-01	8	11	0	21	7	8	0	14	5	0	0	14	0	0	0
TCGA-EW-A6S9-01	3	0	0	9	0	0	5	0	3	0	0	0	6	5	0
TCGA-EW-A6SA-01	8	8	0	14	0	0	13	0	9	0	23	16	18	0	14
TCGA-EW-A6SB-01	0	6	0	10	4	15	6	24	9	0	0	7	0	0	0
TCGA-EW-A6SC-01	7	0	0	5	0	5	0	0	0	0	17	5	0	0	0
TCGA-EW-A6SD-01	14	8	11	10	2	9	0	0	2	0	0	4	0	0	8
TCGA-GI-A2C8-01	8	13	0	16	0	0	9	25	0	37	0	0	22	18	0
TCGA-GM-A2D9-01	186	121	125	0	132	0	0	0	36	0	0	45	0	0	0
TCGA-GM-A2DA-01	3	6	0	3	3	0	17	0	5	0	8	0	0	0	0
TCGA-GM-A2DB-01	2	5	7	8	7	4	23	16	5	11	5	5	13	4	13
TCGA-GM-A2DC-01	0	0	0	4	0	0	5	18	0	0	0	0	0	0	0
TCGA-GM-A2DD-01	3	4	0	8	0	9	0	10	4	12	13	5	0	0	0
TCGA-GM-A2DF-01	0	4	5	11	4	0	9	0	4	0	0	4	12	0	0
TCGA-GM-A2DH-01	26	42	40	5	8	1	6	13	9	12	9	3	29	12	17
TCGA-GM-A2DI-01	24	21	10	0	6	0	6	0	11	0	0	13	0	0	0
TCGA-GM-A2DK-01	2	0	0	0	3	5	4	15	4	0	4	0	0	0	0
TCGA-GM-A2DL-01	4	3	0	3	2	0	4	9	3	0	0	4	0	10	7
TCGA-GM-A2DM-01	3	0	0	0	3	7	4	0	3	0	0	0	0	0	7
TCGA-GM-A2DN-01	1	0	0	3	1	0	0	8	1	0	0	5	0	0	0
TCGA-GM-A2DO-01	57	51	37	0	45	0	0	0	30	0	0	0	0	0	0
TCGA-GM-A3NW-01	13	14	27	14	11	0	0	0	5	0	0	11	0	0	0
TCGA-GM-A3XL-01	7	22	17	6	6	14	0	23	5	30	0	0	0	14	0
TCGA-GM-A4E0-01	0	0	0	7	2	0	12	0	5	0	8	0	0	0	0
TCGA-GM-A5PV-01	6	0	4	0	3	7	10	0	4	10	0	3	0	0	0
TCGA-GM-A5PX-01	4	3	0	5	0	5	0	22	3	0	0	0	0	0	0
TCGA-HN-A2NL-01	2	7	0	4	0	8	18	0	2	11	0	6	22	11	0
TCGA-HN-A2OB-01	2	0	3	1	0	0	7	0	1	0	5	0	0	0	0
TCGA-JL-A3YX-01	12	3	5	11	6	0	4	0	2	0	0	0	0	0	6
TCGA-LD-A66U-01	2	0	0	11	0	0	0	0	0	0	25	0	0	0	6
TCGA-LD-A74U-01	100	43	85	15	55	0	0	0	25	0	0	29	0	0	0
TCGA-LD-A7W5-01	7	5	6	10	2	0	11	0	5	0	19	0	0	0	0
TCGA-LD-A7W6-01	0	0	4	7	4	0	13	0	0	0	7	5	0	0	6
TCGA-LD-A9QF-01	1	2	0	7	0	0	14	0	4	7	0	4	0	0	0
TCGA-LL-A440-01	1	0	0	0	0	0	0	4	1	0	0	0	0	0	0
TCGA-LL-A50Y-01	1	0	0	7	6	6	17	0	0	0	6	0	0	0	0
TCGA-LL-A5YL-01	16	6	8	8	15	0	9	11	14	0	0	6	0	0	0
TCGA-LL-A5YM-01	0	3	0	7	6	0	6	0	0	0	10	8	0	0	0
TCGA-LL-A5YN-01	0	0	0	5	0	0	5	16	4	0	6	7	0	0	0
TCGA-LL-A5YO-01	3	7	8	4	0	0	0	0	0	11	12	4	0	12	0
TCGA-LL-A5YP-01	5	3	10	0	4	0	6	0	0	17	20	10	15	0	15
TCGA-LL-A6FP-01	9	3	0	5	3	0	0	0	8	0	13	11	16	7	0
TCGA-LL-A6FQ-01	3	0	0	23	3	0	7	0	5	0	0	8	12	8	0
TCGA-LL-A6FR-01	0	0	0	5	0	0	18	0	6	17	13	4	0	0	0
TCGA-LL-A73Y-01	26	49	61	0	14	0	0	0	15	0	28	0	0	0	0
TCGA-LL-A73Z-01	0	0	4	7	5	0	10	10	0	0	12	0	0	0	0
TCGA-LL-A740-01	4	0	0	10	3	0	0	23	2	0	16	10	0	0	0
TCGA-LL-A7SZ-01	6	0	0	12	3	9	12	0	11	0	13	0	0	9	0
TCGA-LL-A7T0-01	6	4	0	20	6	0	14	0	8	0	9	0	0	10	0
TCGA-LL-A8F5-01	1	7	18	4	14	24	20	24	5	37	8	6	21	4	7
TCGA-LL-A9Q3-01	8	0	0	18	0	0	0	16	8	0	14	4	0	0	0
TCGA-OK-A5Q2-01	5	0	0	4	0	0	20	0	14	0	0	0	0	0	0
TCGA-OL-A5D6-01	4	2	0	0	3	0	22	15	5	0	0	6	0	0	0
TCGA-OL-A5D7-01	5	5	7	7	2	0	0	30	0	12	9	3	0	0	0
TCGA-OL-A5D8-01	3	0	0	14	0	6	0	0	0	0	0	0	16	0	0
TCGA-OL-A5DA-01	22	25	16	10	9	0	0	0	20	0	0	12	0	0	0
TCGA-OL-A5RU-01	0	0	0	16	0	0	5	0	0	0	10	15	0	0	0
TCGA-OL-A5RV-01	0	0	0	2	0	0	10	0	1	4	0	0	0	0	0
TCGA-OL-A5RW-01	25	50	46	0	21	0	0	0	10	38	35	0	28	0	0
TCGA-OL-A5RX-01	1	1	0	12	0	5	0	0	4	0	6	0	0	6	0
TCGA-OL-A5RY-01	1	1	0	5	0	0	0	0	0	3	3	0	0	0	0
TCGA-OL-A5RZ-01	10	9	0	41	0	0	0	0	12	19	0	13	29	19	0
TCGA-OL-A5S0-01	2	2	0	8	3	0	5	15	4	0	5	0	0	0	0
TCGA-OL-A66H-01	0	0	0	5	2	0	0	0	0	8	5	2	0	5	0
TCGA-OL-A66I-01	0	3	0	8	3	0	12	0	4	10	0	16	0	0	0
TCGA-OL-A66J-01	5	0	6	12	6	9	18	0	2	0	0	0	0	0	10
TCGA-OL-A66K-01	0	0	5	22	6	0	0	0	0	0	9	5	0	0	0
TCGA-OL-A66L-01	32	20	0	12	20	0	0	0	10	0	0	0	0	0	0
TCGA-OL-A66N-01	0	0	0	16	0	0	19	0	6	0	9	8	0	0	0
TCGA-OL-A66O-01	2	0	0	10	0	0	14	0	0	0	0	0	12	0	0
TCGA-OL-A66P-01	0	0	0	6	7	13	0	41	8	0	22	0	0	0	26
TCGA-OL-A6VO-01	1	0	4	13	0	0	0	7	0	0	0	5	0	0	8
TCGA-OL-A6VQ-01	21	11	6	8	9	0	0	11	6	0	10	0	0	0	0
TCGA-OL-A6VR-01	1	0	0	5	0	0	0	0	1	0	10	0	0	0	0
TCGA-OL-A97C-01	0	0	0	10	0	0	6	13	0	0	30	11	0	0	0
TCGA-PE-A5DC-01	8	4	12	12	9	15	8	27	5	28	0	7	19	0	0
TCGA-PE-A5DD-01	14	9	7	9	13	0	0	26	7	0	0	0	0	0	0
TCGA-PE-A5DE-01	206	102	138	0	120	0	0	0	81	0	0	42	0	0	0
TCGA-PL-A8LV-01	12	8	44	7	7	15	11	0	0	0	0	8	23	0	20
TCGA-PL-A8LX-01	0	0	0	7	0	0	6	13	0	0	23	0	0	0	0
TCGA-PL-A8LY-01	0	0	0	0	0	2	2	0	0	0	3	0	0	0	0
TCGA-PL-A8LZ-01	8	0	0	6	15	0	0	34	8	21	0	12	32	0	0
TCGA-S3-A6ZF-01	2	3	0	12	0	0	4	31	0	0	0	0	0	0	0
TCGA-S3-A6ZG-01	0	0	0	6	6	0	14	11	14	0	9	0	0	0	0
TCGA-S3-A6ZH-01	0	0	0	15	7	0	0	0	7	0	9	0	0	0	7
TCGA-S3-AA0Z-01	9	6	0	10	0	0	0	41	0	0	0	0	0	0	11
TCGA-S3-AA10-01	7	10	8	0	6	0	8	37	0	39	24	11	0	0	0
TCGA-S3-AA11-01	0	0	0	6	6	0	0	0	7	0	20	14	18	0	25
TCGA-S3-AA12-01	3	3	0	3	3	0	12	29	4	0	0	3	0	0	0
TCGA-S3-AA14-01	2	3	0	6	0	0	8	0	1	4	0	0	0	0	0
TCGA-S3-AA15-01	9	10	18	5	9	0	0	0	5	0	0	4	0	0	0
TCGA-S3-AA17-01	7	8	10	0	0	0	17	28	8	25	38	0	0	0	0
TCGA-UL-AAZ6-01	8	12	0	0	0	0	17	16	5	16	41	8	0	0	17
TCGA-UU-A93S-01	5	6	14	27	14	16	0	0	0	27	0	9	51	0	27
TCGA-V7-A7HQ-01	1	1	5	6	0	0	0	0	1	6	0	0	11	0	0
TCGA-W8-A86G-01	2	2	0	3	2	0	17	0	0	0	9	0	0	0	0
TCGA-WT-AB41-01	13	0	0	0	6	0	12	13	4	0	11	3	0	0	0
TCGA-WT-AB44-01	0	0	0	21	4	0	5	0	3	0	13	0	0	0	14
TCGA-XX-A899-01	15	7	0	0	7	0	6	0	12	0	0	7	0	6	0
TCGA-XX-A89A-01	40	62	86	11	17	0	0	0	19	0	0	30	0	0	0
TCGA-Z7-A8R5-01	0	0	0	10	0	0	11	13	0	0	0	0	0	0	0
TCGA-Z7-A8R6-01	25	14	8	14	10	0	0	0	10	0	12	7	0	7	0
