MutationType	DBS78A	DBS78B	DBS78C	DBS78D	DBS78E	DBS78F	DBS78G	DBS78H	DBS78I	DBS78J	DBS78K	DBS78L	DBS78M	DBS78N
AC>CA	0.007502564008063928	6.846377686997585e-07	1.1134710348414957e-06	0.028504985384643078	3.0799154501437532e-06	9.475416845816653e-07	3.1075413289727296e-06	0.007404249752835312	0.016912256374416755	3.5036502822549665e-06	4.060424498675275e-06	6.102570853272482e-06	2.4618562747491524e-06	9.13291250981274e-06
AC>CG	0.00550075856760941	1.014573103930161e-06	0.0021288735108100807	1.0496009281268926e-06	3.1032720471557697e-06	0.0085115267699166	2.2880692995386196e-06	1.6362273527192883e-06	3.7499566985843557e-06	2.974785581955075e-06	4.4299910314293814e-06	0.002506084172273404	0.005771953681778541	7.046839937174809e-06
AC>CT	8.736074960324913e-07	1.1036475143555435e-06	0.010900556000819961	0.002093049580355455	2.7136530602432737e-06	0.007645848193897109	1.0870001233342918e-06	0.026887973021882772	2.5822677798714723e-06	2.503870773146622e-06	3.4486509321141055e-06	0.014415047697320915	2.730824712671165e-06	6.001314159220783e-06
AC>GA	6.854402613498678e-07	0.04945715162903071	0.0009110488044598242	0.0020988229662179947	0.007845603791156463	0.013559508189246117	0.016888699680566787	7.743767673673574e-06	0.011931475722963113	0.01125624546666586	2.928048206740641e-06	6.987054803175852e-06	3.4022401229555013e-07	0.04240502001955519
AC>GG	1.7843760815594578e-06	1.0630713632053812e-06	1.462803624008302e-06	1.5098896255949512e-06	3.675092034427507e-06	1.3120562016410986e-06	3.290683980594622e-06	2.7290078833175357e-06	4.920886749459896e-06	5.12427275225491e-06	5.15345773237641e-06	7.523099520767574e-06	3.3237067327718252e-06	7.363564736806438e-06
AC>GT	1.7819894765125354e-06	7.406549457300571e-07	1.5776622774410499e-06	0.01938073585872644	3.511952490953263e-06	1.3120717767378665e-06	3.155583090119762e-06	2.2840960355097194e-06	4.813669602299342e-06	4.532536104306928e-06	4.86669382553373e-06	7.457856372639071e-06	3.224338433938101e-06	6.825917535024928e-06
AC>TA	2.681665478121431e-07	0.009699619216053178	0.02938625953271412	5.524763821540546e-07	9.35058252736487e-07	0.008510102513628225	0.013311860797398368	1.3026196143073322e-06	2.03228219106677e-06	2.2057336423131347e-06	0.03967855668124685	0.013150711357411637	2.4106480850605295e-06	0.03312793517743558
AC>TG	1.6359715232283633e-06	1.4050688385225386e-06	0.0032137828709849713	1.1533633937688136e-06	4.187400963928667e-06	0.009801706470886984	0.008641556707038945	2.031522535617114e-06	4.278936418700141e-06	2.9746431437160937e-06	4.7985540277295515e-06	0.00941584378404059	1.70842131410609e-06	6.701385109408875e-06
AC>TT	0.016224536784966402	5.011968369217357e-07	0.002128203930988093	0.0020929497437805365	1.7594215023564174e-06	0.004256229628936126	1.756897825089254e-06	0.02868070837266714	0.010004498618445722	0.0033504451904263987	3.0167998374963645e-06	0.0025045433514605973	0.009994383165485487	4.158150954935991e-06
AT>CA	1.5291687077478854e-06	4.5980359573150056e-07	0.0044742267435140095	9.34860167944862e-07	1.5349944305853576e-06	1.13100287535417e-06	2.990701545968477e-06	1.4660067563454505e-06	0.018217119409291625	0.003352587059271173	0.01666887300716553	6.307542389549781e-06	2.1601975731755375e-06	0.012502369452022322
AT>CC	1.7843760815594578e-06	1.0630713632053812e-06	1.462803624008302e-06	1.5098896255949512e-06	3.675092034427507e-06	1.3120562016410986e-06	3.290683980594622e-06	2.7290078833175357e-06	4.920886749459896e-06	5.12427275225491e-06	5.15345773237641e-06	7.523099520767574e-06	3.3237067327718252e-06	7.363564736806438e-06
AT>CG	1.7843760815594578e-06	1.0630713632053812e-06	1.462803624008302e-06	1.5098896255949512e-06	3.675092034427507e-06	1.3120562016410986e-06	3.290683980594622e-06	2.7290078833175357e-06	4.920886749459896e-06	5.12427275225491e-06	5.15345773237641e-06	7.523099520767574e-06	3.3237067327718252e-06	7.363564736806438e-06
AT>GA	1.7783531575332746e-06	1.2088073597649185e-13	0.0039928630649342265	3.401308822503779e-06	3.121897543678642e-06	0.0022994387979451856	0.037257306808669455	2.6555537715466926e-06	0.007114946129922828	0.0016771426653576782	3.1787908937985774e-06	5.9744245049842e-06	1.069409165666002e-06	0.04242556671463262
AT>GC	1.7843760815594578e-06	1.0630713632053812e-06	1.462803624008302e-06	1.5098896255949512e-06	3.675092034427507e-06	1.3120562016410986e-06	3.290683980594622e-06	2.7290078833175357e-06	4.920886749459896e-06	5.12427275225491e-06	5.15345773237641e-06	7.523099520767574e-06	3.3237067327718252e-06	7.363564736806438e-06
AT>TA	8.973341778073518e-07	9.022546691994648e-07	0.00660234161371136	9.39356630169641e-07	3.7153209632379004e-06	0.0022997440500830634	0.0032160424972062173	1.9150618527419282e-06	0.004705893067102807	4.353891688424482e-06	4.5147003675083395e-06	0.005003964878324041	2.7786589726019884e-06	6.798565709686954e-06
CC>AA	0.021523539722080424	0.2603185623884201	0.10389355719089508	0.17205794751644135	0.4573368728160858	0.21339156329631806	0.04034518077969551	0.12223220467567444	0.03472206926944636	0.08599614948034287	0.015371984264680654	0.02941907947279106	0.004567592078819871	0.012498727912497998
CC>AG	0.009448849562935634	0.00759286005049944	0.05194819159805775	0.018849066644906997	8.821642154543952e-07	0.047380458936095236	0.07152370810508728	0.006753871276173785	0.037702138203940194	0.012495804205536842	6.71634165883006e-07	0.006796215372423831	0.048092951775197436	0.018751164059040093
CC>AT	0.035624871216714385	0.16966857761144638	0.04614694565534592	0.07205482646822929	0.0	0.10103780180215835	0.06525566056370735	0.02823107987642288	0.027798762917518614	0.022536689043045045	0.01537531157346166	0.03839522302150726	0.02170671448111534	0.012499630680918018
CC>GA	1.7685746342976926e-07	0.0102750051766634	0.027482032030820846	0.009652766743602114	7.358719419905625e-07	0.013108734381347631	0.05005436148494482	0.014231691848476658	0.023686812059168005	0.051403113454580304	1.443637847842183e-06	0.00749737004389317	0.009600206464529037	0.05870008525675985
CC>GG	9.264803793485043e-07	5.888977284485009e-07	0.016888276052964103	1.0928557685474516e-06	3.036353700736072e-06	0.004256073218664369	0.004439280500128007	2.011806191152229e-06	3.6398213467236927e-06	4.99637300208633e-06	3.811688884525212e-06	0.011576641534520603	0.0030674677652541503	6.717358883179259e-06
CC>GT	0.04679226577286975	2.8025969286496343e-46	2.2041153897589537e-07	0.002091864407873345	0.04770714193582535	9.452579865086835e-34	0.0	0.03403056524693966	0.0641549438238144	0.012662823365599252	0.05344245253683368	0.10527250766754151	0.0238424806844705	0.03700542605615738
CC>TA	0.046421929448843005	0.02974317477674049	0.028630160200361843	8.756140260857137e-07	1.082123526430223e-06	5.828826488141203e-08	0.024034682661294937	0.0001129311805470934	0.004820699349568258	0.0033498539551374052	2.158716915801051e-06	0.006548635197123076	0.013741782700276418	9.792585478862747e-06
CC>TG	0.013634102911237279	0.0025327956975161213	1.3179860729906067e-06	9.970916607926483e-07	2.5294398255937267e-06	1.0992459692715784e-06	1.8811811514751753e-06	0.005874418590337882	4.244380784257374e-06	3.943701563002832e-06	4.4000583329761865e-06	5.4485587952513015e-06	0.003847922402610495	6.4655391724954825e-06
CC>TT	0.3195235192775726	0.0030278593301773073	0.046323152631521224	0.03335459791123867	0.010689300208832719	0.029980264604091644	0.08552046343684197	0.005262406983456458	0.03381408560419459	0.008263141547195119	0.03967013582587242	1.6072098096842068e-10	0.11478207483887673	0.027443104396206765
CG>AT	1.7885486840896192e-06	7.593391956106643e-07	0.0022383053537396334	0.004185966865316004	1.5156489553191931e-06	1.2115732261008817e-06	3.7076953958603555e-06	2.188184043916408e-06	0.007173248043136482	5.988158341097005e-06	5.0196664233226326e-06	7.092005671438528e-06	3.0333652830449863e-06	7.962252402649028e-06
CG>GC	1.7843760815594578e-06	1.0630713632053812e-06	1.462803624008302e-06	1.5098896255949512e-06	3.675092034427507e-06	1.3120562016410986e-06	3.290683980594622e-06	2.7290078833175357e-06	4.920886749459896e-06	5.12427275225491e-06	5.15345773237641e-06	7.523099520767574e-06	3.3237067327718252e-06	7.363564736806438e-06
CG>GT	8.172887305590848e-07	0.007595786272190891	1.2986606861886684e-06	1.378344495606143e-06	3.195819863321958e-06	1.0317722171748756e-06	2.7439009954832725e-06	0.00587273998605724	4.063656501784863e-06	3.8378640965675006e-06	4.644903492589947e-06	0.0065811885147923025	0.0050076750711127715	6.850574436612078e-06
CG>TA	1.4489377401906576e-07	3.176650182012963e-07	6.885032462378148e-07	6.401010978152044e-07	1.1504537951623216e-06	4.7474880298103984e-07	7.906421160441823e-07	0.02318702643534607	0.02726641375413692	0.017377920361741416	0.015378245796421197	0.04436700588421445	0.005283660972020243	0.09105147517952901
CG>TC	1.7843760815594578e-06	1.0630713632053812e-06	1.462803624008302e-06	1.5098896255949512e-06	3.675092034427507e-06	1.3120562016410986e-06	3.290683980594622e-06	2.7290078833175357e-06	4.920886749459896e-06	5.12427275225491e-06	5.15345773237641e-06	7.523099520767574e-06	3.3237067327718252e-06	7.363564736806438e-06
CG>TT	1.7843760815594578e-06	1.0630713632053812e-06	1.462803624008302e-06	1.5098896255949512e-06	3.675092034427507e-06	1.3120562016410986e-06	3.290683980594622e-06	2.7290078833175357e-06	4.920886749459896e-06	5.12427275225491e-06	5.15345773237641e-06	7.523099520767574e-06	3.3237067327718252e-06	7.363564736806438e-06
CT>AA	0.026630353555083273	0.0395939628710039	0.01662414908383596	0.032660242170095444	0.02586959898471832	0.03949448000639677	0.00864107820884783	0.02167783931672602	0.028169104988410253	0.03758313301950693	2.8578114324773195e-06	0.0007373431114274353	0.012687719067798753	5.8647482603646495e-06
CT>AC	1.155258797780334e-06	0.019399080612129183	1.0592265596187644e-06	9.502444072495564e-07	3.796429155045189e-06	1.0412667734271964e-06	2.4604406007711075e-06	3.4918153687613086e-06	0.00711647433872713	4.313929593990906e-06	4.683277256845031e-06	5.387576857174281e-06	3.0110103125480237e-06	7.2563673256809125e-06
CT>AG	3.7429476833494847e-07	0.0	0.0038535968848407267	0.007809999026358127	8.526085821358758e-07	0.013107797596467208	0.06203618980944157	0.021044712513685226	0.007111465186017085	0.007216029593534757	0.0730722353478086	0.032687876878298994	0.042140478366980004	3.5002109143534117e-06
CT>GA	8.021138683233639e-07	1.800811674002034e-07	0.0021283474755591668	0.0020928853050577343	4.626300892596191e-06	0.010980820201734787	0.014005232392401012	2.5088474785661675e-06	0.0048206683637090466	0.007218461912907514	4.214234513710835e-06	0.0050028429343127925	2.8486548899309126e-06	7.06259429534839e-06
CT>GC	0.014594608676270581	1.1059529697377e-06	0.002128303424230702	0.003023547960833639	1.9023620275504526e-06	9.70482165030262e-07	2.288533391947567e-06	2.228421453764895e-06	3.6006814241318352e-06	0.008942095571819663	3.932098297809716e-06	0.002247194139850079	0.0019255367454888983	7.246930272231111e-06
CT>GG	0.011118493613400915	3.5817792536363414e-07	0.008380259737981533	9.347684454041883e-07	2.363193539167696e-06	0.008681733339493115	1.0570862968961592e-06	0.0034406050712505023	0.004368455977237317	0.0019359056727353164	4.129151830056799e-06	4.311989505367819e-06	0.02194292440856318	5.694406627299031e-06
CT>TA	0.053135279566049576	0.017723141210444736	0.02460618549070448	0.03805615434976559	0.0034427926260832465	3.1447008330687254e-07	0.0042878437825493165	0.07654863108782592	0.02145148299578068	0.008372199690143134	3.1800196211406727e-06	2.269104447805148e-06	0.049389049891215106	0.04243176946274616
CT>TC	0.005932883512616627	5.06299693370238e-07	3.9625458043701655e-07	5.837598109792452e-07	0.028539802636078093	3.3590938528504923e-07	4.1090656850428785e-07	0.006821369724048054	0.004368296049869968	0.022862287171619755	3.6970449400541837e-06	3.937092446903989e-06	0.011666935924290555	4.52829735877458e-06
CT>TG	0.016538916914396396	8.688189268468704e-07	0.0021282774471274093	0.006822204137483823	1.7476958760198613e-06	0.002128336380451401	1.4869735423417296e-06	1.0203572173850262e-06	0.013455873342877567	0.020524692278149813	2.333096017537173e-06	0.004485259435205688	0.0070506483535609735	0.09717401510984018
GC>AA	0.013515382632613182	0.02278253129402401	0.05756171643733978	0.008736614836379886	0.23034565448760985	0.048812569491565226	0.0668993726658406	5.610144057754951e-06	0.012954568036718683	0.017684590429574133	0.052851358312318554	3.899898011528042e-18	0.015270938724279403	0.057077087708944416
GC>AG	0.01610058955848217	0.061810553818941114	0.04907478648220831	0.0	7.106128578016069e-07	0.013140177354216576	0.09239815026521683	0.043846769258379936	0.021275769743397177	0.0033476951144336907	0.11798942153586722	0.00039923726581037045	0.017616726363667113	2.888251320236346e-06
GC>AT	7.978253620422037e-07	1.8627850408847735e-07	0.030827861953980573	0.009630950994032031	2.780448016892478e-06	0.00919537970185047	0.012004166655242444	0.010525424805928196	0.007393726403552137	7.049514124446432e-07	2.937557781024225e-06	0.04248243461670427	0.05024794340133667	3.505197037156904e-06
GC>CA	0.0036138306574798663	2.02154473072369e-07	0.006382485211918265	0.002092378355246183	4.895523488812614e-07	0.01063745804131031	1.5371328345281654e-06	1.4928200521069356e-06	0.08431573178270355	0.011076073012009146	2.2912758822719767e-06	0.007498342028884508	0.03194633651048166	0.03531331978774688
GC>CG	1.7843760815594578e-06	1.0630713632053812e-06	1.462803624008302e-06	1.5098896255949512e-06	3.675092034427507e-06	1.3120562016410986e-06	3.290683980594622e-06	2.7290078833175357e-06	4.920886749459896e-06	5.12427275225491e-06	5.15345773237641e-06	7.523099520767574e-06	3.3237067327718252e-06	7.363564736806438e-06
GC>TA	6.48436935089389e-07	0.0075954744651312465	1.0738593687165122e-06	9.558845817991823e-07	2.483099569872138e-06	0.002127791884305452	2.051223418675363e-06	0.005872555068913243	4.09461083350493e-06	0.005806921057910586	0.015379761810709169	0.014210980127222684	2.2607109542605032e-06	0.03076225296740631
TA>AT	0.0036559155220629693	1.3597516613117477e-06	0.017018881658739816	0.023447116357374398	3.1319466984314206e-07	0.0033903606302828847	0.004438292152303802	0.0037018443066671124	0.01457604639699639	0.01493373133876048	3.5137176382704637e-06	0.021634750071098097	0.00805448006565257	0.022817441893857905
TA>CG	8.634512937533146e-07	9.444588386031682e-07	0.002128951556778702	9.323536232841434e-07	3.3914734558493365e-06	1.1361460792613797e-06	1.839485685195541e-06	2.0609238390534302e-06	0.004369408314096291	0.001938494983903638	4.85764730910887e-06	0.0025045933931323815	2.547436179156648e-06	0.02281687979252638
TA>CT	1.7547046809340827e-06	1.5515787481490407e-07	0.01947550427767055	0.020598029531538487	1.9334983338038105e-06	0.006382602660698922	6.138085880902366e-07	0.035854027792811397	0.02387682421228874	0.0074784711391657765	2.647263636390562e-06	0.021321629589238	0.009194172441391401	0.025002705420001804
TA>GC	1.7843760815594578e-06	1.0630713632053812e-06	1.462803624008302e-06	1.5098896255949512e-06	3.675092034427507e-06	1.3120562016410986e-06	3.290683980594622e-06	2.7290078833175357e-06	4.920886749459896e-06	5.12427275225491e-06	5.15345773237641e-06	7.523099520767574e-06	3.3237067327718252e-06	7.363564736806438e-06
TA>GG	1.3557400393438002e-06	8.251137046499935e-07	1.166554466180969e-06	1.0120698561877361e-06	1.8312397041459867e-06	1.0779434092000884e-06	2.13624359730602e-06	2.4211234773474643e-06	0.031275903015534824	0.005796724628464744	4.7444292249565475e-06	4.957334226673993e-06	1.9935098436008046e-06	0.035311841040720535
TA>GT	9.166320637632453e-07	0.005065495046555668	0.003212988804068573	0.009844575140505185	3.877636163451825e-06	0.01105345491874914	0.00863955656938876	0.011740164827415356	3.999485943495529e-06	1.3134865186162133e-06	4.014745445601875e-06	0.07739157112512203	2.5075574967559078e-06	5.970069105387666e-06
TC>AA	0.017009204998612405	0.04534136187285185	0.13576168119907378	0.09207168370485305	0.10488672852516175	0.09504157043993473	0.008121289219707251	0.013782544434070588	0.14592696577310563	0.14983299970626832	0.07219703048467636	0.03217410947445387	0.07671788521111012	0.012497703262308446
TC>AG	0.03796696662902832	0.012658792486877245	0.008332783571245273	1.2670122782341054e-25	0.023203810472841722	0.00638251043856144	0.008417151868343353	0.07119573801755905	2.4367736841668375e-06	0.021886251912727063	2.5497352453385245e-06	0.016300212559622197	0.023660123255103825	2.0948361679984374e-06
TC>AT	0.13330458253622054	0.04717070311307907	0.0024628551676871787	0.06827725395560265	0.018603197671473025	0.016613560356199743	0.005401337753302027	0.13033995586978336	0.018630149215459822	0.06975001357495784	0.20173444896936416	0.0015589533356438073	0.09042347742870334	0.021623088218984777
TC>CA	0.0023519559293390556	0.03162687569856644	0.019255051203072072	0.09809178933501243	0.015330279054114725	0.00425524076892998	0.001990328170495559	0.01751311274554155	0.03022658581721771	0.011572611733572557	0.05720989344165446	0.00749497190117836	0.046466042101383206	4.789679019268079e-06
TC>CG	0.00827258915008997	0.01601018539678236	0.004255792236654088	1.0325477205697099e-06	2.4216492874984395e-06	0.00425527964351744	1.989186171158508e-06	0.011742931557228076	2.8841825042036364e-06	0.012077987884913455	2.6679589041123108e-06	0.004744398848197306	2.7452908170744193e-06	0.010316855818973635
TC>CT	0.027453645318746566	0.030614425614476203	0.00967130164142418	0.011140545257086387	7.683239118705391e-07	0.019526699610435117	0.020927145890891553	0.010521904548999232	0.002410643981102112	4.516960899536571e-07	2.8085118970011534e-06	0.0025020518362907753	0.024219209142620456	5.828298071719473e-06
TC>GA	7.504287282245059e-07	0.009693843754666887	0.020092490687966348	0.018599496937076763	0.00435368067771833	0.011150742085010278	0.034678691253066066	1.2465044351420455e-06	0.033445562699853326	0.006695472291337812	0.10241012735132245	0.01312740526809648	0.01639461398920048	4.314328316468164e-06
TC>GG	0.009545727632939816	4.041693273393321e-07	0.00638372357310146	6.290752708082436e-07	4.014103888039245e-06	0.002127982650188187	0.014883266377546533	4.444130877345742e-06	3.3372335337844563e-06	0.0038699264904948905	4.010722386738053e-06	0.005001970699231606	1.5059627458044438e-06	6.168328491185094e-06
TC>GT	0.004045904411259471	2.5762889777070086e-07	0.004473608145599428	0.014214227906563792	6.781358138141514e-07	3.231862479035551e-07	1.76360113073315e-06	0.014890804667025748	0.030962551806305784	0.005795159726937981	0.015376380251655063	2.919385906352545e-06	0.004051029247102633	0.08143527333550082
TG>AA	5.196405140850402e-07	0.0071669217123655924	0.008380037936126428	5.192789330976666e-07	3.566487475836766e-06	0.006383193000715437	1.2191887435619719e-06	0.0058727816737473406	0.007231531345541953	0.0019369596530168566	3.980196652264567e-06	0.00999762301530609	2.732776454195118e-06	6.687182212772313e-06
TG>AC	1.804664907467668e-06	7.338208888540976e-07	0.0039937161701061544	1.3205822938289201e-06	4.404373771649261e-06	1.099338646781689e-06	0.0032159792716356605	2.728941217355896e-06	4.927915688313078e-06	4.425013230502373e-06	5.046366277383641e-06	7.124503315480979e-06	3.327185220314277e-06	7.307202577067074e-06
TG>AT	0.0	0.03749315552413464	0.031455428805202246	0.02232777588069439	2.1318014660209883e-06	0.02356495540589094	0.02559047944487247	0.009171154350042343	0.05873410627245903	0.037851523421704766	9.161011689684528e-07	0.038498861752213995	0.04102693274617195	0.0062528613952054
TG>CA	0.013094749115407468	0.0	0.024184984155001137	0.034100338071584704	0.021680374811220145	0.019931567087769508	0.03564261831343174	3.302641744085122e-07	0.018270746618509293	0.1869792088866234	4.957574674335774e-07	6.23695941616096e-06	0.005768916065168382	0.0143044439235382
TG>CC	0.0036560785153142207	7.473364606479259e-07	0.0032137672779981585	0.0030235975060236343	1.8779028550852671e-06	0.0026354963244671127	0.008642432031740555	1.3108238135828286e-06	3.7735142541350795e-06	3.0701586410941673e-06	0.048812837256627974	6.746781525635015e-06	0.011677381449499081	0.0307609213152773
TG>CT	0.01607815772294998	0.015948222763836385	0.0598242424428463	0.10109547227621078	2.616416934316482e-33	0.08007707111537457	0.12117050290107727	0.021049004793167146	0.011812917329370976	0.05250592604279518	0.0471510911974292	0.15089215371308456	0.01662956154943913	0.01537959295050415
TG>GA	1.7987763158089366e-06	1.0637599871188287e-06	1.3323897235295589e-06	1.2707997257166425e-06	3.540513125699363e-06	0.006383668475177728	2.8347890065560933e-06	2.6733319373306584e-06	4.748189104475386e-06	0.0019383694495900272	5.133386457600863e-06	6.826430853834608e-06	3.072421986871632e-06	7.370206049017725e-06
TG>GC	1.5206737998596508e-06	8.21270634787652e-07	0.004256364010075231	1.036428335510209e-06	3.2195585163208306e-06	0.004255900881332764	2.1115867298249214e-06	0.003703117537907019	0.0056389033687935354	0.0038719398011267	4.42477362412319e-06	0.002503646667526027	0.00500710607950623	0.012505599247106147
TG>GT	0.01614408232271671	0.010128592956789362	0.0063830024730371585	0.005778050422668457	1.12088605419558e-06	0.010637652733794311	7.201289911940023e-07	0.0704656656831503	1.7926009832081036e-06	0.001934893320867559	3.1661836487728577e-06	0.0536608568045267	0.017176072927031782	4.155406440986553e-06
TT>AA	0.00894096404405218	0.012228979915380477	0.010640531454578194	5.9134236352065275e-08	3.35429876940907e-06	0.01914917541524801	4.500236173043959e-07	0.019152592274849667	0.005639486308788832	0.012994133308529854	1.7232114032594837e-06	0.07201365934861315	0.004991831553286375	0.006253181315923939
TT>AC	1.7977736433749668e-06	9.925715403369395e-07	0.002128999383393193	1.3761661648459266e-06	3.674760091598728e-06	0.0021286088699753237	2.9239974082884145e-06	2.6652287942852125e-06	4.6897136314782985e-06	0.0019385989808597514	5.155913640919607e-06	6.593189755221829e-06	3.0535339647030924e-06	7.342219805650529e-06
TT>AG	1.9693569242917874e-06	1.1461111881772013e-06	5.931203190812084e-07	9.70903295183234e-07	2.86492607983746e-06	0.010170326062598179	0.004320902035033214	0.022208544902434825	0.010004599326861551	2.3407631260852212e-06	2.860229005818837e-06	0.009414713369204719	0.023639787999104555	0.031252023001979976
TT>CA	0.004165124430483047	7.593569307573489e-07	1.3418573132639722e-06	1.2352332760201535e-06	3.5114453112328194e-06	1.3120904895913554e-06	2.3109505946194984e-06	4.412170255818637e-06	4.710472603619565e-06	4.311314842198044e-06	4.772793090523919e-06	6.489078396043624e-06	0.001925485748324718	7.294048964467948e-06
TT>CC	0.010882961613742737	7.86962255006074e-07	0.001997658824058135	1.1566548664632138e-06	2.2199803424882704e-06	0.004598205198931282	0.0044249957400325	1.6244618564087431e-06	4.206991167166052e-06	4.392702851419017e-06	4.578868674798286e-06	7.076618294377112e-06	0.0038488570042545687	6.5888948938663814e-06
TT>CG	7.051322427287232e-07	9.116512273976696e-07	1.0432498470436257e-06	1.1948085330004687e-06	3.080326220583629e-06	9.94154629552213e-07	1.8773293959384318e-06	1.7954890381588484e-06	4.067473946633982e-06	2.8201877910305482e-06	3.8160349049576325e-06	0.03444569295361362	0.01501675491667811	5.858380245626904e-06
TT>GA	1.7843760815594578e-06	1.0630713632053812e-06	1.462803624008302e-06	1.5098896255949512e-06	3.675092034427507e-06	1.3120562016410986e-06	3.290683980594622e-06	2.7290078833175357e-06	4.920886749459896e-06	5.12427275225491e-06	5.15345773237641e-06	7.523099520767574e-06	3.3237067327718252e-06	7.363564736806438e-06
TT>GC	1.7357044839627633e-06	8.889482842278085e-07	8.381011411984218e-07	1.1654658010229468e-06	3.0389972152988775e-06	1.1914175729543786e-06	1.917628424052964e-06	0.02845574792318075	3.7106336833403476e-06	3.85401049243228e-06	4.045555579068605e-06	6.856427728507697e-06	0.022829609905193136	6.521110663015861e-06
TT>GG	1.6467942259623668e-06	9.756339075295272e-07	1.1370141535849142e-06	1.2545313211376196e-06	3.877244080285891e-06	0.005528521068117698	0.008641946092348007	2.0315677375037922e-06	4.5017556175253045e-06	3.571866523088829e-06	4.8467655233253025e-06	0.009416332779233016	1.8800403722707415e-06	6.701771553707658e-06
