Samples	SBS96A	SBS96B	SBS96C	SBS96D	SBS96E	SBS96F	SBS96G	SBS96H	SBS96I	SBS96J	SBS96K	SBS96L
TCGA-3C-AAAU-01	1	2	0	13	11	8	7	0	2	2	0	0
TCGA-3C-AALI-01	192	233	149	0	97	0	0	124	0	0	6	7
TCGA-3C-AALJ-01	1	3	16	6	0	0	0	9	8	14	9	0
TCGA-3C-AALK-01	5	5	1	14	3	3	7	0	12	0	5	9
TCGA-4H-AAAK-01	0	0	0	5	0	3	0	16	6	3	0	0
TCGA-5L-AAT0-01	61	42	31	0	62	0	0	25	0	0	58	0
TCGA-5L-AAT1-01	560	444	374	0	353	0	0	97	0	0	123	35
TCGA-5T-A9QA-01	1	0	2	18	3	3	4	0	10	2	9	1
TCGA-A1-A0SB-01	0	0	0	3	2	4	1	3	3	0	0	0
TCGA-A1-A0SD-01	1	0	4	11	2	3	0	8	1	10	0	0
TCGA-A1-A0SE-01	3	0	1	1	6	4	0	7	4	0	7	3
TCGA-A1-A0SF-01	23	5	1	6	16	1	0	0	0	0	12	0
TCGA-A1-A0SG-01	0	2	0	5	5	2	1	17	2	0	1	0
TCGA-A1-A0SH-01	30	20	23	5	14	4	4	0	0	0	24	14
TCGA-A1-A0SI-01	63	79	73	0	42	0	0	10	0	0	11	0
TCGA-A1-A0SJ-01	4	5	0	13	2	2	7	0	4	0	2	1
TCGA-A1-A0SK-01	1	0	7	13	2	0	16	13	1	24	3	4
TCGA-A1-A0SM-01	0	0	0	6	0	6	0	13	0	0	2	5
TCGA-A1-A0SN-01	5	16	0	10	6	1	8	16	3	5	5	1
TCGA-A1-A0SO-01	9	13	7	9	19	12	73	15	28	100	3	65
TCGA-A1-A0SP-01	1	0	3	11	1	3	16	0	14	0	21	0
TCGA-A2-A04N-01	4	1	0	7	1	4	0	19	0	14	3	0
TCGA-A2-A04R-01	1	7	0	7	8	5	10	3	4	41	0	16
TCGA-A2-A04U-01	0	0	10	10	2	6	17	15	0	0	5	2
TCGA-A2-A04W-01	30	30	57	4	23	5	0	25	0	0	13	0
TCGA-A2-A0CK-01	3	0	0	11	3	2	0	0	1	5	2	0
TCGA-A2-A0CL-01	49	43	53	15	25	0	0	15	0	0	0	0
TCGA-A2-A0CR-01	72	55	32	2	26	1	0	1	0	0	21	0
TCGA-A2-A0CS-01	1	0	0	16	0	4	5	6	7	5	0	4
TCGA-A2-A0CV-01	0	2	0	9	0	2	3	7	0	0	0	1
TCGA-A2-A0CW-01	14	11	0	12	3	0	0	9	0	17	9	9
TCGA-A2-A0D3-01	2	0	1	19	0	1	0	0	0	4	4	1
TCGA-A2-A0EN-01	1	0	0	5	0	2	0	10	3	14	4	0
TCGA-A2-A0EP-01	1	3	1	0	2	3	0	0	3	1	2	0
TCGA-A2-A0ES-01	0	0	1	2	0	0	0	3	5	2	6	0
TCGA-A2-A0EW-01	0	2	0	4	2	6	4	2	0	0	0	0
TCGA-A2-A0ST-01	1	2	1	5	4	4	0	2	2	7	0	0
TCGA-A2-A0SU-01	1	0	4	5	0	1	8	0	6	8	2	0
TCGA-A2-A0SX-01	4	3	0	7	0	4	0	0	3	0	10	10
TCGA-A2-A0SY-01	35	51	17	5	21	0	0	25	0	0	23	0
TCGA-A2-A0T0-01	9	12	6	7	0	35	75	8	17	0	19	29
TCGA-A2-A0T1-01	0	0	0	5	2	5	0	10	6	3	1	0
TCGA-A2-A0T3-01	1	0	4	12	0	0	2	0	1	9	3	12
TCGA-A2-A0T4-01	4	6	0	8	0	4	12	0	5	2	0	0
TCGA-A2-A0T5-01	1	0	0	6	0	0	2	2	0	2	0	0
TCGA-A2-A0T6-01	3	0	0	15	0	0	1	3	1	3	2	0
TCGA-A2-A0T7-01	2	0	0	9	1	3	4	5	0	5	0	0
TCGA-A2-A0YC-01	4	1	0	7	0	1	7	0	0	10	2	0
TCGA-A2-A0YD-01	19	12	12	4	3	0	0	31	0	0	6	0
TCGA-A2-A0YE-01	6	0	0	13	3	2	2	0	0	0	5	12
TCGA-A2-A0YF-01	1	0	0	8	2	2	0	0	1	1	7	17
TCGA-A2-A0YG-01	6	1	0	13	7	7	9	8	6	10	11	0
TCGA-A2-A0YH-01	13	21	9	8	9	0	4	11	8	3	7	7
TCGA-A2-A0YI-01	0	2	0	1	0	2	0	4	0	2	7	0
TCGA-A2-A0YJ-01	1	6	0	20	2	7	30	8	10	7	0	7
TCGA-A2-A0YK-01	139	157	89	0	69	0	0	10	0	0	14	0
TCGA-A2-A0YL-01	12	10	0	2	1	1	0	0	3	0	14	0
TCGA-A2-A0YM-01	11	11	19	22	17	8	6	7	0	8	0	0
TCGA-A2-A0YT-01	11	2	0	14	6	3	13	21	0	0	8	3
TCGA-A2-A1FV-01	7	0	0	12	0	6	6	4	3	0	12	0
TCGA-A2-A1FW-01	1	4	4	18	0	3	0	12	14	0	25	14
TCGA-A2-A1FX-01	0	0	0	6	2	1	2	1	0	1	5	10
TCGA-A2-A1FZ-01	0	0	4	7	4	6	0	0	3	4	0	1
TCGA-A2-A1G0-01	2	0	0	0	0	0	0	8	1	10	2	0
TCGA-A2-A1G1-01	3	0	0	4	2	0	8	2	7	8	2	3
TCGA-A2-A1G6-01	0	1	0	2	0	0	4	0	3	0	0	0
TCGA-A2-A259-01	1	0	3	3	6	0	4	4	3	1	4	0
TCGA-A2-A25A-01	34	29	0	8	24	2	6	0	4	1	14	7
TCGA-A2-A25B-01	3	1	10	8	11	6	21	11	13	15	14	15
TCGA-A2-A25C-01	1	1	0	0	1	9	0	0	3	5	8	11
TCGA-A2-A25D-01	4	3	1	6	3	4	2	3	12	20	6	0
TCGA-A2-A25E-01	4	0	7	2	3	4	22	5	14	0	0	0
TCGA-A2-A25F-01	0	0	0	0	0	0	2	0	0	3	0	1
TCGA-A2-A3KD-01	1	0	0	8	1	3	0	0	0	2	3	0
TCGA-A2-A3XT-01	4	17	21	2	1	12	31	1	10	18	0	5
TCGA-A2-A3XU-01	1	0	1	10	0	5	3	0	3	8	0	0
TCGA-A2-A3XV-01	0	0	0	6	0	5	0	7	11	13	6	0
TCGA-A2-A3XW-01	1	0	0	2	0	3	3	6	0	0	2	0
TCGA-A2-A3XX-01	3	0	2	8	1	2	16	12	7	0	1	0
TCGA-A2-A3XZ-01	7	10	6	6	2	1	1	12	1	0	6	0
TCGA-A2-A3Y0-01	10	37	5	15	2	31	74	7	15	33	9	5
TCGA-A2-A4S1-01	4	3	0	17	0	10	14	0	4	20	0	26
TCGA-A2-A4S2-01	7	0	0	7	0	6	0	0	7	15	1	0
TCGA-A2-A4S3-01	6	3	15	15	7	9	14	5	13	3	3	14
TCGA-A7-A0CE-01	3	2	2	5	3	7	18	0	5	0	13	3
TCGA-A7-A0CH-01	0	0	0	2	2	2	1	1	0	6	3	0
TCGA-A7-A0D9-01	1	1	0	1	1	1	0	0	0	0	7	0
TCGA-A7-A0DA-01	8	11	0	8	2	12	77	14	4	35	6	10
TCGA-A7-A0DB-01	8	10	0	9	7	4	0	1	3	9	0	2
TCGA-A7-A13D-01	4	7	17	13	5	6	50	2	3	21	12	0
TCGA-A7-A13E-01	0	4	3	33	4	2	9	1	13	3	8	0
TCGA-A7-A13F-01	0	2	6	12	4	3	0	11	4	0	1	2
TCGA-A7-A13G-01	7	2	0	7	0	2	7	0	3	0	0	4
TCGA-A7-A26E-01	14	3	0	12	5	4	0	23	1	1	4	0
TCGA-A7-A26F-01	2	0	3	8	4	0	1	14	5	1	0	8
TCGA-A7-A26G-01	8	3	12	4	0	2	5	1	5	13	6	9
TCGA-A7-A26H-01	26	34	20	24	20	0	0	0	0	3	12	11
TCGA-A7-A26I-01	4	2	2	4	1	5	7	4	2	7	6	2
TCGA-A7-A26J-01	0	0	6	5	8	0	4	0	2	7	2	8
TCGA-A7-A2KD-01	6	1	3	17	1	3	6	0	2	8	8	0
TCGA-A7-A3RF-01	2	0	0	5	0	5	0	3	5	16	0	4
TCGA-A7-A425-01	0	0	0	11	1	3	0	0	0	12	6	0
TCGA-A7-A4SC-01	2	0	1	8	2	2	0	4	0	5	7	7
TCGA-A7-A4SD-01	1	0	5	22	0	7	8	9	3	2	0	5
TCGA-A7-A4SE-01	11	25	7	0	9	6	30	0	25	15	9	9
TCGA-A7-A56D-01	48	32	20	24	32	0	7	13	14	0	16	19
TCGA-A7-A5ZV-01	6	20	22	28	9	31	72	8	0	45	13	14
TCGA-A7-A5ZW-01	5	5	2	4	0	6	0	8	2	1	0	3
TCGA-A7-A5ZX-01	3	0	0	3	6	5	8	11	0	0	3	3
TCGA-A7-A6VV-01	1	5	8	14	3	5	0	0	2	22	4	0
TCGA-A7-A6VW-01	4	3	5	5	0	14	20	12	3	19	7	0
TCGA-A7-A6VX-01	22	3	28	4	16	13	28	0	15	25	17	6
TCGA-A7-A6VY-01	4	11	6	5	12	8	56	7	19	0	5	3
TCGA-A8-A075-01	11	11	0	7	11	2	10	0	3	29	16	0
TCGA-AC-A23C-01	26	12	19	8	14	14	0	0	13	10	10	19
TCGA-AC-A23E-01	0	0	1	9	0	0	4	4	0	1	0	5
TCGA-AC-A23H-01	1871	1890	1673	0	692	0	0	0	0	0	252	0
TCGA-AC-A2B8-01	32	31	12	6	29	0	2	2	6	0	0	8
TCGA-AC-A2BK-01	0	2	10	23	0	13	31	0	6	16	6	3
TCGA-AC-A2BM-01	0	3	0	5	0	0	1	2	8	6	0	1
TCGA-AC-A2FB-01	3	0	0	2	3	3	0	0	0	6	0	0
TCGA-AC-A2FF-01	0	3	0	0	6	0	0	0	0	0	2	0
TCGA-AC-A2FG-01	6	0	6	4	3	1	1	9	6	3	0	0
TCGA-AC-A2FK-01	0	0	0	0	3	0	0	0	0	0	0	0
TCGA-AC-A2FO-01	4	4	0	1	10	0	2	4	0	0	0	2
TCGA-AC-A2QH-01	2	1	0	10	0	0	2	0	7	0	0	5
TCGA-AC-A3HN-01	1	2	0	6	0	3	0	1	3	3	3	0
TCGA-AC-A3OD-01	6	0	0	6	3	1	1	10	6	0	0	6
TCGA-AC-A3QP-01	0	0	4	0	0	6	0	12	0	13	0	0
TCGA-AC-A3QQ-01	0	2	0	12	4	0	1	0	8	5	2	2
TCGA-AC-A3W5-01	19	40	0	13	9	5	72	10	19	2	22	0
TCGA-AC-A3YI-01	0	0	0	2	2	3	0	3	0	8	0	0
TCGA-AC-A3YJ-01	3	1	0	11	3	4	0	0	0	9	7	0
TCGA-AC-A4ZE-01	7	0	1	11	0	7	10	5	14	8	7	4
TCGA-AC-A5EH-01	9	9	14	11	14	18	40	6	12	51	2	19
TCGA-AC-A5EI-01	8	0	1	8	5	5	2	7	0	4	0	3
TCGA-AC-A5XS-01	164	143	184	0	129	0	0	23	0	0	72	0
TCGA-AC-A5XU-01	7	3	8	38	20	6	7	0	6	2	9	7
TCGA-AC-A62V-01	3	5	1	34	2	3	22	0	15	0	12	9
TCGA-AC-A62X-01	0	3	0	42	5	9	0	0	0	5	3	20
TCGA-AC-A62Y-01	10	16	0	14	11	11	3	3	7	14	0	0
TCGA-AC-A6IV-01	0	0	1	2	2	0	0	15	5	2	0	0
TCGA-AC-A6IW-01	23	38	51	23	19	8	30	0	9	6	24	0
TCGA-AC-A6IX-01	18	3	11	9	8	6	2	0	9	0	5	0
TCGA-AC-A6NO-01	1	0	2	7	1	3	0	6	14	0	9	0
TCGA-AC-A7VB-01	0	0	0	12	2	2	0	0	12	4	0	3
TCGA-AC-A7VC-01	0	0	0	5	0	1	0	10	5	3	2	0
TCGA-AC-A8OP-01	8	12	8	38	11	25	44	25	22	0	16	35
TCGA-AC-A8OQ-01	14	4	0	22	2	1	2	30	20	23	13	6
TCGA-AC-A8OR-01	1	0	1	8	0	1	0	0	6	14	0	1
TCGA-AC-A8OS-01	11	3	5	10	5	11	12	0	3	13	6	0
TCGA-AN-A0XL-01	0	0	0	8	4	6	0	2	0	3	6	11
TCGA-AN-A0XN-01	2	11	10	7	6	23	25	13	15	33	11	19
TCGA-AN-A0XO-01	5	2	1	1	3	8	4	14	0	0	5	0
TCGA-AN-A0XP-01	4	3	0	5	0	8	2	0	3	3	2	4
TCGA-AN-A0XR-01	4	1	2	5	0	0	3	0	8	13	2	0
TCGA-AN-A0XS-01	6	0	1	2	0	0	1	10	9	0	0	3
TCGA-AN-A0XT-01	0	0	2	8	2	0	0	1	3	6	0	0
TCGA-AN-A0XU-01	5	14	0	6	3	4	13	13	11	45	0	23
TCGA-AN-A0XV-01	0	0	16	7	0	6	4	5	1	0	5	0
TCGA-AN-A0XW-01	119	125	138	0	40	0	0	0	0	0	1	0
TCGA-AO-A03M-01	287	348	330	0	169	0	0	0	0	0	16	0
TCGA-AO-A03N-01	25	27	17	12	34	0	0	2	9	0	0	8
TCGA-AO-A03U-01	0	2	0	0	2	0	0	0	0	0	0	1
TCGA-AO-A03V-01	5	0	25	4	6	0	0	7	5	2	15	3
TCGA-AO-A0JG-01	1	0	0	0	0	3	1	0	1	3	5	7
TCGA-AO-A124-01	1	8	0	12	10	13	62	11	10	16	11	24
TCGA-AO-A125-01	3	2	0	10	2	2	5	8	3	7	0	3
TCGA-AO-A126-01	3	0	0	3	0	1	0	10	0	8	0	0
TCGA-AO-A128-01	15	13	0	382	13	513	0	8	254	0	9	3
TCGA-AO-A129-01	11	16	9	9	5	18	24	0	6	29	10	7
TCGA-AO-A12A-01	4	0	0	8	1	2	0	0	0	3	0	1
TCGA-AO-A12B-01	1	0	0	9	0	3	4	0	0	6	0	0
TCGA-AO-A12D-01	15	5	7	5	8	0	0	18	0	0	15	0
TCGA-AO-A12E-01	1	0	3	11	0	1	1	2	0	5	9	0
TCGA-AO-A12F-01	0	0	0	17	0	2	10	0	5	0	0	6
TCGA-AO-A12G-01	2	4	1	10	6	4	0	3	8	2	2	0
TCGA-AO-A12H-01	0	0	0	6	2	2	1	8	6	0	5	0
TCGA-AO-A1KO-01	0	0	0	0	0	3	2	4	1	0	0	0
TCGA-AO-A1KR-01	5	5	7	7	1	9	27	8	2	18	0	0
TCGA-AO-A1KT-01	3	0	1	10	2	14	6	7	1	7	0	0
TCGA-AQ-A04H-01	3	5	0	32	0	5	1	9	11	4	4	7
TCGA-AQ-A0Y5-01	8	9	0	19	2	4	12	11	0	0	5	0
TCGA-AQ-A1H2-01	1	0	0	8	1	3	0	11	4	4	0	2
TCGA-AQ-A1H3-01	0	0	0	18	0	1	3	0	0	5	0	0
TCGA-AQ-A54O-01	4	0	0	8	0	2	2	0	1	4	0	4
TCGA-AQ-A7U7-01	26	23	4	4	8	0	0	19	11	0	1	0
TCGA-AR-A0TP-01	4	4	0	0	0	10	17	2	5	24	5	0
TCGA-AR-A0TQ-01	10	1	0	8	6	0	3	0	6	3	6	6
TCGA-AR-A0TR-01	2	0	4	10	0	8	1	4	4	0	9	0
TCGA-AR-A0TS-01	5	7	1	15	0	7	17	0	0	20	12	6
TCGA-AR-A0TT-01	8	5	1	14	6	9	4	5	5	15	3	0
TCGA-AR-A0TU-01	4	7	1	9	0	4	21	1	9	14	6	14
TCGA-AR-A0TV-01	3	1	6	16	6	2	6	2	13	17	5	2
TCGA-AR-A0TW-01	1	0	6	14	2	2	1	10	5	11	0	15
TCGA-AR-A0TX-01	115	106	87	0	44	0	0	34	0	0	21	0
TCGA-AR-A0TZ-01	9	12	0	7	4	0	0	20	3	0	0	12
TCGA-AR-A0U0-01	1	3	13	4	6	0	0	2	6	9	0	6
TCGA-AR-A0U1-01	0	13	0	4	9	21	29	0	0	16	5	12
TCGA-AR-A0U2-01	0	0	0	18	2	3	2	0	14	12	3	2
TCGA-AR-A0U3-01	0	0	0	10	0	1	0	4	7	0	12	6
TCGA-AR-A0U4-01	12	36	6	9	13	10	53	0	3	6	12	41
TCGA-AR-A1AH-01	4	6	0	9	0	16	14	2	19	18	0	32
TCGA-AR-A1AI-01	2	6	20	8	6	3	3	18	11	0	12	0
TCGA-AR-A1AJ-01	14	8	0	11	5	3	2	8	2	0	0	0
TCGA-AR-A1AK-01	12	16	0	11	10	2	0	10	0	7	7	7
TCGA-AR-A1AL-01	3	3	0	5	4	9	0	0	0	4	2	0
TCGA-AR-A1AN-01	0	2	4	11	4	1	2	5	2	0	0	0
TCGA-AR-A1AO-01	8	9	14	9	12	6	38	13	0	0	4	9
TCGA-AR-A1AP-01	3	1	10	15	3	1	0	6	3	0	9	0
TCGA-AR-A1AQ-01	1	1	2	8	2	4	13	0	6	3	1	0
TCGA-AR-A1AR-01	2	6	0	11	4	3	0	0	0	34	0	3
TCGA-AR-A1AS-01	9	2	1	4	7	0	3	4	10	0	0	1
TCGA-AR-A1AT-01	1	1	0	7	0	3	15	0	1	4	0	0
TCGA-AR-A1AU-01	0	0	2	8	3	5	3	0	0	0	5	0
TCGA-AR-A1AV-01	1	1	0	16	6	5	3	3	2	1	8	3
TCGA-AR-A1AW-01	1	1	0	8	2	5	6	0	10	5	2	1
TCGA-AR-A1AX-01	0	0	3	2	4	1	0	12	2	0	8	0
TCGA-AR-A1AY-01	5	3	5	14	7	5	6	3	10	4	4	6
TCGA-AR-A24H-01	7	14	11	9	4	1	40	0	13	21	8	24
TCGA-AR-A24K-01	0	0	0	3	0	4	10	9	3	2	3	0
TCGA-AR-A24L-01	1	4	5	2	2	2	14	0	4	17	1	1
TCGA-AR-A24M-01	1	0	0	5	0	8	1	0	2	3	0	5
TCGA-AR-A24N-01	5	0	1	14	0	3	1	0	8	2	11	2
TCGA-AR-A24O-01	0	1	0	6	0	1	1	0	5	0	4	4
TCGA-AR-A24P-01	0	0	0	2	0	1	0	12	2	0	2	0
TCGA-AR-A24Q-01	16	10	26	2	13	10	72	0	27	8	20	28
TCGA-AR-A24R-01	1	0	0	9	0	6	3	0	1	6	0	0
TCGA-AR-A24S-01	6	4	1	15	0	10	3	1	1	1	12	3
TCGA-AR-A24T-01	1	0	3	8	0	0	0	4	0	3	3	2
TCGA-AR-A24U-01	7	7	5	8	7	0	1	3	0	0	6	0
TCGA-AR-A24V-01	1	2	3	8	2	4	1	6	0	0	0	1
TCGA-AR-A24W-01	0	0	0	0	2	0	0	3	5	0	4	0
TCGA-AR-A24X-01	0	0	0	5	0	5	0	14	2	1	7	0
TCGA-AR-A24Z-01	3	3	0	11	4	0	11	4	6	13	0	1
TCGA-AR-A250-01	13	34	22	24	12	2	0	27	7	0	12	2
TCGA-AR-A251-01	6	29	0	8	4	17	55	0	2	56	19	9
TCGA-AR-A252-01	0	0	0	7	0	4	0	0	2	0	6	0
TCGA-AR-A254-01	3	1	0	10	1	0	0	10	2	0	12	3
TCGA-AR-A255-01	12	11	11	6	0	6	0	13	2	1	8	19
TCGA-AR-A256-01	10	8	19	6	23	13	72	7	9	43	4	10
TCGA-AR-A2LE-01	111	75	57	0	105	0	0	19	0	0	22	5
TCGA-AR-A2LH-01	15	6	18	3	15	0	0	4	0	0	10	0
TCGA-AR-A2LK-01	3	0	0	18	6	6	0	0	1	9	5	0
TCGA-AR-A2LL-01	0	0	0	11	1	0	0	7	1	7	2	8
TCGA-AR-A2LM-01	0	0	0	0	2	2	2	7	0	4	0	0
TCGA-AR-A2LN-01	9	3	2	5	11	3	0	3	0	0	18	0
TCGA-AR-A2LO-01	1	0	4	3	0	0	1	2	0	4	2	0
TCGA-AR-A2LQ-01	0	0	0	3	0	1	0	0	0	9	0	0
TCGA-AR-A2LR-01	1	2	0	11	2	1	5	8	9	19	6	6
TCGA-AR-A5QM-01	0	0	0	8	0	3	0	5	0	14	6	0
TCGA-AR-A5QN-01	4	0	0	16	1	4	0	4	9	3	8	0
TCGA-AR-A5QP-01	3	0	0	8	1	4	0	4	4	5	4	1
TCGA-AR-A5QQ-01	4	5	6	8	7	14	29	0	11	8	0	4
TCGA-B6-A0I1-01	4	0	3	14	2	0	5	24	2	20	2	4
TCGA-B6-A0IH-01	2	0	0	12	0	3	0	5	10	0	9	0
TCGA-B6-A0RH-01	7	6	0	6	7	1	4	7	5	0	0	2
TCGA-B6-A0RL-01	11	4	0	19	5	1	3	3	12	8	0	3
TCGA-B6-A0RM-01	5	0	0	8	0	2	0	2	8	7	4	0
TCGA-B6-A0RN-01	1	0	0	11	2	4	4	4	6	0	0	1
TCGA-B6-A0RO-01	3	1	0	0	0	4	11	15	8	0	1	0
TCGA-B6-A0RP-01	0	0	1	6	1	3	0	0	1	11	7	0
TCGA-B6-A0RQ-01	8	3	0	7	13	6	0	1	1	12	4	1
TCGA-B6-A0RT-01	2	7	25	4	1	2	9	2	0	20	0	0
TCGA-B6-A0RU-01	3	2	0	8	6	11	8	11	0	0	1	8
TCGA-B6-A0RV-01	21	14	13	5	9	0	0	5	0	0	0	0
TCGA-B6-A0WS-01	1	2	0	2	2	7	0	0	1	0	0	3
TCGA-B6-A0WT-01	0	0	0	5	2	6	0	5	0	0	1	3
TCGA-B6-A0WV-01	0	5	0	3	4	2	4	0	10	3	6	0
TCGA-B6-A0WW-01	5	3	0	10	5	5	6	2	0	4	0	7
TCGA-B6-A0WX-01	0	2	0	8	0	6	6	11	4	1	0	7
TCGA-B6-A0WY-01	4	2	1	5	1	3	6	7	6	0	0	0
TCGA-B6-A0WZ-01	35	10	21	1	18	0	0	1	1	0	4	4
TCGA-B6-A0X0-01	1	0	1	3	2	0	0	6	0	6	0	6
TCGA-B6-A0X1-01	3	11	5	0	8	11	18	13	8	6	9	0
TCGA-B6-A0X4-01	0	0	0	2	0	0	0	13	0	0	3	4
TCGA-B6-A0X5-01	2	1	0	0	3	6	0	19	0	0	0	17
TCGA-B6-A0X7-01	2	1	0	5	3	0	0	4	6	2	0	0
TCGA-B6-A1KN-01	1	3	0	9	4	7	0	0	10	9	12	17
TCGA-B6-A2IU-01	11	0	2	8	0	4	0	16	4	0	9	0
TCGA-B6-A401-01	0	2	0	7	0	0	1	6	7	2	3	0
TCGA-B6-A409-01	3	1	5	12	1	4	0	5	1	16	8	0
TCGA-B6-A40B-01	9	1	8	8	3	4	5	0	4	9	15	0
TCGA-B6-A40C-01	3	1	0	19	3	1	0	0	5	10	3	9
TCGA-BH-A0AU-01	1	0	5	5	0	0	0	0	5	5	2	0
TCGA-BH-A0AV-01	3	9	4	0	3	8	22	3	12	12	11	0
TCGA-BH-A0AY-01	4	0	4	6	1	0	0	15	1	6	0	9
TCGA-BH-A0AZ-01	11	3	15	0	0	4	9	0	4	9	7	8
TCGA-BH-A0B0-01	33	17	1	2	26	0	0	20	0	0	0	0
TCGA-BH-A0B3-01	1	1	0	5	1	0	4	0	0	3	0	3
TCGA-BH-A0B6-01	373	286	309	0	203	0	0	27	0	0	92	0
TCGA-BH-A0B7-01	3	5	1	9	2	1	6	11	0	0	4	0
TCGA-BH-A0B8-01	2	0	0	0	8	0	0	1	10	8	1	4
TCGA-BH-A0BA-01	4	3	0	4	1	2	4	1	8	0	2	0
TCGA-BH-A0BC-01	6	3	0	11	8	1	0	7	3	4	0	2
TCGA-BH-A0BF-01	1	7	0	5	0	3	2	6	4	5	0	0
TCGA-BH-A0BG-01	5	3	0	5	0	2	16	0	2	12	0	0
TCGA-BH-A0BJ-01	0	0	0	1	2	1	1	5	3	1	0	3
TCGA-BH-A0BL-01	0	3	0	10	2	1	16	11	0	16	0	10
TCGA-BH-A0BM-01	3	0	0	2	0	1	0	0	1	2	3	7
TCGA-BH-A0BO-01	0	1	8	3	0	8	0	6	3	0	2	0
TCGA-BH-A0BP-01	15	28	0	23	11	0	16	30	12	15	32	14
TCGA-BH-A0BQ-01	3	0	0	7	0	0	0	4	5	8	0	3
TCGA-BH-A0BS-01	1	0	0	3	0	3	1	0	0	13	2	0
TCGA-BH-A0BT-01	3	1	0	14	7	6	5	1	1	5	5	0
TCGA-BH-A0BV-01	2	0	3	3	0	0	0	1	3	1	11	0
TCGA-BH-A0BW-01	9	1	16	6	0	13	14	11	15	13	2	3
TCGA-BH-A0BZ-01	10	28	0	13	10	14	91	0	35	35	15	45
TCGA-BH-A0C0-01	3	0	3	4	1	10	12	3	2	2	5	3
TCGA-BH-A0C1-01	7	0	0	12	3	0	1	0	22	5	0	0
TCGA-BH-A0C3-01	0	0	0	2	0	6	0	6	0	4	0	0
TCGA-BH-A0C7-01	1	3	0	12	1	2	0	10	12	14	2	1
TCGA-BH-A0DD-01	3	3	0	11	4	5	0	5	3	2	1	0
TCGA-BH-A0DE-01	1	0	0	2	4	0	0	3	5	12	5	1
TCGA-BH-A0DG-01	4	7	2	0	3	3	0	18	6	0	0	4
TCGA-BH-A0DH-01	10	0	6	11	0	2	0	6	8	0	9	0
TCGA-BH-A0DI-01	8	7	6	12	3	2	9	0	0	0	9	6
TCGA-BH-A0DK-01	3	2	2	8	1	6	1	0	0	8	4	18
TCGA-BH-A0DL-01	12	1	9	18	0	6	0	0	6	9	2	2
TCGA-BH-A0DO-01	3	3	0	3	0	1	4	11	4	0	1	0
TCGA-BH-A0DP-01	3	0	1	2	4	2	6	1	0	0	0	0
TCGA-BH-A0DQ-01	1	1	0	8	0	2	0	0	6	17	0	0
TCGA-BH-A0DT-01	3	0	0	4	0	0	2	0	3	1	2	0
TCGA-BH-A0DV-01	3	0	0	0	0	0	0	0	3	7	2	0
TCGA-BH-A0DX-01	25	10	5	8	5	0	0	9	0	5	4	6
TCGA-BH-A0DZ-01	52	65	45	0	44	0	0	11	0	0	0	0
TCGA-BH-A0E0-01	0	2	0	9	2	2	4	3	0	0	2	0
TCGA-BH-A0E1-01	1	4	0	3	1	0	0	9	1	0	0	0
TCGA-BH-A0E9-01	1	0	0	12	0	2	5	0	2	0	6	0
TCGA-BH-A0EA-01	2	1	0	3	0	0	0	8	12	2	4	0
TCGA-BH-A0EI-01	0	0	0	7	4	4	0	0	1	8	0	0
TCGA-BH-A0H3-01	1	0	0	3	0	0	0	1	2	4	6	0
TCGA-BH-A0H5-01	43	37	26	0	32	0	0	16	0	0	12	3
TCGA-BH-A0H7-01	1	1	3	3	0	4	0	3	0	0	1	1
TCGA-BH-A0H9-01	3	0	0	1	0	4	5	2	0	3	5	0
TCGA-BH-A0HA-01	16	13	1	99	17	128	0	10	98	0	0	0
TCGA-BH-A0HI-01	4	1	0	8	3	2	0	4	1	3	1	8
TCGA-BH-A0HK-01	15	7	2	8	17	0	2	5	5	0	2	0
TCGA-BH-A0HN-01	3	0	4	8	3	0	2	10	0	4	0	0
TCGA-BH-A0HP-01	90	90	83	0	94	0	0	0	0	0	0	0
TCGA-BH-A0RX-01	3	1	0	20	2	4	5	14	0	0	0	0
TCGA-BH-A0W3-01	2	1	0	4	0	2	3	0	0	8	0	3
TCGA-BH-A0W4-01	4	2	2	2	1	5	1	15	0	0	7	0
TCGA-BH-A0W5-01	0	0	4	8	0	5	3	5	0	0	0	4
TCGA-BH-A0W7-01	78	69	69	0	41	0	0	4	0	0	0	0
TCGA-BH-A0WA-01	7	7	0	5	15	9	32	0	10	9	10	9
TCGA-BH-A18F-01	10	1	0	9	13	0	0	15	4	7	0	8
TCGA-BH-A18G-01	13	3	0	382	8	638	0	6	577	0	14	27
TCGA-BH-A18H-01	4	3	4	1	7	5	0	1	15	5	9	0
TCGA-BH-A18I-01	3	2	0	12	4	1	0	7	0	0	0	2
TCGA-BH-A18J-01	41	19	18	4	8	5	1	0	5	0	0	10
TCGA-BH-A18K-01	12	7	13	3	0	6	5	6	0	2	14	0
TCGA-BH-A18L-01	0	4	0	20	2	6	3	5	6	0	10	9
TCGA-BH-A18M-01	1	2	3	6	2	0	1	0	1	0	2	0
TCGA-BH-A18N-01	0	0	4	12	0	12	7	6	2	0	0	0
TCGA-BH-A18P-01	126	109	51	3	78	0	0	30	0	0	41	0
TCGA-BH-A18Q-01	1	5	8	0	6	4	23	5	10	31	7	7
TCGA-BH-A18R-01	3	0	7	1	5	4	14	2	1	0	2	3
TCGA-BH-A18S-01	0	3	0	1	0	7	4	9	5	0	2	6
TCGA-BH-A18T-01	5	7	11	4	1	3	40	3	14	7	7	0
TCGA-BH-A18U-01	37	21	18	22	28	10	12	0	11	13	0	6
TCGA-BH-A18V-01	21	42	45	0	21	12	58	0	0	1	9	41
TCGA-BH-A1EO-01	5	0	0	21	1	0	0	4	0	19	0	0
TCGA-BH-A1ET-01	1	0	0	7	0	4	4	1	5	2	0	9
TCGA-BH-A1EU-01	0	2	0	5	6	8	0	3	1	8	0	1
TCGA-BH-A1EV-01	21	23	19	13	16	5	5	17	0	0	10	0
TCGA-BH-A1EW-01	1	0	0	1	6	2	0	4	2	0	5	0
TCGA-BH-A1EX-01	0	0	0	5	2	6	6	16	0	0	0	0
TCGA-BH-A1EY-01	4	5	12	5	1	5	5	13	3	0	2	0
TCGA-BH-A1F0-01	1	8	24	6	7	5	5	9	0	10	13	7
TCGA-BH-A1F2-01	7	3	9	18	7	3	0	0	1	13	2	8
TCGA-BH-A1F5-01	3	0	1	10	4	0	4	8	0	5	2	7
TCGA-BH-A1F6-01	3	2	6	12	2	3	10	0	10	0	5	0
TCGA-BH-A1F8-01	57	31	30	10	33	0	0	6	2	0	5	18
TCGA-BH-A1FC-01	13	17	0	18	8	10	15	9	12	10	8	10
TCGA-BH-A1FE-01	3	0	3	2	3	0	0	3	0	9	0	3
TCGA-BH-A1FG-01	0	0	4	5	2	1	2	3	4	0	0	0
TCGA-BH-A1FH-01	1	1	0	10	5	0	0	2	4	2	8	0
TCGA-BH-A1FJ-01	1	0	0	12	7	0	0	0	7	16	2	0
TCGA-BH-A1FL-01	1	0	0	9	2	4	0	2	1	5	2	0
TCGA-BH-A1FM-01	8	5	6	12	5	0	2	20	1	3	0	0
TCGA-BH-A1FN-01	31	30	21	3	0	5	9	0	1	30	9	7
TCGA-BH-A1FR-01	0	1	0	4	2	2	5	1	1	1	0	0
TCGA-BH-A1FU-01	4	11	9	5	5	21	16	17	10	7	8	5
TCGA-BH-A201-01	1	0	0	2	4	9	1	2	0	0	0	8
TCGA-BH-A202-01	3	0	0	7	0	3	5	0	0	0	0	10
TCGA-BH-A203-01	11	11	0	25	2	3	4	28	10	1	3	1
TCGA-BH-A204-01	1	4	0	8	4	3	0	5	3	16	4	4
TCGA-BH-A208-01	13	16	6	10	8	3	7	4	0	3	12	0
TCGA-BH-A209-01	23	31	36	0	16	0	0	9	0	0	4	0
TCGA-BH-A28Q-01	1	1	0	10	2	0	3	0	7	2	0	0
TCGA-BH-A2L8-01	205	168	119	0	84	0	0	0	0	0	52	0
TCGA-BH-A42U-01	8	3	0	0	3	0	0	8	0	0	10	0
TCGA-BH-A42V-01	18	14	1	4	9	0	0	8	0	1	0	0
TCGA-BH-A5IZ-01	4	2	9	12	6	7	14	0	2	9	17	14
TCGA-BH-A5J0-01	26	6	14	9	21	4	0	14	0	8	0	0
TCGA-BH-A6R8-01	1	2	1	9	6	1	3	7	6	0	1	0
TCGA-BH-A6R9-01	0	0	0	4	0	1	7	5	0	0	5	3
TCGA-BH-A8FY-01	1	5	0	3	5	2	6	0	8	12	14	0
TCGA-BH-A8FZ-01	7	5	0	11	3	13	22	0	8	13	0	9
TCGA-BH-A8G0-01	0	0	0	5	3	4	0	4	1	0	0	0
TCGA-BH-AB28-01	5	0	0	13	1	5	3	0	10	0	5	1
TCGA-C8-A12K-01	11	44	1	6	12	10	41	0	12	18	7	11
TCGA-C8-A12L-01	3	3	3	5	1	0	19	10	21	20	1	3
TCGA-C8-A12M-01	0	2	1	14	0	4	12	22	14	0	13	0
TCGA-C8-A12N-01	1	3	0	9	0	4	2	0	2	0	0	6
TCGA-C8-A12O-01	1	1	0	21	4	1	1	10	0	4	4	2
TCGA-C8-A12P-01	39	41	22	15	27	9	8	19	3	0	7	12
TCGA-C8-A12Q-01	28	19	33	1	15	5	0	23	0	0	11	4
TCGA-C8-A12T-01	55	62	39	6	23	0	0	5	7	0	17	0
TCGA-C8-A12U-01	4	3	7	18	1	0	9	0	5	12	2	0
TCGA-C8-A12V-01	1	2	5	0	1	5	5	10	11	12	0	0
TCGA-C8-A12W-01	1	4	1	28	1	5	1	20	1	15	0	0
TCGA-C8-A12X-01	0	0	8	22	2	7	2	2	1	12	9	0
TCGA-C8-A12Y-01	1	0	3	16	2	10	0	0	12	0	0	2
TCGA-C8-A12Z-01	7	9	4	12	7	2	1	0	6	0	13	0
TCGA-C8-A130-01	3	4	1	18	1	8	0	16	0	3	0	0
TCGA-C8-A131-01	6	0	0	7	5	4	4	17	9	11	8	3
TCGA-C8-A132-01	8	16	14	5	7	1	6	8	9	7	2	1
TCGA-C8-A133-01	4	0	0	0	0	4	0	5	2	6	7	5
TCGA-C8-A134-01	1	7	0	4	1	7	36	8	11	14	0	28
TCGA-C8-A135-01	4	4	4	24	0	5	0	9	12	8	0	7
TCGA-C8-A137-01	6	10	7	4	10	0	0	19	0	0	6	0
TCGA-C8-A138-01	0	0	0	12	0	5	0	1	0	1	15	18
TCGA-C8-A1HE-01	15	7	3	6	6	3	0	2	0	7	5	0
TCGA-C8-A1HF-01	8	3	5	5	3	3	2	3	2	0	4	1
TCGA-C8-A1HG-01	3	3	0	21	6	9	6	1	3	8	7	2
TCGA-C8-A1HI-01	6	7	0	12	4	0	0	7	18	12	3	3
TCGA-C8-A1HJ-01	2	9	6	7	1	15	46	3	9	13	0	13
TCGA-C8-A1HK-01	6	14	12	5	0	1	8	15	10	0	0	2
TCGA-C8-A1HL-01	0	0	0	7	2	2	1	0	9	9	3	4
TCGA-C8-A1HM-01	82	151	100	10	67	0	0	12	0	0	23	3
TCGA-C8-A1HN-01	3	1	0	18	3	7	8	0	4	7	10	9
TCGA-C8-A1HO-01	6	1	5	5	5	1	0	2	6	8	0	10
TCGA-C8-A26V-01	18	21	17	8	1	7	2	16	0	3	1	2
TCGA-C8-A26W-01	11	6	13	2	7	4	1	15	1	0	9	0
TCGA-C8-A26X-01	3	1	5	18	2	6	11	2	0	15	5	7
TCGA-C8-A26Y-01	245	228	176	0	120	5	0	20	0	0	28	94
TCGA-C8-A26Z-01	2	0	0	17	0	0	12	3	0	0	9	6
TCGA-C8-A273-01	0	1	0	4	0	0	2	8	4	0	0	5
TCGA-C8-A274-01	97	59	49	10	25	5	2	11	10	5	0	8
TCGA-C8-A275-01	24	30	39	2	13	0	0	12	2	0	20	0
TCGA-C8-A278-01	6	3	7	7	3	0	8	12	5	0	0	2
TCGA-C8-A27A-01	5	3	0	5	0	1	2	9	0	3	3	9
TCGA-C8-A27B-01	8	58	7	3	12	10	38	5	4	7	6	4
TCGA-C8-A3M7-01	63	16	45	15	52	0	0	18	0	0	11	1
TCGA-C8-A3M8-01	4	1	17	7	0	8	6	6	4	9	0	0
TCGA-C8-A8HP-01	69	62	61	2	39	0	0	39	0	0	1	0
TCGA-C8-A8HQ-01	107	79	76	5	43	0	0	62	0	0	0	0
TCGA-C8-A8HR-01	1	2	3	13	2	13	17	0	0	0	9	0
TCGA-C8-A9FZ-01	1	2	2	10	0	1	5	0	6	0	2	0
TCGA-D8-A13Y-01	8	3	18	8	6	10	2	1	4	6	16	0
TCGA-D8-A13Z-01	3	11	5	18	4	0	32	6	4	11	0	9
TCGA-D8-A140-01	16	2	5	20	18	5	0	3	29	14	15	7
TCGA-D8-A141-01	0	0	1	7	0	0	2	1	0	6	4	0
TCGA-D8-A142-01	1	7	20	31	5	11	30	20	1	23	17	0
TCGA-D8-A143-01	2	2	0	12	0	0	13	0	5	19	8	0
TCGA-D8-A145-01	1	2	4	15	0	6	5	0	7	7	0	0
TCGA-D8-A146-01	3	0	0	8	6	8	0	9	3	0	4	0
TCGA-D8-A147-01	12	32	23	0	14	8	60	12	12	5	20	2
TCGA-D8-A1J8-01	187	149	189	46	96	38	0	63	143	0	37	13
TCGA-D8-A1J9-01	75	55	66	0	21	0	0	37	0	0	14	10
TCGA-D8-A1JB-01	4	3	0	4	0	5	6	2	5	20	9	5
TCGA-D8-A1JC-01	21	20	25	5	20	0	0	21	2	0	8	0
TCGA-D8-A1JD-01	8	13	1	2	6	0	20	10	24	28	0	10
TCGA-D8-A1JE-01	1	2	0	9	1	3	0	0	9	6	2	7
TCGA-D8-A1JF-01	3	3	0	8	1	2	6	7	19	0	0	0
TCGA-D8-A1JG-01	4	6	0	17	6	0	0	43	7	0	8	78
TCGA-D8-A1JH-01	1	0	1	4	2	6	2	3	0	3	0	2
TCGA-D8-A1JI-01	0	0	0	1	6	4	0	5	13	6	6	1
TCGA-D8-A1JJ-01	23	9	15	9	8	4	0	16	6	6	2	0
TCGA-D8-A1JK-01	12	9	7	7	22	35	19	0	26	57	19	36
TCGA-D8-A1JL-01	3	5	12	0	1	17	18	15	10	33	9	4
TCGA-D8-A1JM-01	1	2	1	9	0	2	5	13	0	6	7	7
TCGA-D8-A1JN-01	57	25	36	4	31	0	0	40	0	0	8	7
TCGA-D8-A1JP-01	1	6	15	0	11	14	21	0	6	49	4	8
TCGA-D8-A1JS-01	1	0	0	6	1	3	0	0	3	1	9	5
TCGA-D8-A1JT-01	0	0	0	11	0	0	6	2	5	10	7	0
TCGA-D8-A1JU-01	1	0	0	4	0	5	0	3	1	6	0	0
TCGA-D8-A1X5-01	3	4	0	16	3	11	0	0	0	4	5	20
TCGA-D8-A1X6-01	3	0	0	16	1	1	11	0	3	0	0	7
TCGA-D8-A1X7-01	0	2	0	4	4	0	2	6	4	0	9	1
TCGA-D8-A1X9-01	2	5	6	1	0	10	0	0	15	40	0	23
TCGA-D8-A1XA-01	0	0	0	7	4	5	2	3	0	4	0	3
TCGA-D8-A1XB-01	6	2	0	12	1	6	3	10	5	0	1	4
TCGA-D8-A1XC-01	0	0	1	10	7	2	3	0	6	0	0	5
TCGA-D8-A1XF-01	0	3	0	15	7	0	3	15	4	0	1	3
TCGA-D8-A1XG-01	1	0	0	0	0	4	4	6	11	0	0	1
TCGA-D8-A1XK-01	5	6	17	102	1	1023	33	32	0	52	4	25
TCGA-D8-A1XL-01	4	6	0	7	3	17	26	13	2	16	0	16
TCGA-D8-A1XM-01	9	3	7	7	13	0	0	19	0	0	0	6
TCGA-D8-A1XO-01	5	5	0	4	1	0	0	0	4	10	0	0
TCGA-D8-A1XQ-01	17	25	1	160	13	373	71	58	194	69	17	33
TCGA-D8-A1XR-01	2	0	0	8	5	6	1	0	10	0	0	0
TCGA-D8-A1XS-01	3	1	0	4	3	0	0	12	2	0	0	1
TCGA-D8-A1XT-01	1	2	3	12	7	3	8	0	0	2	6	1
TCGA-D8-A1XU-01	8	1	3	5	0	1	5	0	2	2	8	0
TCGA-D8-A1XV-01	1	1	6	12	0	3	0	2	0	8	3	0
TCGA-D8-A1XW-01	7	6	8	7	0	12	43	13	7	7	7	5
TCGA-D8-A1XY-01	4	1	0	24	7	2	3	0	5	4	5	4
TCGA-D8-A1XZ-01	1	5	13	27	1	0	6	18	16	0	3	6
TCGA-D8-A1Y0-01	4	7	9	4	0	6	7	5	8	10	12	9
TCGA-D8-A1Y1-01	15	2	0	131	12	22	0	17	31	0	0	3
TCGA-D8-A1Y2-01	7	3	0	6	0	1	0	4	0	1	0	0
TCGA-D8-A1Y3-01	3	0	2	26	0	7	14	5	0	10	0	0
TCGA-D8-A27E-01	0	0	1	1	2	0	2	2	2	0	0	1
TCGA-D8-A27F-01	2	7	6	0	0	5	15	6	5	13	1	10
TCGA-D8-A27G-01	370	345	165	0	208	0	0	13	0	0	71	4
TCGA-D8-A27H-01	10	41	1	7	13	11	63	0	5	0	8	1
TCGA-D8-A27I-01	4	4	0	6	1	1	0	8	4	5	0	3
TCGA-D8-A27K-01	0	2	0	6	0	2	1	3	1	5	0	1
TCGA-D8-A27L-01	9	1	13	6	11	0	0	5	0	0	8	0
TCGA-D8-A27M-01	3	7	10	7	2	3	20	8	2	5	3	20
TCGA-D8-A27N-01	1	2	0	21	4	4	0	7	4	6	4	7
TCGA-D8-A27P-01	1	0	0	7	2	4	3	0	9	1	3	0
TCGA-D8-A27R-01	1	3	0	2	2	0	5	8	5	8	1	0
TCGA-D8-A27T-01	3	0	0	14	5	4	3	0	0	2	0	0
TCGA-D8-A27V-01	47	46	65	0	24	0	0	25	0	0	28	0
TCGA-D8-A27W-01	3	0	7	24	0	2	0	7	6	2	1	3
TCGA-D8-A3Z6-01	5	1	0	8	0	5	0	0	5	11	1	1
TCGA-D8-A4Z1-01	18	5	2	1	0	0	0	11	0	0	8	1
TCGA-D8-A73U-01	74	20	41	8	46	3	0	0	1	0	14	0
TCGA-D8-A73W-01	3	2	0	19	1	2	6	0	14	2	0	3
TCGA-D8-A73X-01	6	0	0	14	0	10	0	12	1	8	0	1
TCGA-E2-A105-01	4	0	8	14	8	6	9	0	6	8	0	4
TCGA-E2-A107-01	5	0	0	7	1	6	0	8	0	2	3	4
TCGA-E2-A108-01	44	54	26	4	24	9	8	2	1	0	0	14
TCGA-E2-A109-01	0	0	4	17	9	7	5	0	8	22	4	8
TCGA-E2-A10A-01	4	3	0	2	4	0	0	0	5	10	0	0
TCGA-E2-A10B-01	12	9	9	7	11	9	3	6	2	4	1	0
TCGA-E2-A10C-01	170	128	76	0	102	0	0	24	0	0	19	0
TCGA-E2-A10F-01	3	2	0	10	2	4	0	1	0	0	5	3
TCGA-E2-A14N-01	8	13	3	5	0	6	29	14	2	19	10	0
TCGA-E2-A14O-01	1	0	0	10	0	0	0	16	0	5	1	3
TCGA-E2-A14P-01	14	5	7	21	11	8	0	13	4	0	14	15
TCGA-E2-A14Q-01	4	1	0	12	1	5	0	0	0	11	2	4
TCGA-E2-A14R-01	1	9	18	3	6	11	27	13	15	26	2	12
TCGA-E2-A14T-01	4	4	0	8	0	5	0	13	5	4	0	0
TCGA-E2-A14V-01	19	23	25	16	6	6	7	33	0	0	6	0
TCGA-E2-A14W-01	1	6	17	1	2	5	27	12	5	7	15	4
TCGA-E2-A14X-01	4	2	0	15	3	1	2	8	2	0	0	0
TCGA-E2-A14Y-01	11	9	9	7	5	2	4	0	0	3	0	0
TCGA-E2-A14Z-01	16	3	13	6	12	1	12	17	0	1	3	11
TCGA-E2-A150-01	4	3	0	14	0	3	13	9	19	0	0	26
TCGA-E2-A152-01	33	28	48	0	23	0	0	37	0	0	2	0
TCGA-E2-A153-01	6	0	0	10	0	2	0	3	0	0	5	0
TCGA-E2-A154-01	1	1	0	13	0	0	3	19	5	1	0	15
TCGA-E2-A155-01	10	4	0	16	3	5	4	5	12	9	4	9
TCGA-E2-A156-01	3	0	4	3	3	3	0	0	2	5	0	2
TCGA-E2-A158-01	0	3	12	4	0	4	33	15	11	15	0	0
TCGA-E2-A159-01	44	31	90	4	18	0	0	0	0	0	14	0
TCGA-E2-A15A-01	1	2	3	11	7	2	3	0	10	6	2	15
TCGA-E2-A15C-01	1	0	4	17	1	2	0	0	8	12	5	0
TCGA-E2-A15D-01	0	1	0	9	0	5	0	4	8	0	0	7
TCGA-E2-A15E-01	1	5	0	10	0	10	0	1	0	10	2	1
TCGA-E2-A15F-01	0	1	0	9	0	2	4	0	2	0	10	0
TCGA-E2-A15G-01	7	0	0	11	0	9	1	14	0	21	10	0
TCGA-E2-A15H-01	0	0	4	12	0	2	1	0	7	0	7	0
TCGA-E2-A15I-01	3	0	0	15	6	0	0	0	0	9	4	6
TCGA-E2-A15J-01	0	0	0	6	2	2	3	0	1	3	3	2
TCGA-E2-A15K-01	0	2	1	13	2	3	0	1	6	7	15	3
TCGA-E2-A15L-01	0	3	0	12	2	5	1	5	0	0	2	4
TCGA-E2-A15M-01	14	7	21	21	5	6	6	0	2	11	8	7
TCGA-E2-A15O-01	1	0	0	6	1	1	0	8	2	14	1	0
TCGA-E2-A15P-01	1	0	0	9	0	7	3	0	0	0	8	0
TCGA-E2-A15R-01	3	0	4	16	1	0	2	9	0	0	12	0
TCGA-E2-A15S-01	7	2	6	4	0	9	11	3	9	12	4	1
TCGA-E2-A15T-01	1	2	2	9	0	2	0	7	5	7	5	0
TCGA-E2-A1AZ-01	7	8	21	0	2	4	0	26	0	11	0	0
TCGA-E2-A1B0-01	4	4	1	11	0	14	0	17	0	0	8	1
TCGA-E2-A1B1-01	9	15	2	9	19	0	0	0	0	0	12	0
TCGA-E2-A1B4-01	3	0	3	2	10	1	2	7	7	6	1	0
TCGA-E2-A1B5-01	12	5	6	7	0	2	0	11	1	1	1	0
TCGA-E2-A1B6-01	1	2	2	9	0	1	21	0	8	11	1	0
TCGA-E2-A1BC-01	0	0	9	6	0	2	1	0	5	12	6	0
TCGA-E2-A1BD-01	0	1	1	17	2	2	0	5	0	10	0	5
TCGA-E2-A1IE-01	0	0	0	6	0	2	2	2	3	12	3	0
TCGA-E2-A1IF-01	0	0	0	3	0	6	0	5	1	9	0	0
TCGA-E2-A1IG-01	4	0	0	7	9	1	3	20	4	1	5	3
TCGA-E2-A1IH-01	12	12	12	7	5	11	0	3	2	10	8	3
TCGA-E2-A1II-01	0	2	0	9	0	4	15	0	0	2	0	2
TCGA-E2-A1IJ-01	0	0	0	5	0	0	0	0	3	1	3	6
TCGA-E2-A1IK-01	0	2	0	0	0	2	1	12	0	0	0	0
TCGA-E2-A1IL-01	0	0	0	7	0	2	7	5	0	1	6	3
TCGA-E2-A1IN-01	66	69	38	9	36	5	13	3	7	2	0	0
TCGA-E2-A1IO-01	1	0	0	6	0	1	0	7	0	0	0	1
TCGA-E2-A1IU-01	4	1	0	0	1	0	6	18	1	0	0	0
TCGA-E2-A1L6-01	1	0	0	0	2	3	3	16	3	0	0	0
TCGA-E2-A1L7-01	1	4	1	4	3	10	1	6	1	36	4	10
TCGA-E2-A1L8-01	3	3	0	6	1	6	1	0	4	3	11	0
TCGA-E2-A1L9-01	3	0	0	6	0	3	8	2	2	0	3	1
TCGA-E2-A1LA-01	3	3	14	7	0	17	46	3	7	3	4	0
TCGA-E2-A1LB-01	6	5	16	2	14	1	0	3	3	0	0	5
TCGA-E2-A1LG-01	30	67	54	0	33	0	0	17	0	0	18	0
TCGA-E2-A1LH-01	11	34	16	12	17	22	66	0	0	8	7	38
TCGA-E2-A1LI-01	4	6	1	1	1	2	11	5	1	0	2	3
TCGA-E2-A1LK-01	0	4	0	29	0	4	0	16	0	0	1	0
TCGA-E2-A1LL-01	0	7	0	10	2	6	10	0	6	19	0	1
TCGA-E2-A2P6-01	57	33	0	18	56	2	0	11	8	0	1	0
TCGA-E2-A56Z-01	1	0	0	9	1	6	5	13	16	0	7	2
TCGA-E2-A570-01	0	1	0	9	0	3	5	0	0	0	12	0
TCGA-E2-A572-01	1	0	4	10	1	4	1	0	2	3	0	3
TCGA-E2-A573-01	1	2	6	11	4	7	14	2	12	0	1	12
TCGA-E2-A574-01	22	21	16	17	18	3	9	27	0	0	23	0
TCGA-E2-A576-01	0	2	0	18	2	0	3	9	14	9	13	0
TCGA-E2-A9RU-01	4	9	0	32	21	9	2	11	0	0	3	16
TCGA-E9-A1N3-01	1	2	1	2	0	2	0	0	6	12	0	5
TCGA-E9-A1N4-01	2	5	2	4	5	1	0	14	1	0	0	0
TCGA-E9-A1N5-01	8	5	0	1	0	4	6	2	13	0	0	0
TCGA-E9-A1N8-01	3	6	2	0	0	7	0	13	0	0	0	5
TCGA-E9-A1N9-01	7	0	4	15	0	7	21	0	0	5	0	7
TCGA-E9-A1NA-01	5	9	15	7	2	3	15	9	5	5	25	17
TCGA-E9-A1NE-01	4	3	0	4	0	0	25	0	10	0	3	13
TCGA-E9-A1NF-01	15	1	5	4	1	1	0	10	3	7	14	0
TCGA-E9-A1NG-01	1	0	0	4	0	0	0	2	5	9	0	0
TCGA-E9-A1NH-01	1	0	4	8	2	9	0	4	0	5	0	4
TCGA-E9-A1QZ-01	0	0	0	3	0	4	0	3	0	11	0	2
TCGA-E9-A1R0-01	3	3	4	10	4	0	0	7	1	0	3	0
TCGA-E9-A1R2-01	2	13	0	4	0	13	8	6	1	17	0	2
TCGA-E9-A1R3-01	3	0	0	5	0	4	5	5	1	0	2	0
TCGA-E9-A1R4-01	34	13	51	7	26	3	0	2	0	0	2	15
TCGA-E9-A1R5-01	3	0	5	10	0	6	1	13	0	4	7	2
TCGA-E9-A1R6-01	0	1	0	8	3	2	3	13	0	0	0	6
TCGA-E9-A1R7-01	7	1	8	7	1	2	3	0	9	16	8	1
TCGA-E9-A1RA-01	4	0	0	5	1	2	0	0	0	8	4	1
TCGA-E9-A1RB-01	0	0	1	8	0	11	3	0	4	6	0	5
TCGA-E9-A1RC-01	0	1	0	15	2	9	5	10	1	7	5	0
TCGA-E9-A1RD-01	4	0	4	4	1	0	3	0	4	0	2	1
TCGA-E9-A1RE-01	1	1	0	21	4	3	3	7	19	3	4	0
TCGA-E9-A1RF-01	4	13	8	19	8	0	45	11	18	17	7	20
TCGA-E9-A1RG-01	3	4	2	5	4	5	4	2	2	3	6	1
TCGA-E9-A1RH-01	5	9	0	16	5	7	19	8	8	13	10	11
TCGA-E9-A1RI-01	4	0	0	5	1	0	0	0	6	0	4	9
TCGA-E9-A226-01	11	20	3	8	19	1	0	12	0	0	5	0
TCGA-E9-A227-01	0	1	2	2	6	0	7	0	0	0	1	0
TCGA-E9-A228-01	4	5	0	20	8	2	0	0	0	8	5	0
TCGA-E9-A229-01	1	5	0	10	3	2	4	0	1	2	0	2
TCGA-E9-A22A-01	3	4	1	5	6	0	8	1	1	6	0	1
TCGA-E9-A22B-01	6	4	1	16	10	6	5	6	0	14	6	2
TCGA-E9-A22D-01	1	3	0	12	3	0	0	16	2	0	2	1
TCGA-E9-A22E-01	8	16	20	9	13	7	27	2	3	16	6	17
TCGA-E9-A22G-01	1	7	3	4	2	29	28	2	2	20	6	13
TCGA-E9-A22H-01	1	0	0	12	2	3	5	1	0	0	2	0
TCGA-E9-A243-01	4	8	9	3	5	10	19	4	11	0	5	11
TCGA-E9-A244-01	4	3	1	19	0	8	24	0	16	25	0	21
TCGA-E9-A245-01	0	0	0	0	3	1	0	4	1	3	0	11
TCGA-E9-A247-01	0	0	2	25	0	3	8	0	7	0	2	0
TCGA-E9-A248-01	4	1	0	12	1	3	0	0	2	1	1	3
TCGA-E9-A249-01	1	0	0	10	0	2	0	4	2	5	0	1
TCGA-E9-A24A-01	0	0	0	5	0	0	0	5	0	6	0	6
TCGA-E9-A295-01	1	1	4	30	5	0	0	11	0	16	0	41
TCGA-E9-A2JS-01	3	0	0	31	1	4	0	10	0	28	2	10
TCGA-E9-A2JT-01	10	6	10	0	0	0	0	0	0	0	0	2
TCGA-E9-A3HO-01	3	6	0	0	0	3	12	7	10	25	6	0
TCGA-E9-A3QA-01	8	9	14	0	0	0	14	8	2	3	4	0
TCGA-E9-A3X8-01	1	5	0	7	4	0	6	0	2	6	6	0
TCGA-E9-A54Y-01	10	0	10	14	10	3	0	0	0	7	0	4
TCGA-E9-A5FK-01	1	1	0	7	2	1	3	1	9	3	6	5
TCGA-E9-A5FL-01	6	12	13	6	4	11	23	12	15	25	0	6
TCGA-E9-A5UO-01	0	0	5	11	2	1	1	1	6	9	0	2
TCGA-E9-A6HE-01	0	0	0	8	5	2	0	1	4	2	0	0
TCGA-EW-A1IW-01	39	20	8	18	8	2	14	0	0	10	1	7
TCGA-EW-A1IX-01	9	10	8	0	5	0	0	0	6	0	4	0
TCGA-EW-A1IY-01	7	1	3	0	7	1	0	14	0	0	5	0
TCGA-EW-A1IZ-01	7	0	0	131	4	105	0	59	124	0	5	0
TCGA-EW-A1J1-01	0	0	0	8	0	0	2	3	0	5	3	2
TCGA-EW-A1J3-01	0	0	1	5	7	5	6	0	0	5	1	0
TCGA-EW-A1J5-01	185	131	102	0	112	0	0	0	0	0	10	0
TCGA-EW-A1J6-01	2	0	1	10	0	0	5	3	0	20	0	3
TCGA-EW-A1OV-01	51	27	7	6	28	0	5	9	1	6	0	0
TCGA-EW-A1OX-01	1	4	0	3	5	0	3	1	4	0	0	0
TCGA-EW-A1OZ-01	6	3	3	25	3	7	9	0	0	2	12	6
TCGA-EW-A1P0-01	0	0	3	1	0	4	0	4	5	9	0	2
TCGA-EW-A1P1-01	0	0	0	1	0	0	0	0	0	2	0	0
TCGA-EW-A1P3-01	1	0	1	7	4	2	0	0	0	11	2	0
TCGA-EW-A1P4-01	1	8	3	5	0	6	16	16	16	2	0	4
TCGA-EW-A1P5-01	0	1	0	11	0	1	0	0	3	0	0	4
TCGA-EW-A1P6-01	0	0	0	7	4	2	0	4	2	5	2	0
TCGA-EW-A1P7-01	0	0	0	0	0	0	9	0	8	2	0	0
TCGA-EW-A1P8-01	0	0	2	6	2	3	13	1	4	0	8	0
TCGA-EW-A1PA-01	1	3	0	3	4	3	8	15	0	0	3	1
TCGA-EW-A1PB-01	18	42	22	2	27	0	30	0	9	2	6	24
TCGA-EW-A1PD-01	5	9	4	0	2	5	24	0	13	0	22	9
TCGA-EW-A1PE-01	6	0	0	7	1	3	7	0	7	0	5	2
TCGA-EW-A1PG-01	0	0	0	1	2	2	0	6	0	0	0	0
TCGA-EW-A1PH-01	3	1	9	15	0	7	9	8	0	0	10	0
TCGA-EW-A2FR-01	4	8	0	11	6	2	1	0	0	9	10	3
TCGA-EW-A2FS-01	0	2	0	10	2	11	0	0	3	2	10	5
TCGA-EW-A2FV-01	1	0	0	1	0	2	0	16	3	4	5	0
TCGA-EW-A2FW-01	3	0	0	15	1	1	0	0	0	1	1	4
TCGA-EW-A423-01	8	11	0	21	9	8	11	0	4	0	16	0
TCGA-EW-A6S9-01	3	0	1	10	1	2	1	2	2	2	1	6
TCGA-EW-A6SA-01	9	8	0	14	4	3	7	17	25	5	18	13
TCGA-EW-A6SB-01	0	5	1	13	4	15	15	17	3	0	8	0
TCGA-EW-A6SC-01	7	0	0	4	1	6	0	0	11	6	4	0
TCGA-EW-A6SD-01	14	9	11	10	2	9	0	0	1	0	4	8
TCGA-GI-A2C8-01	8	13	5	18	0	8	36	0	11	29	4	16
TCGA-GM-A2D9-01	194	127	132	1	152	0	0	0	0	0	39	0
TCGA-GM-A2DA-01	2	6	0	8	3	0	0	14	7	0	0	5
TCGA-GM-A2DB-01	2	5	8	17	8	7	9	13	6	25	8	20
TCGA-GM-A2DC-01	0	0	0	11	2	0	0	0	0	14	0	0
TCGA-GM-A2DD-01	3	3	0	7	0	10	13	8	12	1	5	6
TCGA-GM-A2DF-01	1	3	4	13	4	2	7	3	4	9	3	0
TCGA-GM-A2DH-01	28	47	46	3	11	0	22	14	14	32	1	14
TCGA-GM-A2DI-01	24	22	8	0	7	0	0	18	0	0	12	0
TCGA-GM-A2DK-01	3	0	2	5	4	9	0	9	1	0	0	4
TCGA-GM-A2DL-01	6	3	1	8	3	0	0	4	0	1	7	16
TCGA-GM-A2DM-01	3	0	0	0	4	6	0	7	0	1	0	6
TCGA-GM-A2DN-01	2	0	0	4	2	2	1	1	0	0	7	0
TCGA-GM-A2DO-01	55	50	32	0	48	0	0	35	0	0	0	0
TCGA-GM-A3NW-01	14	15	27	13	13	0	0	0	0	0	13	0
TCGA-GM-A3XL-01	8	24	20	6	8	14	40	10	2	2	4	6
TCGA-GM-A4E0-01	0	0	0	9	2	1	0	11	4	6	0	1
TCGA-GM-A5PV-01	6	0	4	2	3	7	6	11	0	5	3	0
TCGA-GM-A5PX-01	5	3	0	9	2	6	1	2	4	8	2	0
TCGA-HN-A2NL-01	2	7	0	10	0	11	8	7	0	26	9	11
TCGA-HN-A2OB-01	2	0	3	4	0	0	0	3	6	1	0	0
TCGA-JL-A3YX-01	11	3	5	10	6	2	0	0	5	0	2	5
TCGA-LD-A66U-01	1	0	0	10	2	1	0	0	23	2	0	5
TCGA-LD-A74U-01	105	45	92	11	66	0	0	8	0	0	25	0
TCGA-LD-A7W5-01	7	5	7	14	3	0	0	9	17	1	2	0
TCGA-LD-A7W6-01	1	0	4	11	5	3	1	2	9	0	5	5
TCGA-LD-A9QF-01	1	2	0	11	0	2	5	9	0	4	5	0
TCGA-LL-A440-01	1	0	0	2	0	0	0	2	0	1	0	0
TCGA-LL-A50Y-01	1	0	0	13	6	8	0	0	8	5	2	0
TCGA-LL-A5YL-01	16	6	9	10	18	0	0	25	3	1	5	0
TCGA-LL-A5YM-01	0	3	0	8	6	1	3	0	9	0	10	0
TCGA-LL-A5YN-01	0	0	0	8	2	4	6	7	4	3	9	0
TCGA-LL-A5YO-01	3	8	10	1	1	5	11	1	8	0	5	8
TCGA-LL-A5YP-01	5	3	11	0	4	0	21	2	21	12	13	13
TCGA-LL-A6FP-01	10	3	0	3	4	2	0	13	10	5	17	8
TCGA-LL-A6FQ-01	3	0	1	24	4	7	0	1	4	13	11	1
TCGA-LL-A6FR-01	1	2	1	10	1	5	15	14	11	0	3	0
TCGA-LL-A73Y-01	25	50	61	0	16	8	0	25	8	0	0	0
TCGA-LL-A73Z-01	1	0	4	11	5	0	7	1	13	6	0	0
TCGA-LL-A740-01	5	1	0	12	3	7	5	0	12	8	14	1
TCGA-LL-A7SZ-01	6	2	2	13	3	9	0	18	10	0	3	9
TCGA-LL-A7T0-01	6	5	0	23	7	5	2	13	8	0	0	8
TCGA-LL-A8F5-01	1	8	23	11	18	26	43	9	7	42	8	4
TCGA-LL-A9Q3-01	8	0	0	17	3	7	12	8	6	2	4	1
TCGA-OK-A5Q2-01	4	2	0	6	1	0	0	28	2	0	0	0
TCGA-OL-A5D6-01	4	2	2	10	3	2	1	15	1	8	7	2
TCGA-OL-A5D7-01	5	5	8	11	3	7	19	0	6	9	4	3
TCGA-OL-A5D8-01	3	2	0	11	0	6	6	0	1	8	2	0
TCGA-OL-A5DA-01	21	23	12	4	10	1	0	34	0	0	9	0
TCGA-OL-A5RU-01	0	1	0	15	2	2	3	0	6	0	17	0
TCGA-OL-A5RV-01	0	0	0	5	0	0	4	4	4	0	0	0
TCGA-OL-A5RW-01	26	54	47	0	23	12	47	7	22	9	6	0
TCGA-OL-A5RX-01	1	2	0	11	0	6	2	7	4	0	0	2
TCGA-OL-A5RY-01	1	1	0	4	0	2	2	0	3	0	0	0
TCGA-OL-A5RZ-01	10	8	0	41	4	6	16	8	4	19	16	20
TCGA-OL-A5S0-01	3	1	3	14	4	3	7	4	5	0	0	0
TCGA-OL-A66H-01	0	0	0	4	2	1	9	0	5	1	3	2
TCGA-OL-A66I-01	1	3	0	11	3	4	11	5	0	0	18	0
TCGA-OL-A66J-01	5	0	6	17	7	10	0	0	6	7	4	6
TCGA-OL-A66K-01	1	0	3	18	6	0	5	0	10	0	4	0
TCGA-OL-A66L-01	29	17	5	10	20	6	6	1	0	0	0	0
TCGA-OL-A66N-01	1	1	0	20	1	5	0	8	7	7	8	0
TCGA-OL-A66O-01	1	1	0	12	0	4	5	1	5	6	3	0
TCGA-OL-A66P-01	1	1	1	9	7	16	16	13	11	20	4	24
TCGA-OL-A6VO-01	1	0	4	13	0	3	4	0	1	0	5	7
TCGA-OL-A6VQ-01	25	13	6	10	11	3	0	2	8	0	0	4
TCGA-OL-A6VR-01	1	0	0	4	0	0	1	0	10	0	0	1
TCGA-OL-A97C-01	1	0	4	12	0	7	11	0	19	0	13	3
TCGA-PE-A5DC-01	8	5	14	17	11	14	31	1	7	32	10	4
TCGA-PE-A5DD-01	17	10	12	14	17	3	0	1	0	8	3	0
TCGA-PE-A5DE-01	210	105	132	0	136	0	0	80	0	0	26	0
TCGA-PL-A8LV-01	12	8	49	6	7	13	21	1	3	14	6	15
TCGA-PL-A8LX-01	1	0	0	10	0	6	10	0	19	1	2	0
TCGA-PL-A8LY-01	0	0	0	0	0	3	0	0	4	0	0	0
TCGA-PL-A8LZ-01	9	0	1	6	17	6	16	6	8	44	15	8
TCGA-S3-A6ZF-01	2	3	4	25	0	0	1	0	0	13	1	3
TCGA-S3-A6ZG-01	1	0	3	9	6	3	2	32	4	0	0	0
TCGA-S3-A6ZH-01	1	0	2	12	6	1	8	7	6	0	0	2
TCGA-S3-AA0Z-01	10	6	0	16	0	8	0	0	2	22	2	11
TCGA-S3-AA10-01	7	11	10	6	7	9	57	0	14	13	16	0
TCGA-S3-AA11-01	1	1	0	2	7	6	3	10	14	14	18	20
TCGA-S3-AA12-01	3	3	0	12	4	3	0	6	0	25	4	0
TCGA-S3-AA14-01	2	3	0	10	1	0	5	0	3	0	0	0
TCGA-S3-AA15-01	9	10	19	3	10	0	3	3	0	0	3	0
TCGA-S3-AA17-01	7	9	10	7	3	12	23	25	18	26	0	1
TCGA-UL-AAZ6-01	8	12	0	6	3	8	15	11	37	16	8	16
TCGA-UU-A93S-01	5	7	12	20	15	12	33	0	16	45	10	21
TCGA-V7-A7HQ-01	1	2	6	5	0	0	10	0	0	5	2	0
TCGA-W8-A86G-01	1	1	0	7	1	1	0	3	12	7	2	0
TCGA-WT-AB41-01	16	0	4	8	7	0	3	7	12	1	3	1
TCGA-WT-AB44-01	0	0	0	20	4	4	2	0	10	5	4	11
TCGA-XX-A899-01	14	7	2	0	8	0	0	22	2	0	5	0
TCGA-XX-A89A-01	41	63	86	3	20	0	0	22	0	0	30	0
TCGA-Z7-A8R5-01	1	0	1	19	0	1	0	0	4	7	0	1
TCGA-Z7-A8R6-01	26	15	9	12	13	1	0	10	12	0	6	3
