MutationType	SBS96A	SBS96B	SBS96C	SBS96D	SBS96E	SBS96F	SBS96G	SBS96H	SBS96I	SBS96J	SBS96K	SBS96L	SBS96M
A[C>A]A	0.0008462439526093927	0.008231280327618353	0.009947457816451788	0.0394465159624815	0.02574019804596901	0.0049094937646262824	0.013017467991448938	0.03179062288254499	0.013513265550136567	0.006675028800964355	0.03162839971482754	0.015930738300085068	0.006971863470971585
A[C>A]C	0.0007837381759600248	4.8853473799681525e-08	0.009169714758172631	0.014271250180900096	0.016647475026547908	0.015097155328840017	0.008010819994854045	0.0	0.02883048951625824	0.00940346099960152	0.00977302622050047	0.01077259556129917	0.0160970252007246
A[C>A]G	0.00040344203007407485	0.0038272998765933154	0.002580306213349104	0.007243627682328224	0.003572338353842497	0.002077230137825876	0.00917046908289194	0.0006120870355516672	0.0026442987523466856	0.0062126936350125565	0.011232835743817305	0.0018434571102261543	1.4029193380338255e-07
A[C>A]T	0.0005450014679695414	0.005386656874072631	0.016790166683495044	0.026936357095837592	0.015308155119419098	0.006449060887098313	0.009685312910005451	0.01484463531523943	1.7363041706630611e-07	0.00764329229709233	0.014325751457363367	0.005177771416205701	0.031047945469617845
A[C>G]A	0.0018296520691365003	0.003068027924746275	0.0039195633512231435	0.016415630280971528	0.014808329101651908	0.004902420657321471	0.012517226859927177	0.014196849055588245	0.009616448172238515	0.009014107193797827	0.010860487166792155	0.014346207398921252	0.009083940461277962
A[C>G]C	0.002155280625447631	2.7284988490751206e-27	0.012531986413523554	0.007725744004666744	0.008025212585926056	0.0072106985375285145	0.018778764270697225	0.005551187130913604	0.015109147434861825	0.0032264315145312137	1.1270066170254723e-05	0.0018032988027897544	1.1115745337519912e-07
A[C>G]G	0.0009869905654340983	8.967845985807798e-08	0.0038126848987303672	0.013724607415497303	0.004728084150701761	0.0048662214539945126	0.012621083235728747	3.8000692370587785e-08	0.001295779940301145	0.004165079700453589	0.0029245966642065468	0.001971986315123786	6.580581839443766e-08
A[C>G]T	0.0014695994323119521	0.002223003079922137	0.0032887245528399945	0.01612840643739446	0.048977354913949965	0.020659466832876207	0.011482688039541245	0.0146058120073576	0.0026680191214154547	0.008312021940946579	0.009676141664385796	0.013920667208731174	0.019599258046446265
A[C>T]A	0.005771499872207641	0.00434610927477479	0.003943247115239501	0.013572711613960564	0.009700299240648746	0.028534158319234847	0.011697199198203403	0.024478224851191045	0.011713827198777338	0.010426629893481731	0.003215724229812622	0.014112403895705939	0.013083669543266296
A[C>T]C	0.0016355309702817066	0.004833748238161207	0.01818638779222965	0.010131260752677918	0.01307275788858533	0.006910783052444458	0.010316318041638675	0.0021191548090428113	0.009735107421875	0.009088105615228414	0.015094313956797122	0.008252275246195494	0.014395630080252885
A[C>T]G	0.0015483326278639066	0.030480881780385972	0.013015415193610736	0.027978123724460603	0.024048740323632956	0.01714680745790247	0.0734287116676569	0.03297384232282639	0.053307299688458445	0.05691317096352577	0.029342618212103842	0.03726729843765497	0.03330176407471299
A[C>T]T	0.00042513837106536635	0.0035870177541772463	0.009967307513579726	0.015834983717650176	0.00494045983068645	0.007062640599897562	0.005402052480349084	0.026295055449008942	0.007187106274068355	0.02149102035909891	0.004925678334348049	0.014632768556475639	0.017859757132828235
A[T>A]A	0.000725499726831913	6.506663003599811e-08	0.008261436317116021	1.5224920844048028e-07	0.003080506203696132	0.0020220804028213022	0.0039402256259867	0.003121247350645717	0.00046592179378137646	0.0053981362842023374	0.0022503670673927447	0.006461741589009762	0.005600086953870686
A[T>A]C	0.000729089172091335	0.00303833673650408	0.006229855446144938	0.00898108147084713	0.0012458469020202756	0.005092399252430368	0.007386769726872444	0.0030301347374916076	0.01236269176006317	0.02272732667625159	0.004571542062330991	0.000939443022815567	0.00938532022975096
A[T>A]G	0.0003898247770848684	3.76309289102736e-08	0.014683745987713336	0.013667171541601419	0.0	0.015923993475735188	0.0035260415697848657	0.006664349883794785	0.0014316231546331437	0.004545613335398002	0.013374490197747946	0.008977859975738056	0.012483316846191883
A[T>A]T	0.0	0.0029661077074706554	0.008491294272243977	0.006633338145911693	0.004913559695705771	0.0019610174000263213	0.0024700205773115157	0.010371353132927655	0.0031996508244901633	0.015094410488381982	0.007356253118462064	0.02661431785672903	0.011444509502757683
A[T>C]A	0.000812284975630223	2.414738946304277e-36	0.018977347202599047	0.008830069238319993	0.0018817622680217029	0.013801539503037929	0.009104101685807154	0.009129141491423187	0.0020043356643100196	0.014913867041468621	0.032420082576572896	0.01664818460121751	0.013916214928030968
A[T>C]C	0.0023383592255413533	0.001079603568248183	0.017864678427577017	0.008086802953221195	0.011167909065261484	0.012473410461097956	0.005985161103308201	0.0008495504938764497	0.000659530150347365	0.012895932239422337	0.006088844054420406	0.0005415561603313538	0.007037991005927324
A[T>C]G	0.001154957350809127	0.006272565294057134	0.006338884448632598	0.01654711291193962	0.014523506257683038	0.008377730450592934	0.011408409103751183	0.004399685631506145	0.016418550070375203	0.02212991636552033	0.01441676877439022	0.005429407022893429	0.012209821189753712
A[T>C]T	0.0008299771664511235	0.005748756072716787	0.016425695084035397	0.017110422533005477	0.0011078451066524053	0.01854498768225312	0.0070394953712821	0.0029333958402276037	0.00010723771047668049	0.005233083932887439	0.01676672212779522	0.012556935660541058	0.02453926969319582
A[T>G]A	0.00010415813594590872	6.255405651245383e-08	0.006155258044600487	0.0022177678532898427	0.006147028871441762	0.0004903633387357331	0.005653932527638972	0.017174885701388122	0.008458606247359057	0.0035807581018059303	0.012156394267162796	0.0009448899056735627	0.005902209971100092
A[T>G]C	0.00043308587046340106	3.043090348039318e-12	0.0048351386096328495	0.006883415609613053	0.002758469153195622	0.0022283311158389552	0.0012990392624487868	0.0017795800464227795	0.0008298354962233745	0.0020226617727303166	0.0014561675982122323	0.0008060974642830843	0.0012472981249175064
A[T>G]G	0.0003668964141979814	2.2166240087884147e-08	0.007038289168849588	0.0022041359973172803	0.01785192172974348	0.005104830441996455	0.013103422955850874	0.006820277869701385	2.4449984721286454e-07	0.008329379907252132	7.757689672871493e-08	0.0019062546082836973	2.503593236724555e-07
A[T>G]T	0.001104671641951427	1.137430842845788e-07	0.011787134688347578	0.0	0.0022763740620575846	0.013069461565464735	0.0011121513321995734	0.006612404010957107	0.008341564238071442	0.003976433371528287	0.0012220904668367894	0.003966747387312353	0.004655147157609463
C[C>A]A	0.001102136413101107	1.3936372189506226e-25	0.010157269425690205	0.014960793592035771	0.011182811670005321	0.015253636799752713	0.009418823756277561	0.019729385274695234	0.014020227454602718	0.01469382549878866	0.015441440884023905	0.016593751776963473	0.027546896412968636
C[C>A]C	0.0005996466614312017	0.0011941883456330516	0.033501383289694785	0.005407100778984386	0.01841726587153971	0.009534380957484245	0.007895954382155424	0.0027785469777891836	1.4047634759650761e-06	0.0013361178909690353	0.014057613909244537	0.02090155323034395	0.011222756343113361
C[C>A]G	0.0009614280425118405	0.002732504904270172	0.0017914263531565665	0.0023885069512388666	0.014959579054266214	0.0009605064522475004	0.002719328370767471	0.0002421248849714175	0.003138672343084181	0.0005570674031252762	0.004810591515638407	0.0031618956010788677	4.22914769160343e-07
C[C>A]T	0.0011621197685599328	2.0216797509964201e-38	0.0367466926574707	0.017335887998342514	0.025975034199655057	0.006996781192719936	0.016670814715325832	0.009909336428972893	0.016180764231830836	0.0022488227834358554	0.013404387608170509	0.01506167920306325	0.009159123618155718
C[C>G]A	0.006552698090672493	6.137938347576132e-28	0.0036266626557335258	0.017297716997563838	0.01752703795209527	0.00491013927385211	0.012570690603172351	0.0026464366286631956	0.0019284868675348808	1.1254219393075359e-07	0.007174250551122441	0.01467404905706644	0.011590192327275872
C[C>G]C	0.0009986605495214463	1.016000283016183e-07	0.006226842943578959	0.02081410783894171	0.011661732755601405	0.009565931880706558	0.005751426378265023	0.012517014995682984	0.005106605013008902	0.014039226388848646	0.00794623338231304	0.005413983948528767	0.0014849835838248282
C[C>G]G	0.0019646635628305376	2.4742290438354046e-07	0.0005035587586462497	0.0011202212503917508	0.023470842838287355	0.006195150654275494	0.009728839341551065	7.433036444126629e-08	0.00440250560841946	0.005742549882941717	0.004531767684966326	0.005738448910415172	5.2500246283671e-08
C[C>G]T	0.007240259181708097	4.662020103296527e-08	0.01739354394376278	0.007998636271804572	0.012780348397791385	0.020665612444281577	0.01109795244410634	0.006980994716286659	0.02398429811000824	0.0030096239710800886	0.003244302421808243	0.023221366107463837	0.010310528799891472
C[C>T]A	0.013839086331427098	0.003798216488212347	0.016658452339470387	0.002414462482556701	0.017350890301167966	0.01578025836497545	0.0053070738911628725	0.020899338833987712	0.016517235152014108	0.033629700727760795	0.015792859182693065	0.007520471140742314	0.019182648975402117
C[C>T]C	0.007025089301168919	5.182952252601701e-16	0.017587020853534342	0.010407241387292742	0.012204343546181917	0.010332649666815996	0.004048692062497139	0.002602051199903599	0.004027783247317984	0.006146917707519605	0.016730178617945058	0.01336196567863226	0.0353815745562315
C[C>T]G	0.007494663260877133	0.021809614077210427	0.0026953783351927997	0.015677589178085326	0.010069371527060866	0.03479144424200113	0.02565356269478798	0.0	0.06613107100129127	0.04933243244886398	0.01187957338988781	0.02305742781609297	0.011474117543548346
C[C>T]T	0.007017796812579036	0.004819076865087519	0.011537102656438947	0.02576468773186207	0.003759323099802714	0.01632153233513236	0.016071932017803194	0.02652815040200949	0.005135108623653651	0.021791314147412776	0.021643266431055963	0.029126493632793425	0.023778997361660004
C[T>A]A	0.0003762592270504683	0.000937637935083322	0.00019912132993340492	0.006385708274319768	0.006983700580894947	0.0004905889085080161	0.005319291679188609	0.00756331835873425	0.0019042228229409375	0.0024668950250656962	0.002831320867480258	0.00439285594236785	0.004204314232121531
C[T>A]C	0.0004249266756232828	0.0010129830612783052	0.014281904976814985	0.00894719958305359	0.02040450070053339	0.0045288899447768925	0.00497593441978097	0.009690697654150426	2.684567334654275e-07	0.0006496535575251982	0.003873739670962095	0.004828152252395542	0.01399216689169407
C[T>A]G	0.0007525283144786954	2.252911599498475e-08	0.013840041775256395	0.003904211521148682	0.020698856096714735	0.009512718755286188	0.006925252452492714	0.006214306912755774	0.02849934846162796	0.009708764031529427	0.0016259390860795975	0.005947832902893424	0.0014883968902154265
C[T>A]T	0.0	3.9976720245249454e-08	0.007943175407126546	0.006117190964914698	0.0011607497930526734	0.0070234773680567745	8.526797614649695e-08	0.0019595162581737212	0.015880887722596528	0.006671688506742157	0.0053301099538657585	0.013267383445054293	0.008252407931445304
C[T>C]A	0.0006570556317456067	7.803975563547571e-08	0.0012185977771878242	0.0007852736627683044	0.004026265209540724	0.0030203026397146006	0.003132073674350977	0.004458479979075491	0.0031532263488770695	0.0049018494784832	0.00824613282456994	0.0073288391344249245	0.0020382065791636705
C[T>C]C	0.0006279825698584318	1.1143876728943324e-33	0.0073095796629786495	0.014199630830444222	0.006474931398406625	0.011507385084405542	0.0065402016043663025	0.003500494733452797	0.006323300502140227	0.005151031256052363	0.01253271559253335	0.01655719941481948	0.014352861791849136
C[T>C]G	0.0015151945990510285	6.575567823574602e-09	0.015759284049272536	0.021046204678715586	0.021954975463449954	0.0025673717260360717	0.006998664233833551	0.014714624228099637	0.0016680990129316342	5.5744828841852724e-08	0.015914048239864087	0.0058760162442922596	0.000583577761426568
C[T>C]T	0.0005908195627853275	0.0005093138447016226	0.01710273139178753	0.018217695225030184	0.003667078632861376	0.0038017956539988518	0.005379181182195225	0.0062416008856871485	0.008451772281887315	0.007545144351195176	0.005495051905944593	0.0033674037083983423	0.014848731784150004
C[T>G]A	0.0	1.186447661893908e-07	0.0	0.0022397606360755164	0.005506219156086445	0.0012706356415947083	0.0012061160989105702	0.005875416992665805	0.005350573955502114	5.8740891972774986e-08	0.0017246939576466501	0.00336601788721822	0.0007208455205955034
C[T>G]C	0.0006819631676933113	0.0020680478325431294	0.004552976926788688	0.00259195719845593	0.007363352086395025	0.0005932952743023634	0.012581912521272897	0.007368530128073303	0.004541917558890418	0.006779548902888547	0.006418425869196653	0.005908981943503022	0.013377625402080661
C[T>G]G	0.0012943766661919654	4.17746157665988e-09	0.011691224668174982	0.014012144692242146	0.013695230521261693	0.010914215166121722	0.014379531517624855	0.009207803942263126	0.001258319526618834	0.015849384292960168	0.008327597071246372	0.008084362559020519	0.009075435623526574
C[T>G]T	0.0	0.0	0.015467252861708403	0.006572736054658889	0.007578834192827344	0.004986120760440827	0.0007037742946295111	0.01061825007200241	0.007931317161472861	0.00538794521837076	0.009863883692707987	0.008346948632970452	0.014249147661030293
G[C>A]A	0.0020040146773681045	0.0036134776193648575	0.016152322106063367	0.009728776896372438	0.007344848057255149	0.00850813565775752	0.010017102118581533	0.008672606572508812	0.022108382917940615	0.005499077178319567	0.003938409499824047	0.009636911004781723	0.01233033388853073
G[C>A]C	0.001139192830305547	0.0028179568238558815	0.015516780503094196	0.025183657370507716	0.010055471025407315	0.004700790531933308	0.00978152323514223	0.010905945487320424	0.0035216031761137858	0.00914938716149436	0.012909970240741586	0.0073353003710508345	0.013692085817456245
G[C>A]G	0.0017690060019958764	0.0019434923746302958	0.0	0.0003406531443260974	0.005177693208679557	0.0033348649740219116	4.62365221677325e-08	0.009319454624210266	0.00368042625268572	0.0007232816889882088	0.004867735163398379	0.002523034065961838	0.011857888894155622
G[C>A]T	0.0005198509315960114	0.005217115955917962	0.019689774513244628	0.0038879655301570894	0.007824630476534367	0.01188375628553331	0.00468066687872124	0.0039837990887463095	0.003294364720647991	0.011541273910552312	0.008717027259990573	0.011468412540853023	0.012653423100709915
G[C>G]A	0.003271438623778522	0.0017641082732097856	0.01249401793402285	0.013285718392580748	0.015398050751537084	0.007498911302536726	0.005611323493440068	0.007353171967566583	0.0018869521096348762	0.0027799599165518885	0.0	0.004493282549083233	0.0023443251848230076
G[C>G]C	0.0008877078566001728	8.341175899317931e-07	0.012889102101325989	0.008315598731860519	0.004743261309340596	0.012804530002176762	0.00046529644168913364	0.004557113256305456	0.005147361549791185	0.006819675955921411	0.009169997428807619	0.003020100342109799	0.004324002750217914
G[C>G]G	0.0020077482797205446	1.6241292470908776e-07	0.0006655383273027837	0.00037404026370495557	0.010643267165869474	3.740144336461526e-08	0.000601214584344234	6.02317178731937e-05	3.3393403668924294e-07	0.0034626075997948647	0.00419821824864357	0.0027978774160146713	4.784573093274958e-07
G[C>G]T	0.0016169142443686988	0.0051483969348339546	0.01098769623786211	0.015733154560439288	0.01941946689039469	0.013611320033669471	0.01370703699067235	0.0020265405531972648	6.047943236353603e-06	0.012884837487035838	0.007774205878376961	0.013200105277144302	0.014421280473470688
G[C>T]A	0.008810477238148451	1.4769243003668845e-38	0.010216366220265626	0.010627984441816807	0.023107560281641782	0.00307904239743948	0.013065865915268659	0.02495791092514992	0.013144919276237487	0.01238366448197219	0.028212462738156318	0.017404396273195743	0.01607293337583542
G[C>T]C	0.002876896085217595	0.002177619236159245	0.013274029456079006	0.009031306114047765	0.007343657733872533	0.012026359885931015	0.01105344109237194	0.02012257855385542	0.011714304611086846	0.013575158547610044	0.015516727138310671	0.012402399815618992	1.1675476691554685e-21
G[C>T]G	0.005939078891289378	0.022037145122885703	0.003869873433188076	0.013624656759202481	0.010992800217309195	0.01825296171054879	0.040245343931019306	0.00042398739606142044	0.043083662167191505	0.07831980213522911	0.02349398263608009	0.026267749536782504	0.041074521467089654
G[C>T]T	0.004410546301888285	0.007563251676037908	0.014078071154654027	0.0015971121611073613	0.007159632071852684	0.021931694634258748	1.8136835933546535e-06	0.008505003619939088	0.006266068846366579	0.010840945970267057	0.0057790926137386124	0.02216351768001914	0.01534631386834151
G[T>A]A	0.000269794138148427	0.0014439617192039123	0.00632757511921227	0.009554661018773914	0.005438965559005737	0.0010616257321089506	1.744122641866852e-07	0.0007252034964039921	0.007361427815612842	0.0008835794404149055	0.012057807110249997	0.0042945850174874066	0.0005333655597723919
G[T>A]C	0.0	3.699924207012373e-08	0.007250323239713907	0.0027468437794595955	0.004098862985847518	0.002135361731052399	0.003170023299753666	0.0021553164416900474	0.002268739012254173	0.006870516201638565	5.957873327133711e-07	0.007972092736235937	0.0022811918472541493
G[T>A]G	0.000900519460265059	0.0013874921994319373	0.008205943508073688	0.005386368185281753	0.018936110101640223	0.009891746658831834	0.0021037599592489188	0.0030563864391297104	3.7718742760262105e-07	0.0028937580973433796	0.005219101253243252	0.0036950082826933796	5.154542668606154e-06
G[T>A]T	5.4071057820692656e-05	0.0011534850345924497	0.01170299230143428	0.009208190061985987	0.0037044800817966463	0.002526568993926048	0.006590523934596604	0.006043829303234815	0.0055223498493433	0.0015173335883616802	1.716213830604829e-07	0.008962193218974335	0.005370239541571209
G[T>C]A	3.1308861798606814e-05	0.0037346238270401953	0.009904381050728262	0.015014897473156453	0.010170432925224304	0.00829925825819373	0.00677831107750535	0.012579549849033356	0.0010423148167319595	0.02471560798748352	0.002940372522425605	0.011472578067332507	0.005888764094561338
G[T>C]C	0.0005097923334687948	0.0038396483010728843	0.0022707068361341952	0.011799316108226775	0.01588364582747028	0.003526199050247669	0.006440465583000332	0.0021242696791887285	0.003359728492796421	0.0017524548806250096	0.007833100855350494	0.006396425130917293	0.005516445636749268
G[T>C]G	0.00020323722419561817	0.0012436000902766864	0.0005730429198592901	0.0045866884756833315	0.0013397026807069779	0.0031739178113639353	0.005166249722242356	2.0182762661136167e-07	0.002466740995203054	0.020642439275979994	0.006311859283596277	0.007055149972438812	0.0008023548871278763
G[T>C]T	0.0003226457512937486	0.0014895427972078322	0.0048768187407404184	0.0035205481108278036	0.005686557610977161	0.011192044429481029	0.0029162200167775153	0.014353252340208655	0.020627903752028942	0.0037877639289945362	0.020170997096704467	0.008143014274537563	0.016137842647731306
G[T>G]A	0.0	5.575908517130301e-08	0.0006764574907720089	0.005730215786024928	0.004527711682021618	0.00394726133064296	0.00227628176678536	0.013258050754666328	0.019892521388828754	3.8289281434344956e-08	0.002415250292563096	0.006506798602640629	0.002278802857586015
G[T>G]C	3.83358885457683e-05	0.004083303036168218	0.0030168534841720886	0.0033685652064605167	0.0014716192296475583	0.0021440941840410233	0.005819096323102712	0.0016454803904377257	0.0006294085816762162	0.0010398572882195367	0.0011807005436708096	0.002740873908624053	0.0036712598203791913
G[T>G]G	0.0011846110806800424	0.00361394751816988	0.011297402065247297	0.013287314958870412	0.0045588976237922905	0.009885690454393626	0.0014775704592466354	0.00991229738574475	2.1330463369189384e-07	0.006317352410405874	0.0009911644273469847	0.005638144724071026	0.017699836939573287
G[T>G]T	0.0002926043584011495	0.0018667772645130753	0.006048580858259811	0.00415121726691723	0.0048686245530007	0.006660046800971031	2.7507596978055558e-30	0.012673224322497845	0.0024783283472061155	0.0008868967287753548	0.010185644616797163	0.008168781198560283	0.005357273462504963
T[C>A]A	0.03044888228178024	0.013295940724515277	0.029648644756525754	0.008189491834493032	0.0160623611882329	0.02394239231944084	0.028337156772613524	0.011349295219509847	0.014091398939490319	0.00540808979421854	0.019219215165381342	0.021879493072628976	0.012300087604671717
T[C>A]C	0.01615647878497839	0.013318645934515283	0.012292914445863366	0.025422162003815175	0.00544498348608613	0.012470035813748837	0.031038543768227102	0.03283215370029211	0.0011914791073650121	0.020584967127101957	0.01378261037170887	0.020849820971488953	0.0001482237739537595
T[C>A]G	0.004717095987871289	0.0022537192679010333	0.0055491777136921884	0.0016059689223766327	1.1917466054001125e-07	0.002873892616480589	0.0082117644043592	0.0005740475375205278	0.0031925533304644647	0.002863530700460615	0.0017064625902094121	0.012056022696197034	0.011740281979984956
T[C>A]T	0.011547076888382435	0.022570458613336085	0.042434995621442796	0.005367177817970514	0.011635179212316871	0.02927115950733423	0.03430034294724464	0.0064335187897086145	0.013043370842933655	0.015621594339609145	0.007957107946276664	0.008488374109583674	0.036170953139662745
T[C>G]A	0.12189348638057709	0.1528884068131447	0.005640915222465992	0.004133118363824906	1.33391534581106e-14	0.04237581193447113	0.013070315313840689	0.05101987197995186	0.026193710789084453	0.008623214904218912	0.02596877347677946	0.00742662213742733	0.0002875553211197257
T[C>G]C	0.042858251929283143	0.03175579719245434	0.0068066197743885445	0.01017832439392805	0.02423984818160534	0.010417184897237619	0.03862604945898056	0.06100658066570759	0.008725315611809493	0.019550094931400964	0.03300447934307158	0.01942198465422248	0.014008022844791412
T[C>G]G	0.013712777756154537	0.006720958603546023	0.0046365896705538034	0.0022626783698797286	0.002980733406729996	0.005320497036200323	0.008102516015060245	0.006336160935461521	2.368221567897891e-18	0.002330023469403386	0.007627377845346927	3.4862848679040327e-07	1.9618178500547438e-45
T[C>G]T	0.16649584770202636	0.17308499217033385	0.03397947493940592	0.014207081997301429	0.00940262693911791	0.06037336231769199	0.06655054539442062	0.03717355094850063	0.01254392061382532	0.018718168092891573	0.04172685779631138	0.02179023167800818	0.02294455412775278
T[C>T]A	0.21502710580825807	0.1776249200105667	0.01681070923805237	0.012661931733600796	0.005338754753825073	0.039603324607014656	0.019103992450982606	0.022143174055963756	0.05086592733860016	0.030825778727830766	0.033550602942705156	0.018410188223514777	0.0331212367885925
T[C>T]C	0.06656716018915176	0.05557689294219017	0.018490427173674107	0.014464117214083671	0.014968402311205864	0.04036015551537275	0.008943421300500631	0.016997588239610194	0.04358107186853886	0.027217605151236057	0.018930387683212757	0.024141019652597608	0.019598179776221514
T[C>T]G	0.06870954260230064	0.037268870137631895	0.011014741228791536	0.006640348230075711	0.01858160348136581	0.02855390775948763	0.03538301177322865	0.01907828338444233	0.03695798460394144	0.008782138604237844	0.01618538247421384	0.02445994280278683	0.025228899595094844
T[C>T]T	0.10639040619134903	0.10014759749174118	0.012358412356115877	0.03845154717564583	0.002766317711211741	0.02817493360489607	0.01781713147647679	0.014336827211081982	0.027777886018172847	0.02007410079240799	0.0407704290933907	0.03252731375396252	0.03999241758137941
T[T>A]A	0.0006377968325978145	0.0015743372961878777	0.006908007059246301	0.0013103467412292958	0.0019616717443568634	0.005664225621148944	0.01743701957166195	0.01574199628084898	0.013920399360358715	0.025780906528234483	0.004367755110797589	0.00654509644956866	0.015784776024520396
T[T>A]C	0.0004942076280713082	0.0030210578581318258	0.01333967987447977	0.003936521033756435	0.02176629900932312	0.0010383327744193593	0.0033429925329983234	0.002575270413563402	0.012396853044629097	0.0006269244813893238	0.007219377066940069	0.0021073867566883562	0.0
T[T>A]G	0.0010809990693815053	8.386276564161505e-09	0.0070659141056239605	0.010796795133501291	0.00812193201854825	0.0	0.006354586035013199	0.0022210332009876765	0.006214805925264954	0.012472445936873555	0.009905975684523583	0.009625408984720706	0.003298622354509462
T[T>A]T	0.0004037461563711986	0.00096578784287913	0.019785218592733144	0.004297950817272067	0.016712850658223033	0.010193653218448163	0.004989640739461265	0.013215535519520927	0.0023472419090921903	0.00262807829772953	0.002225720789283514	0.004928043112158775	0.004507708549499512
T[T>C]A	0.0	0.0	0.006057853065431118	0.0024454268568661064	0.008506165351718664	0.006128717213869095	0.004180223122239113	0.0044648780138231816	0.023183164732836305	0.0042166317490227815	0.008722315172548178	0.00394912733845274	0.0012615761890970134
T[T>C]C	3.132968267891556e-05	0.0026031287387013437	0.0022348509170114993	0.014187127631157637	0.020272625610232353	0.006356334500014782	0.00787360523827374	0.012700087996199727	0.007607563835767906	0.015420039184391499	0.011417154109548733	0.006139595620334148	0.001802391244939372
T[T>C]G	0.0009084007004275918	0.002220762491952881	0.0028266386594623326	0.0068327370565384625	5.9510409755603175e-08	0.0015287287067621946	0.006664661131799221	0.01681889407336712	0.0012577106050571274	0.0006991167310843593	0.006804884096010255	0.006114319137770963	1.7289058860114891e-07
T[T>C]T	0.00011187795316800476	0.002995278313755989	0.01197477588430047	0.011578849097713829	0.020301588997244834	0.0070621554739773275	0.009803226124495268	0.014471995644271374	0.033529268205165864	0.008701204368844629	0.012983004595082549	0.011284444760531188	0.002031098920880936
T[T>G]A	0.0011020815814845263	3.281467423257456e-29	0.0017194319516420364	0.012617523502571476	0.009663893282413483	0.00517290411517024	0.00595346179329681	0.007314030872657895	0.005355090089142323	0.000646324653831698	0.0046908075431701945	0.008914540801197291	1.9553556853679766e-07
T[T>G]C	0.0007127190008759498	2.724081296700325e-07	0.001201864890754223	0.010413054097443818	0.0035606693476438523	0.001964317820966244	0.00517515167593956	0.009557555057108402	0.0015420996133116206	0.00013593826370197348	0.0034170289493658857	0.005161244704186174	0.001722112949937582
T[T>G]G	0.0	0.0	0.017176061030477287	0.012146430206485093	0.005264860717579723	0.005825055390596389	6.090961051086196e-08	4.793582727700141e-05	0.005633612610711225	0.007054558760171403	6.182854747294186e-07	0.0034295178949832915	0.0018294250809081092
T[T>G]T	0.0006642965163337067	6.525762614728592e-08	0.0060285157058388	0.0185904111713171	0.0071530165325384585	0.006811534101143479	0.0035371755249798296	0.00957433870062232	0.013904960546642541	0.010672945458190952	3.096736236329889e-07	0.01566127436235547	0.014382792636752129
