MutationType	DBS78A	DBS78B	DBS78C	DBS78D	DBS78E	DBS78F	DBS78G	DBS78H	DBS78I	DBS78J	DBS78K	DBS78L	DBS78M
AC>CA	3.51E-06	1.36E-06	4.99E-06	1.24E-05	4.67E-06	6.32E-02	6.47E-06	5.70E-02	1.16E-04	1.02E-05	6.01E-06	7.52E-07	1.20E-05
AC>CG	7.84E-06	8.97E-07	7.38E-06	7.27E-07	8.17E-06	2.60E-06	1.16E-05	4.26E-06	1.38E-04	1.00E-05	3.31E-06	1.21E-08	6.38E-06
AC>CT	7.73E-06	6.54E-07	7.38E-06	7.26E-07	8.17E-06	2.40E-06	1.16E-05	4.26E-06	1.31E-04	1.00E-05	3.31E-06	1.15E-08	6.38E-06
AC>GA	7.82E-06	2.15E-06	7.38E-06	7.27E-07	8.17E-06	3.67E-06	1.16E-05	4.26E-06	1.36E-04	1.00E-05	3.31E-06	1.19E-08	6.38E-06
AC>GG	5.91E-06	5.02E-06	9.39E-06	1.78E-05	9.62E-06	3.84E-06	1.05E-01	9.97E-02	1.55E-04	1.83E-05	4.98E-02	1.83E-05	1.71E-05
AC>GT	7.60E-06	2.51E-06	7.38E-06	7.25E-07	8.17E-06	3.99E-06	1.16E-05	4.26E-06	1.23E-04	1.00E-05	3.31E-06	1.07E-08	6.38E-06
AC>TA	7.25E-06	1.51E-06	7.38E-06	7.22E-07	8.17E-06	3.13E-06	1.16E-05	4.26E-06	1.01E-04	1.00E-05	3.31E-06	8.65E-09	6.38E-06
AC>TG	6.99E-06	1.40E-06	7.38E-06	7.20E-07	8.17E-06	3.03E-06	1.16E-05	4.26E-06	8.05E-05	1.00E-05	3.31E-06	6.85E-09	6.38E-06
AC>TT	9.97E-02	1.50E-06	9.65E-02	6.34E-06	7.79E-06	9.21E-07	1.52E-05	8.87E-06	4.95E-06	9.73E-06	3.41E-06	1.46E-05	9.94E-02
AT>CA	7.02E-06	5.24E-07	7.38E-06	7.20E-07	8.17E-06	2.28E-06	1.16E-05	4.26E-06	8.25E-05	1.00E-05	3.31E-06	7.09E-09	6.38E-06
AT>CC	7.33E-06	2.09E-06	7.38E-06	7.23E-07	8.17E-06	3.62E-06	1.16E-05	4.26E-06	1.06E-04	1.00E-05	3.31E-06	9.08E-09	6.38E-06
AT>CG	7.24E-06	1.23E-06	7.38E-06	7.22E-07	8.17E-06	2.89E-06	1.16E-05	4.26E-06	9.99E-05	1.00E-05	3.31E-06	8.62E-09	6.38E-06
AT>GA	7.27E-06	1.48E-08	7.38E-06	7.22E-07	8.17E-06	1.85E-06	1.16E-05	4.26E-06	1.02E-04	1.00E-05	3.31E-06	8.88E-09	6.38E-06
AT>GC	6.83E-06	6.33E-07	7.38E-06	7.17E-07	8.17E-06	2.38E-06	1.16E-05	4.26E-06	6.56E-05	1.00E-05	3.31E-06	5.55E-09	6.38E-06
AT>TA	6.90E-06	2.13E-06	7.38E-06	7.19E-07	8.17E-06	3.65E-06	1.16E-05	4.26E-06	7.28E-05	1.00E-05	3.31E-06	6.10E-09	6.38E-06
CC>AA	8.63E-02	3.21E-06	9.33E-02	9.06E-06	4.98E-02	1.09E-01	1.08E-05	7.57E-06	4.69E-02	1.60E-05	9.08E-06	1.04E-05	1.85E-05
CC>AG	8.85E-06	4.68E-06	7.30E-06	2.10E-05	3.23E-06	1.36E-06	1.03E-05	1.06E-05	5.89E-06	1.43E-05	1.09E-05	9.93E-02	1.77E-05
CC>AT	7.22E-02	5.20E-12	9.02E-06	5.68E-06	6.37E-06	3.99E-06	1.61E-05	5.60E-06	7.54E-05	9.77E-06	2.01E-06	3.96E-07	9.13E-06
CC>GA	7.10E-06	7.93E-07	7.38E-06	7.20E-07	8.17E-06	2.51E-06	1.16E-05	4.26E-06	8.92E-05	1.00E-05	3.31E-06	7.67E-09	6.38E-06
CC>GG	7.46E-06	1.61E-06	7.38E-06	7.24E-07	8.17E-06	3.21E-06	1.16E-05	4.26E-06	1.14E-04	1.00E-05	3.31E-06	9.91E-09	6.38E-06
CC>GT	2.69E-06	6.46E-07	9.76E-06	1.38E-05	4.99E-02	3.67E-06	1.93E-01	9.11E-06	7.41E-05	6.62E-02	6.64E-02	1.55E-05	8.89E-06
CC>TA	8.76E-06	5.48E-02	7.14E-06	1.13E-05	1.21E-02	7.47E-02	1.23E-05	4.13E-06	1.04E-04	1.71E-05	1.23E-05	3.43E-07	6.24E-06
CC>TG	9.92E-02	2.74E-06	9.74E-06	2.19E-05	7.03E-06	4.87E-06	1.06E-05	1.10E-05	1.23E-01	1.65E-05	1.13E-05	1.97E-05	1.30E-05
CC>TT	3.83E-06	9.92E-02	7.89E-06	1.14E-04	1.27E-01	1.34E-01	1.09E-05	1.00E-05	3.30E-05	2.41E-05	1.06E-05	2.03E-05	2.38E-06
CG>AT	7.78E-06	1.80E-07	7.38E-06	7.26E-07	8.17E-06	1.99E-06	1.16E-05	4.26E-06	1.34E-04	1.00E-05	3.31E-06	1.18E-08	6.38E-06
CG>GC	7.45E-06	3.87E-07	7.38E-06	7.24E-07	8.17E-06	2.17E-06	1.16E-05	4.26E-06	1.14E-04	1.00E-05	3.31E-06	9.94E-09	6.38E-06
CG>GT	8.04E-06	3.89E-07	7.38E-06	7.28E-07	8.17E-06	2.17E-06	1.16E-05	4.26E-06	1.49E-04	1.00E-05	3.31E-06	1.31E-08	6.38E-06
CG>TA	8.01E-06	1.54E-06	7.38E-06	7.28E-07	8.17E-06	3.15E-06	1.16E-05	4.26E-06	1.47E-04	1.00E-05	3.31E-06	1.29E-08	6.38E-06
CG>TC	6.48E-06	5.72E-07	7.38E-06	7.11E-07	8.17E-06	2.33E-06	1.16E-05	4.26E-06	1.41E-05	1.00E-05	3.31E-06	1.17E-09	6.38E-06
CG>TT	7.27E-06	2.44E-06	7.38E-06	7.23E-07	8.17E-06	3.93E-06	1.16E-05	4.26E-06	1.02E-04	1.00E-05	3.31E-06	8.73E-09	6.38E-06
CT>AA	3.39E-06	4.48E-06	3.24E-06	7.99E-06	2.93E-06	3.99E-02	1.21E-05	7.35E-02	1.01E-04	1.79E-05	9.29E-06	1.98E-05	1.93E-05
CT>AC	3.63E-02	1.26E-06	5.00E-02	2.74E-06	6.09E-06	4.46E-06	1.17E-05	5.11E-06	1.33E-04	1.13E-05	5.30E-07	1.89E-07	7.81E-06
CT>AG	6.65E-06	1.27E-06	7.38E-06	7.15E-07	8.17E-06	2.93E-06	1.16E-05	4.26E-06	4.58E-05	1.00E-05	3.31E-06	3.73E-09	6.38E-06
CT>GA	7.69E-06	1.18E-06	7.38E-06	7.26E-07	8.17E-06	2.84E-06	1.16E-05	4.26E-06	1.29E-04	1.00E-05	3.31E-06	1.12E-08	6.38E-06
CT>GC	3.60E-06	7.23E-06	9.66E-06	1.86E-05	5.67E-06	3.29E-06	1.55E-05	9.80E-06	4.63E-05	1.00E-05	1.85E-01	1.85E-05	1.91E-05
CT>GG	7.36E-06	9.72E-07	7.38E-06	7.23E-07	8.17E-06	2.67E-06	1.16E-05	4.26E-06	1.08E-04	1.00E-05	3.31E-06	9.38E-09	6.38E-06
CT>TA	7.30E-06	1.34E-06	7.38E-06	7.22E-07	8.17E-06	2.98E-06	1.16E-05	4.26E-06	1.04E-04	1.00E-05	3.31E-06	8.94E-09	6.38E-06
CT>TC	6.79E-06	1.09E-06	7.38E-06	7.17E-07	8.17E-06	2.77E-06	1.16E-05	4.26E-06	6.18E-05	1.00E-05	3.31E-06	5.18E-09	6.38E-06
CT>TG	7.04E-06	1.47E-06	7.38E-06	7.20E-07	8.17E-06	3.09E-06	1.16E-05	4.26E-06	8.47E-05	1.00E-05	3.31E-06	7.22E-09	6.38E-06
GC>AA	1.01E-06	2.90E-02	7.44E-06	1.62E-05	9.51E-02	1.41E-02	1.11E-05	4.92E-06	1.61E-04	9.95E-02	9.74E-06	1.83E-05	1.86E-05
GC>AG	7.99E-06	2.28E-06	7.38E-06	7.28E-07	8.17E-06	3.78E-06	1.16E-05	4.26E-06	1.46E-04	1.00E-05	3.31E-06	1.27E-08	6.38E-06
GC>AT	7.33E-06	1.84E-06	7.38E-06	7.23E-07	8.17E-06	3.41E-06	1.16E-05	4.26E-06	1.06E-04	1.00E-05	3.31E-06	9.13E-09	6.38E-06
GC>CA	7.45E-06	8.78E-07	7.38E-06	7.24E-07	8.17E-06	2.59E-06	1.16E-05	4.26E-06	1.14E-04	1.00E-05	3.31E-06	9.91E-09	6.38E-06
GC>CG	7.26E-06	2.99E-07	7.38E-06	7.22E-07	8.17E-06	2.09E-06	1.16E-05	4.26E-06	1.01E-04	1.00E-05	3.31E-06	8.80E-09	6.38E-06
GC>TA	6.89E-06	4.75E-07	7.38E-06	7.18E-07	8.17E-06	2.24E-06	1.16E-05	4.26E-06	7.18E-05	1.00E-05	3.31E-06	6.12E-09	6.38E-06
TA>AT	2.52E-06	2.34E-06	8.38E-06	1.81E-05	7.25E-06	3.85E-06	1.85E-01	1.22E-05	1.56E-04	1.89E-05	4.98E-02	1.87E-05	1.56E-05
TA>CG	7.70E-06	1.57E-06	7.38E-06	7.26E-07	8.17E-06	3.18E-06	1.16E-05	4.26E-06	1.30E-04	1.00E-05	3.31E-06	1.13E-08	6.38E-06
TA>CT	6.63E-06	1.41E-06	7.38E-06	7.15E-07	8.17E-06	3.04E-06	1.16E-05	4.26E-06	4.26E-05	1.00E-05	3.31E-06	3.44E-09	6.38E-06
TA>GC	6.63E-06	2.29E-06	7.38E-06	7.15E-07	8.17E-06	3.79E-06	1.16E-05	4.26E-06	4.35E-05	1.00E-05	3.31E-06	3.45E-09	6.38E-06
TA>GG	7.99E-06	2.03E-06	7.38E-06	7.28E-07	8.17E-06	3.57E-06	1.16E-05	4.26E-06	1.46E-04	1.00E-05	3.31E-06	1.28E-08	6.38E-06
TA>GT	3.47E-06	1.40E-06	7.36E-06	1.46E-05	5.94E-06	6.32E-02	9.00E-06	4.08E-06	1.28E-04	1.30E-05	1.11E-05	8.31E-07	6.21E-06
TC>AA	4.92E-02	3.52E-06	1.05E-05	1.30E-05	5.46E-06	2.48E-06	5.46E-06	5.03E-06	5.90E-02	1.26E-05	7.89E-06	1.26E-05	1.01E-05
TC>AG	7.94E-06	1.09E-06	7.38E-06	7.27E-07	8.17E-06	2.76E-06	1.16E-05	4.26E-06	1.43E-04	1.00E-05	3.31E-06	1.26E-08	6.38E-06
TC>AT	1.26E-01	9.14E-02	2.49E-02	1.22E-05	9.76E-02	1.82E-02	2.00E-01	7.81E-06	4.78E-06	1.54E-05	1.03E-05	2.22E-05	1.85E-05
TC>CA	7.43E-06	8.69E-07	7.38E-06	7.23E-07	8.17E-06	2.58E-06	1.16E-05	4.26E-06	1.12E-04	1.00E-05	3.31E-06	9.77E-09	6.38E-06
TC>CG	7.49E-06	7.10E-07	7.38E-06	7.24E-07	8.17E-06	2.44E-06	1.16E-05	4.26E-06	1.17E-04	1.00E-05	3.31E-06	1.02E-08	6.38E-06
TC>CT	6.59E-06	9.50E-07	7.38E-06	7.14E-07	8.17E-06	2.65E-06	1.16E-05	4.26E-06	3.71E-05	1.00E-05	3.31E-06	2.98E-09	6.38E-06
TC>GA	7.11E-06	5.30E-07	7.38E-06	7.20E-07	8.17E-06	2.29E-06	1.16E-05	4.26E-06	8.97E-05	1.00E-05	3.31E-06	7.74E-09	6.38E-06
TC>GG	6.97E-06	3.42E-07	7.38E-06	7.19E-07	8.17E-06	2.13E-06	1.16E-05	4.26E-06	7.88E-05	1.00E-05	3.31E-06	6.77E-09	6.38E-06
TC>GT	5.97E-06	3.06E-06	9.98E-06	1.95E-05	7.26E-06	5.32E-07	4.42E-06	9.81E-06	2.74E-06	1.87E-05	1.02E-05	1.62E-05	1.44E-01
TG>AA	7.66E-06	2.10E-07	7.38E-06	7.25E-07	8.17E-06	2.02E-06	1.16E-05	4.26E-06	1.27E-04	1.00E-05	3.31E-06	1.11E-08	6.38E-06
TG>AC	8.02E-06	4.56E-07	7.38E-06	7.28E-07	8.17E-06	2.23E-06	1.16E-05	4.26E-06	1.48E-04	1.00E-05	3.31E-06	1.30E-08	6.38E-06
TG>AT	3.10E-06	7.78E-06	1.05E-05	2.38E-05	5.76E-06	4.80E-06	1.84E-05	1.22E-05	9.72E-02	1.70E-05	1.11E-05	2.43E-05	2.01E-05
TG>CA	7.34E-06	7.75E-07	7.38E-06	7.23E-07	8.17E-06	2.50E-06	1.16E-05	4.26E-06	1.07E-04	1.00E-05	3.31E-06	9.26E-09	6.38E-06
TG>CC	3.05E-06	4.77E-06	9.61E-06	2.01E-05	3.25E-07	7.83E-07	1.07E-05	9.25E-06	1.63E-04	1.84E-01	9.33E-06	9.93E-02	2.04E-05
TG>CT	4.50E-06	5.47E-06	1.11E-05	2.38E-05	9.66E-06	4.22E-06	3.80E-06	4.21E-06	6.10E-06	1.36E-05	1.22E-01	1.98E-05	1.84E-05
TG>GA	4.05E-06	1.91E-06	9.43E-06	1.41E-05	6.22E-06	1.94E-06	1.01E-05	9.96E-02	2.18E-05	2.29E-05	1.29E-05	1.98E-05	1.89E-05
TG>GC	4.99E-02	7.43E-06	9.68E-06	1.83E-05	6.78E-06	3.98E-06	1.65E-05	6.03E-06	7.98E-02	1.99E-01	1.19E-05	2.40E-05	1.33E-01
TG>GT	7.62E-06	3.75E-07	7.38E-06	7.25E-07	8.17E-06	2.16E-06	1.16E-05	4.26E-06	1.24E-04	1.00E-05	3.31E-06	1.09E-08	6.38E-06
TT>AA	9.57E-06	3.78E-02	9.24E-06	1.83E-05	1.26E-02	3.38E-02	1.07E-05	7.07E-06	1.28E-04	1.36E-05	9.14E-06	1.71E-05	8.14E-06
TT>AC	7.06E-06	4.39E-07	7.38E-06	7.20E-07	8.17E-06	2.21E-06	1.16E-05	4.26E-06	8.62E-05	1.00E-05	3.31E-06	7.43E-09	6.38E-06
TT>AG	6.93E-06	1.37E-06	7.38E-06	7.19E-07	8.17E-06	3.01E-06	1.16E-05	4.26E-06	7.47E-05	1.00E-05	3.31E-06	6.33E-09	6.38E-06
TT>CA	7.71E-06	1.32E-06	7.38E-06	7.26E-07	8.17E-06	2.97E-06	1.16E-05	4.26E-06	1.30E-04	1.00E-05	3.31E-06	1.13E-08	6.38E-06
TT>CC	8.08E-06	5.50E-07	7.38E-06	7.28E-07	8.17E-06	2.31E-06	1.16E-05	4.26E-06	1.51E-04	1.00E-05	3.31E-06	1.33E-08	6.38E-06
TT>CG	7.40E-06	1.30E-06	7.38E-06	7.23E-07	8.17E-06	2.95E-06	1.16E-05	4.26E-06	1.10E-04	1.00E-05	3.31E-06	9.56E-09	6.38E-06
TT>GA	7.55E-06	1.02E-06	7.38E-06	7.25E-07	8.17E-06	2.71E-06	1.16E-05	4.26E-06	1.20E-04	1.00E-05	3.31E-06	1.05E-08	6.38E-06
TT>GC	6.45E-06	1.48E-06	7.38E-06	7.10E-07	8.17E-06	3.10E-06	1.16E-05	4.26E-06	2.54E-06	1.00E-05	3.31E-06	8.73E-10	6.38E-06
TT>GG	6.65E-06	6.96E-07	7.38E-06	7.15E-07	8.17E-06	2.43E-06	1.16E-05	4.26E-06	4.54E-05	1.00E-05	3.31E-06	3.74E-09	6.38E-06
