MutationType	DBS78A	DBS78B	DBS78C	DBS78D	DBS78E	DBS78F	DBS78G	DBS78H	DBS78I	DBS78J	DBS78K	DBS78L	DBS78M
AC>CA	8.673472603737408e-06	2.9218515875374417e-06	2.098083459713962e-05	5.807147026644088e-05	1.8271528978175412e-05	0.19976973969351092	4.647987661883235e-05	0.05707677339523798	0.00013562538879341446	5.2755024807993325e-05	3.864282116410323e-05	9.758269734447823e-05	8.499696778017097e-05
AC>CG	2.1571791239693994e-05	8.968942893261555e-07	3.214810021745507e-05	9.804193250602111e-05	2.9502435427275487e-05	1.735860714688897e-05	5.899325842619874e-05	4.554306287900545e-05	0.0001658093762671342	8.397959900321438e-05	5.311557906679809e-05	9.926435741363094e-05	9.081912867259234e-05
AC>CT	2.1772193122160388e-05	6.538571142300498e-07	3.214803218725138e-05	9.804273140616715e-05	2.9502854522434065e-05	1.756625315465499e-05	5.8993936181650494e-05	4.5543400483438744e-05	0.00015930152258079034	8.397963902098126e-05	5.311573113431223e-05	9.926500788424165e-05	9.081927128136158e-05
AC>GA	2.1616864069073925e-05	2.1501833543879912e-06	3.214873031538445e-05	9.80428550974466e-05	2.95021032798104e-05	1.628777934001846e-05	5.899344432691578e-05	4.554317638394423e-05	0.00016432509473816027	8.397960846195929e-05	5.3115638729650526e-05	9.92642031633295e-05	9.081897733267396e-05
AC>GG	9.909737957869425e-06	8.020110731266073e-06	1.6961515228286483e-05	4.19004361702946e-05	1.3499892210339093e-05	6.415260702397063e-06	0.1660427028393531	0.0996758794958344	0.00017529270062368595	6.030101472020988e-05	0.04984301983627688	5.976624892127802e-05	4.12649696940548e-05
AC>GT	2.2018525578459956e-05	2.5147950509563088e-06	3.2148414538824e-05	9.804494329728186e-05	2.9503008408937604e-05	1.5976234503511933e-05	5.899480893276632e-05	4.5543875967268835e-05	0.00015128540762816557	8.397968704230153e-05	5.311596687533893e-05	9.92653047433123e-05	9.081938915187494e-05
AC>TA	2.271671546623111e-05	1.511181289970409e-06	3.214926582586486e-05	9.804764558793977e-05	2.950386333395727e-05	1.6833706376928602e-05	5.8997213272959925e-05	4.554504412226379e-05	0.0001285817925236188	8.397982746828347e-05	5.3116506751393897e-05	9.926760540110991e-05	9.081945318030193e-05
AC>TG	2.3331589363806416e-05	1.3953575944469775e-06	3.215033721062355e-05	9.80504701146856e-05	2.9504399572033434e-05	1.6932642574829514e-05	5.8999346219934526e-05	4.554609331535176e-05	0.00010857704546651803	8.397994824917986e-05	5.311699424055405e-05	9.926945494953543e-05	9.081942407647148e-05
AC>TT	0.09973080383477381	2.3570750652401884e-06	0.1246626405583811	8.609487413195893e-05	1.8769569354208907e-05	1.01187092411692e-06	4.749011804960901e-05	3.515754901854962e-05	7.695608572941271e-06	8.078498140093871e-05	5.274071227177046e-05	6.682595194433816e-05	0.09946764873166103
AT>CA	2.3271764075616374e-05	5.241423878032947e-07	3.2150101833394726e-05	9.804969158722088e-05	2.9504462145268916e-05	1.7677021969575434e-05	5.8999126486014576e-05	4.554596562229562e-05	0.00011052859990741126	8.397993733524344e-05	5.3116930212127043e-05	9.926947968779132e-05	9.081942844204604e-05
AT>CC	2.255903491459321e-05	2.086504900944419e-06	3.214933385606855e-05	9.804723813431338e-05	2.9503507903427817e-05	1.6342149410775165e-05	5.899668249185197e-05	4.554478873615153e-05	0.0001337011854047887	8.39797969092615e-05	5.311638960847631e-05	9.92670058622025e-05	9.081935131689533e-05
AT>CG	2.273485624755267e-05	1.2342539776000195e-06	3.2150126935448496e-05	9.804758301470428e-05	2.950342131953221e-05	1.707031560727046e-05	5.8997300584451295e-05	4.554506667773239e-05	0.0001279682808672078	8.397983183385804e-05	5.3116514754947276e-05	9.926772763719782e-05	9.081910393433645e-05
AT>GA	2.2673489365843124e-05	1.4789281976845813e-08	3.214969146938529e-05	9.804660076042637e-05	2.950361158582382e-05	1.8112244106305297e-05	5.8997064479626714e-05	4.554492661554832e-05	0.00012997620724490843	8.39798194647301e-05	5.311644126777537e-05	9.926782659022137e-05	9.081916650757193e-05
AT>GC	2.3791919920768124e-05	6.328172730718506e-07	3.215058168279938e-05	9.805219160625711e-05	2.9505148631869815e-05	1.758414746291237e-05	5.9000917099183424e-05	4.554685947368853e-05	9.361738266306929e-05	8.398003992624581e-05	5.3117349307285624e-05	9.927099454216659e-05	9.081958851311355e-05
AT>TA	2.3567440803162753e-05	2.1280253349686974e-06	3.2150462357094514e-05	9.805198351386935e-05	2.950472990050912e-05	1.63066328241257e-05	5.90001633099746e-05	4.554651786747854e-05	0.0001009105773846386	8.397999554290436e-05	5.311719869496301e-05	9.926998463924975e-05	9.081957687158137e-05
CC>AA	0.21601094178461153	5.7942612272654515e-06	0.7982701003551483	1.1284787430016115e-05	0.049876260533346796	0.19973100524570075	2.094419899020027e-05	1.7815508175544893e-05	0.0490243865963252	2.9189727459311144e-05	1.9366126588127307e-05	2.820200818405283e-05	6.0050092903886355e-05
CC>AG	1.3772058372918395e-05	7.475762160658039e-06	2.0473565473366762e-05	4.269479325671455e-05	3.299361949746518e-06	1.576231187910837e-06	1.6917999140275697e-05	2.4660869219100998e-05	1.0365606803192095e-05	4.9277139843972864e-05	2.0573104866983272e-05	0.8938284277915954	5.767496550106444e-05
CC>AT	0.1534223773274789	5.197919872301781e-12	2.6936534629840027e-05	9.007672197185457e-05	1.2445554148143856e-05	1.399350276188977e-05	5.211587995290756e-05	4.386663240438793e-05	9.79992521024542e-05	7.545931148342789e-05	4.756092675961554e-05	9.886190091492608e-05	9.0046800323762e-05
CC>GA	2.3065403911459726e-05	7.931387699500192e-07	3.2150253900908865e-05	9.804887959035114e-05	2.9503981204470618e-05	1.7447196569264634e-05	5.899842690268997e-05	4.554562001430895e-05	0.00011722743256541435	8.397989586228505e-05	5.311676941346377e-05	9.926881029969082e-05	9.081924799829722e-05
CC>GG	2.2288951731752606e-05	1.6112389857880771e-06	3.2148878017324026e-05	9.804569999687374e-05	2.9503287805709988e-05	1.6748233338148567e-05	5.899574061913881e-05	4.55443121609278e-05	0.00014248872757889331	8.397974306717515e-05	5.311616405379027e-05	9.926631901180372e-05	9.081932948902249e-05
CC>GT	6.565533124635269e-06	8.400420384191427e-07	1.0923999310818999e-05	6.237051093194168e-05	0.049865859496608225	1.0157358985907194e-05	0.26502956875665407	2.5749555724274843e-05	9.638022711442318e-05	0.06623770032977916	0.06640369058513898	5.11027766378902e-05	2.9781457487843e-05
CC>TA	1.743180466563033e-05	0.08634114116225647	2.478218430042034e-05	6.740049793734215e-05	0.012103916547341952	0.15980754008724035	4.466079990379512e-05	4.247556898917537e-05	0.00011291230947547333	5.464428004415822e-05	2.964111608463327e-05	9.840847633313388e-05	8.389039430767298e-05
CC>TG	0.09926359909040912	3.13280298054691e-06	2.6951068502967245e-05	4.993100737351597e-05	1.1764700495575653e-05	1.196997196368083e-05	3.0078570712532838e-05	2.512597686052942e-05	0.26894865698377546	5.30024463266443e-05	2.836165467243745e-05	6.970002266371012e-05	8.282303315354511e-05
CC>TT	4.513072728340451e-06	0.2825493190503492	1.1160599270413163e-05	0.9934964299201965	0.12727943468922398	0.13383812102451884	2.6890765834641785e-05	1.5767980042769025e-05	4.548400085209181e-05	4.022916487040895e-05	2.6158483173846503e-05	5.363127220334718e-05	3.556497518708568e-06
CG>AT	2.167996890420909e-05	1.7955857174456468e-07	3.2148050013347526e-05	9.804203000385314e-05	2.9502697361749598e-05	1.7971503439184744e-05	5.8993616403313356e-05	4.554322731564753e-05	0.00016229774701059796	8.397962083108723e-05	5.311564964358695e-05	9.926484781317413e-05	9.081917669391259e-05
CG>GC	2.230651489298907e-05	3.8669327295792755e-07	3.2149073376785964e-05	9.804509027162567e-05	2.9503265977837145e-05	1.779449903551722e-05	5.8995793369831515e-05	4.554430852294899e-05	0.00014191452974046114	8.397974670515396e-05	5.31161560502369e-05	9.926665516104549e-05	9.081918833544477e-05
CG>GT	2.1232881363175692e-05	3.8857538129377647e-07	3.2147469028132036e-05	9.80400523985736e-05	2.9502188044716605e-05	1.779293488652911e-05	5.899207426409703e-05	4.554246843326837e-05	0.00017683787918940653	8.39795327920001e-05	5.311529894242994e-05	9.926347265718505e-05	9.081912721740082e-05
CG>TA	2.1282308080117218e-05	1.5360528777819127e-06	3.214852513337974e-05	9.804093569982797e-05	2.9501629251171833e-05	1.6812514149933123e-05	5.899229072383605e-05	4.5542585939983835e-05	0.00017520016626804136	8.3979542250745e-05	5.311535787768662e-05	9.926335333148018e-05	9.081880270969122e-05
CG>TC	2.5377404926985037e-05	5.719150976801757e-07	3.215385950170457e-05	9.805958688957617e-05	2.9506224746000952e-05	1.7636118536756838e-05	5.900643081986345e-05	4.554957413347438e-05	4.201946576358751e-05	8.398035133723169e-05	5.311861677910201e-05	9.92757035419345e-05	9.081932366825641e-05
CG>TT	2.267013351229252e-05	2.4443455913569777e-06	3.21495026582852e-05	9.804795845411718e-05	2.9503599580493756e-05	1.6036400944585692e-05	5.8997070300392804e-05	4.554499100777321e-05	0.00013008668793190736	8.397981800953858e-05	5.311648637871258e-05	9.926725178956985e-05	9.081937896553427e-05
CT>AA	7.1046407065906545e-06	7.506479429578698e-06	6.875892840169096e-06	2.568610203734778e-05	3.553157715718108e-06	0.039952611088057685	2.9947051166405392e-05	0.4913731724023819	0.00011621035635513976	2.8870158167482173e-05	1.0572463307151336e-05	4.36360255260837e-05	2.910311355748263e-05
CT>AC	0.05826963494673691	1.2598528883245307e-06	0.04999238485288515	9.232827869709581e-05	2.221110371465329e-05	1.000305073084462e-05	5.823248939123005e-05	4.4675211756839414e-05	0.0001546672257973114	7.13134570105467e-05	5.0049714627675715e-05	9.898374410113319e-05	8.93481686944142e-05
CT>AG	2.4399471294600515e-05	1.2737368706439156e-06	3.2152397398022e-05	9.805540466913953e-05	2.9505214479286222e-05	1.7036512781487544e-05	5.90030598687008e-05	4.5547919944510797e-05	7.382812509604264e-05	8.398015852435492e-05	5.311784989316948e-05	9.927264618454501e-05	9.081930184038356e-05
CT>GA	2.1845644641871332e-05	1.1757127140299418e-06	3.214945463696495e-05	9.804337751120328e-05	2.950216075987555e-05	1.7120370466727762e-05	5.899424104427453e-05	4.55435427284101e-05	0.00015687389022787102	8.397965284530073e-05	5.3115801711101086e-05	9.926510974764824e-05	9.081878088181838e-05
CT>GC	4.2050123441637665e-06	1.6359976585356152e-05	2.1502885691855345e-05	2.1002777441481157e-05	6.225282561943859e-06	7.870868669224152e-06	4.653632686313358e-05	3.917842041119214e-05	5.250984709022077e-05	3.0818022450374014e-05	0.6310865596948133	8.036943791012163e-05	6.689734792928448e-05
CT>GG	2.2481070845969953e-05	9.717003194964491e-07	3.214954267605208e-05	9.804624278331175e-05	2.9503297992050647e-05	1.7294655117439105e-05	5.899641000723932e-05	4.554462393571157e-05	0.0001362296985462308	8.397978090215474e-05	5.3116304479772224e-05	9.926703496603295e-05	9.081915341084823e-05
CT>TA	2.2622951473749708e-05	1.3381408280110917e-06	3.215001634089276e-05	9.804711298784241e-05	2.950327325379476e-05	1.6981557928374967e-05	5.89969156862935e-05	4.55448778666323e-05	0.0001316064921411453	8.397980927838944e-05	5.3116427443455906e-05	9.926737257046626e-05	9.081907628569753e-05
CT>TC	2.3907352442620322e-05	1.0930437383649406e-06	3.2151017512660475e-05	9.80529934167862e-05	2.9505092606996185e-05	1.719091969789588e-05	5.9001331101171674e-05	4.554707084025722e-05	8.985433414636646e-05	8.398006248171442e-05	5.311745117069222e-05	9.927123028319329e-05	9.081951720872894e-05
CT>TG	2.3201823933050036e-05	1.4721043044119142e-06	3.21503437589854e-05	9.80499040451832e-05	2.9504154008463955e-05	1.686707455519354e-05	5.899890384171158e-05	4.554587358143181e-05	0.00011279217287665232	8.397992351092399e-05	5.311689092195593e-05	9.926905331667513e-05	9.081933967536315e-05
GC>AA	1.0121484100435712e-06	0.056901417672634125	1.3974193276133916e-05	5.38449246166195e-05	0.39452806413173674	0.014117885091130234	5.615483896690421e-05	3.90531091397861e-05	0.0001749264062510747	0.09962132909131469	3.881596909038887e-05	7.070990707802594e-05	4.7156907021417284e-05
GC>AG	2.1319945744835422e-05	2.2753192752134055e-06	3.214758435206022e-05	9.804152941796928e-05	2.9502197503461502e-05	1.6180874058591144e-05	5.899239295104053e-05	4.5542669977294284e-05	0.00017400320139131508	8.397955025429837e-05	5.311540444381535e-05	9.92632907582447e-05	9.081924654310569e-05
GC>AT	2.2546249238075688e-05	1.8359018213232047e-06	3.214916105207521e-05	9.80470358626917e-05	2.950359157694038e-05	1.6556268019485287e-05	5.899663046875503e-05	4.554475999611896e-05	0.00013412192492978647	8.397979472647421e-05	5.3116374328965324e-05	9.926702769007534e-05	9.081939933821558e-05
GC>CA	2.2304599042399786e-05	8.776885806582869e-07	3.2148839090950786e-05	9.804535948205739e-05	2.9503372934414075e-05	1.7374986873619493e-05	5.89957842748845e-05	4.554431761789601e-05	0.00014198271819623187	8.397974524996244e-05	5.311616332619451e-05	9.92665343801491e-05	9.081931202672421e-05
GC>CG	2.269478136440739e-05	2.9930997698102145e-07	3.214976168237626e-05	9.804685978451744e-05	2.950359703390859e-05	1.7869145085569472e-05	5.8997139785788025e-05	4.554497099888977e-05	0.00012928203323099298	8.397982383030466e-05	5.311646382324398e-05	9.926782513502985e-05	9.081916941795498e-05
GC>TA	2.3600643726240377e-05	4.749216259369859e-07	3.215080141671933e-05	9.805120644159614e-05	2.9504675694624893e-05	1.771906299836701e-05	5.900026953895576e-05	4.554652950901072e-05	9.98249353870051e-05	8.39800006360747e-05	5.3117191419005395e-05	9.92704663076438e-05	9.081936441361904e-05
TA>AT	2.699443968134929e-06	3.879453018384993e-06	2.118034259748214e-05	4.22870526421093e-05	1.7228202316710296e-05	6.3956960889337274e-06	0.3653444792245864	1.9914960124667314e-05	0.00017619386408114225	4.10102929516043e-05	0.04984300889473161	5.796562561499741e-05	5.919316427025478e-05
TA>CG	2.1822194594278698e-05	1.5721256204415112e-06	3.214857388229575e-05	9.804348956095054e-05	2.9502598408726044e-05	1.6781670819909777e-05	5.8994135542889126e-05	4.554351180559024e-05	0.00015766023207106628	8.397964847972617e-05	5.311579297995195e-05	9.926494240062312e-05	9.081914176931605e-05
TA>CT	2.4497758568031712e-05	1.408483149134554e-06	3.215204815205652e-05	9.80559372692369e-05	2.9505588827305473e-05	1.692138021098799e-05	5.900338073843159e-05	4.554809129331261e-05	7.0645059531671e-05	8.398017816944048e-05	5.3117929928703235e-05	9.927290520863607e-05	9.08195142983459e-05
TA>GC	2.446965063427342e-05	2.2905611331225374e-06	3.2152548010344616e-05	9.805630834307522e-05	2.950520902231801e-05	1.6167722856152976e-05	5.900331125303637e-05	4.5548069829237646e-05	7.154233207984362e-05	8.398017234867439e-05	5.3117927018320187e-05	9.927261562552303e-05	9.081934695132077e-05
TA>GG	2.1313194156391547e-05	2.027531263593119e-06	3.214755233784672e-05	9.804135625017807e-05	2.9502213510568254e-05	1.639258721297665e-05	5.8992366393795234e-05	4.554265215119813e-05	0.00017422389028070028	8.397954807151108e-05	5.311539207468741e-05	9.92633300484158e-05	9.081924363272265e-05
TA>GT	9.575928732630246e-06	2.7234123990638276e-06	2.095030140480958e-05	6.627239454246592e-05	1.87140103520278e-05	0.1997641456853671	5.080898590676952e-05	4.385899410408456e-05	0.0001441989591091388	5.779372331744525e-05	3.574874769505243e-05	9.742819966049865e-05	9.047872154042125e-05
TC>AA	0.049264466235763395	5.4285302249959855e-06	2.436375493743981e-05	6.77380863635335e-05	1.8371029567987308e-05	1.3700023009732831e-05	3.5579786344897e-05	3.0081707154749893e-05	0.21230223571983514	6.602124922210351e-05	4.1159135798807255e-05	6.854466337244958e-05	8.152298833010718e-05
TC>AG	2.140011165465694e-05	1.0856741027964745e-06	3.2147844103747046e-05	9.804123255889863e-05	2.9502253892133012e-05	1.7197318538819672e-05	5.899266398046166e-05	4.55427751148818e-05	0.0001713934812869411	8.39795648062136e-05	5.311544591677375e-05	9.92638073512353e-05	9.081912721740082e-05
TC>AT	0.2727574889198877	0.2957236520946026	0.024962813003003247	4.556044879961973e-05	0.3519774883985519	0.018165130034958565	0.19964703430923691	2.499702318345953e-05	5.960173166486377e-06	5.964087322354317e-05	2.2438763585286293e-05	5.894108435313683e-05	4.1228826498704294e-05
TC>CA	2.2350865947373677e-05	8.688264642842114e-07	3.214935859432444e-05	9.804557339521125e-05	2.9503163750632667e-05	1.7382557325618107e-05	5.8995959625463e-05	4.5544397653429766e-05	0.00014046486430743243	8.397975543630309e-05	5.31162011611741e-05	9.92666740785353e-05	9.081913449335844e-05
TC>CG	2.2221583458303938e-05	7.099768481566571e-07	3.214911630493589e-05	9.804487781366334e-05	2.9503070618375204e-05	1.7518285676487722e-05	5.8995505969505754e-05	4.5544172098743727e-05	0.0001446718229999533	8.397972924285568e-05	5.3116095659788695e-05	9.926632919814438e-05	9.081913740374147e-05
TC>CT	2.4668846344866323e-05	9.496891834714916e-07	3.215177421225235e-05	9.805647714529186e-05	2.950607995444443e-05	1.7313372609351063e-05	5.90039500821149e-05	4.5548371417680755e-05	6.509586455649696e-05	8.398021236644126e-05	5.311805725796148e-05	9.927351784426719e-05	9.081971074920148e-05
TC>GA	2.3049224728310948e-05	5.300918473949423e-07	3.215018696209881e-05	9.80486540356651e-05	2.950400303234346e-05	1.7671947352937424e-05	5.899836833123118e-05	4.554558581730817e-05	0.00011775536440836732	8.397989367949776e-05	5.311675267876126e-05	9.926882048603148e-05	9.081924654310569e-05
TC>GG	2.3383473671856336e-05	3.4166946534242014e-07	3.215035067114513e-05	9.80501135927625e-05	2.9504536360036582e-05	1.7832924459071365e-05	5.899951429455541e-05	4.554615152301267e-05	0.0001068928322638385	8.397995989071206e-05	5.3117013885639607e-05	9.926985512720421e-05	9.081939060706645e-05
TC>GT	7.833635555124783e-06	3.98434301933457e-06	1.4995189135181652e-05	4.9245451998558563e-05	1.8202616887208477e-05	6.362817208210381e-07	1.6137182986142306e-05	3.344923529411403e-05	3.060221165063128e-06	2.8484506584665066e-05	2.7872731209299673e-05	4.056131501783966e-05	0.7615708649158478
TG>AA	2.190809063904453e-05	2.0961251721018925e-07	3.214850621588994e-05	9.804311994230375e-05	2.950285852421075e-05	1.794581585272681e-05	5.8994412393076344e-05	4.554362130875234e-05	0.00015487402233702597	8.397966521442868e-05	5.3115832997718826e-05	9.926551429089159e-05	9.081914613489062e-05
TG>AC	2.127150205524231e-05	4.5559490899904633e-07	3.214674070477486e-05	9.804026922211051e-05	2.9502671532100065e-05	1.7735671099217144e-05	5.899218158447184e-05	4.5542534644482656e-05	0.0001756040182954166	8.397954006795771e-05	5.311532731866464e-05	9.926357015501707e-05	9.081944881472737e-05
TG>AT	4.4266917029744945e-06	1.2942245859903778e-05	2.5556368351487e-05	3.899092985023943e-05	5.802552890073849e-06	1.1862131469865316e-05	2.8853571348395254e-05	1.9924160382792317e-05	0.38118498070398343	3.100699132616569e-05	2.6093229759283077e-05	5.9542790250027844e-05	6.401590094355925e-05
TG>CA	2.252664326078957e-05	7.753228601359297e-07	3.214921271137428e-05	9.80463417363353e-05	2.9503576661227272e-05	1.7462440519011578e-05	5.899655261600856e-05	4.554469669528771e-05	0.00013475899577315432	8.397978963330388e-05	5.311633867677301e-05	9.926721540978178e-05	9.081930329557508e-05
TG>CC	4.2279745784068036e-06	4.811759653085511e-06	2.100059452914138e-05	4.7486353905788585e-05	3.388522611973664e-07	8.530252374783914e-07	2.765270792232601e-05	1.5563736817725272e-05	0.00017774586732812736	0.6292503670199949	2.9607491342176218e-05	0.09935083758414862	5.183176804166578e-05
TG>CT	1.5604536554723166e-05	8.992086895887041e-06	2.4172539926325957e-05	5.973320269347937e-05	2.4504360962141966e-05	9.9606455095466e-06	4.428804750205018e-05	4.5338783820625395e-05	1.501789331115333e-05	7.731020014034584e-05	0.19938826426223386	7.938445234998426e-05	6.987531960486631e-05
TG>GA	1.5427053076955134e-05	3.908094060989242e-06	1.4070562081269777e-05	4.8253064596792684e-05	1.4824584397388207e-05	4.400527521931169e-06	3.4199703873127876e-05	0.3487945452288841	4.006032138228477e-05	5.832002038276829e-05	1.8459479432314518e-05	4.381302261702302e-05	4.3214595496010586e-05
TG>GC	0.04993284759848858	8.901921265482004e-06	1.4188170431122062e-05	6.961288795728215e-05	1.0775595366974145e-05	4.030401086910088e-06	3.9373044955937075e-05	4.284907336113974e-05	0.07982591429846124	0.19931631258542665	1.969105138073246e-05	6.009467795706769e-05	0.13279751779482468
TG>GT	2.1987125364830717e-05	3.74743922293419e-07	3.214812822989188e-05	9.804357832763345e-05	2.95032121357508e-05	1.780472175596515e-05	5.899466996197589e-05	4.5543760643340646e-05	0.0001523170849395683	8.397968122153543e-05	5.3115900664124636e-05	9.926571219693869e-05	9.08193556824699e-05
TT>AA	1.081735239801898e-05	0.2783146798610687	2.5885338992814864e-05	6.980785838095471e-05	0.012566345828291789	0.03382837979015676	5.5654335301369426e-05	3.6224397990736176e-05	0.0001472578364655419	7.691026476095431e-05	3.714925901476818e-05	7.448700453096535e-05	8.260173199232667e-05
TT>AC	2.3154839436756446e-05	4.3865343286597635e-07	3.2151496998267246e-05	9.804910514503718e-05	2.9503459882107563e-05	1.7750070219335613e-05	5.899877251067664e-05	4.554576553346123e-05	0.00011428709331084974	8.397991405217908e-05	5.311683562467806e-05	9.926915809046477e-05	9.081878670258448e-05
TT>AG	2.3508642698288895e-05	1.3718916306970641e-06	3.215070610167459e-05	9.805128356674687e-05	2.9504519625334068e-05	1.6952684381976725e-05	5.8999963584938087e-05	4.5546396358986384e-05	0.00010281489885528572	8.397998390137218e-05	5.3117134666536006e-05	9.926998463924975e-05	9.081939497264102e-05
TT>CA	2.1811147962580436e-05	1.3218240383139345e-06	3.21482995786937e-05	9.804329311009496e-05	2.9502744291676207e-05	1.699553213256877e-05	5.899408606637735e-05	4.5543486703536476e-05	0.00015802735324541573	8.397964629693888e-05	5.311577770044096e-05	9.926496859407053e-05	9.081923053599894e-05
TT>CC	2.117722676757694e-05	5.497003257914912e-07	3.214743483113125e-05	9.803988214116544e-05	2.950209818664007e-05	1.765526976669207e-05	5.8991881087422374e-05	4.554237602860667e-05	0.00017864660003397148	8.397952187806368e-05	5.311525674187578e-05	9.926327038556337e-05	9.081911121029407e-05
TT>CG	2.24126924877055e-05	1.303675162489526e-06	3.2148915124707855e-05	9.80461059953086e-05	2.9503511541406624e-05	1.701101473372546e-05	5.899615789530799e-05	4.554451734293252e-05	0.00013846842011844274	8.397976707783528e-05	5.31162579136435e-05	9.926675265887752e-05	9.081937751034274e-05
TT>GA	2.210243765148334e-05	1.0210895197815262e-06	3.214992066205014e-05	9.804449800867587e-05	2.9502378674806094e-05	1.7252471661777235e-05	5.899513162148651e-05	4.554397746687755e-05	0.0001485188437072793	8.397970304940827e-05	5.3116007620701566e-05	9.926590428221971e-05	9.081875177798792e-05
TT>GC	2.5782384545891547e-05	1.4771923815715126e-06	3.215431606804486e-05	9.806199668673798e-05	2.950667367258575e-05	1.686262212388101e-05	5.900783689867239e-05	4.55502922704909e-05	2.8849299997091294e-05	8.398043137276545e-05	5.311895947670564e-05	9.927669016178698e-05	9.081946482183411e-05
TT>GG	2.4411580852756742e-05	6.956772722332971e-07	3.215205106243957e-05	9.805513400351629e-05	2.950545858766418e-05	1.7530414152133744e-05	5.9003081332775764e-05	4.554792503768113e-05	7.344556106545497e-05	8.39801607071422e-05	5.3117845527594906e-05	9.927281644195318e-05	9.081941534532234e-05
