MutationType	SBS96A	SBS96B	SBS96C	SBS96D	SBS96E	SBS96F	SBS96G	SBS96H	SBS96I	SBS96J
A[C>A]A	0.00115829	0.00021468	0.00016522	0.00635703	0.00927542	0.00005378	0.00557216	0.02879232	0.01293706	0.02298875
A[C>A]C	0.00000000	0.00053008	0.00097587	0.00624806	0.01829590	0.00090861	0.02354651	0.03784101	0.01396963	0.01113962
A[C>A]G	0.00001057	0.00001049	0.00127028	0.00490324	0.00600355	0.00096123	0.00670798	0.00687520	0.00253407	0.00578213
A[C>A]T	0.00005775	0.00002573	0.00117274	0.00404819	0.01163923	0.00193783	0.01327855	0.00794760	0.00151316	0.01543103
A[C>G]A	0.00254962	0.00053506	0.00000039	0.00622129	0.00204421	0.00003964	0.03561545	0.00259637	0.00102965	0.00653983
A[C>G]C	0.00069383	0.00078234	0.00010206	0.00688338	0.00577844	0.00039655	0.01941886	0.00445214	0.00253870	0.01710848
A[C>G]G	0.00056221	0.00000000	0.00000032	0.00464918	0.00294260	0.00048140	0.01611726	0.00217504	0.00047509	0.01036634
A[C>G]T	0.00369293	0.00015436	0.00004270	0.00385892	0.00561166	0.00094529	0.03547772	0.00188996	0.00146228	0.00534693
A[C>T]A	0.00064563	0.00528870	0.03123659	0.00919387	0.01780678	0.00332623	0.02305527	0.01207106	0.00909624	0.00689811
A[C>T]C	0.00000891	0.00100212	0.00937578	0.00663607	0.02055065	0.00886677	0.01013123	0.02721791	0.00413089	0.02537428
A[C>T]G	0.00219834	0.00067690	0.19905258	0.00677844	0.02440455	0.01105232	0.00189732	0.17456210	0.01968594	0.00345775
A[C>T]T	0.00009101	0.00153310	0.00746032	0.00473880	0.01672900	0.00606661	0.01994570	0.00499512	0.01624208	0.00925219
A[T>A]A	0.00014576	0.00000000	0.00008921	0.00636582	0.00461966	0.00285330	0.00388185	0.00916229	0.00279526	0.00503120
A[T>A]C	0.00004807	0.00005157	0.00372273	0.00210430	0.00595470	0.00297087	0.01051520	0.01136221	0.01074734	0.00696542
A[T>A]G	0.00006772	0.00033325	0.00043762	0.00343547	0.00551482	0.00094921	0.00322091	0.03229894	0.00374763	0.00568965
A[T>A]T	0.00003620	0.00012378	0.00045891	0.00784230	0.00549354	0.01156721	0.00117558	0.01265050	0.00239232	0.00464957
A[T>C]A	0.00013422	0.00002762	0.00333513	0.00830662	0.00996699	0.03418857	0.00307923	0.02266932	0.00902522	0.00827243
A[T>C]C	0.00063354	0.00008902	0.00070596	0.00194676	0.00693759	0.02707979	0.00925424	0.00761608	0.00346254	0.00542235
A[T>C]G	0.00002031	0.00000654	0.00676408	0.00447349	0.00879937	0.05963615	0.00390256	0.02657241	0.01303493	0.00445971
A[T>C]T	0.00033873	0.00018205	0.00711775	0.00804305	0.01070417	0.00668328	0.00822588	0.04868193	0.00773141	0.00632091
A[T>G]A	0.00011271	0.00003680	0.00011377	0.00640744	0.00129865	0.00034438	0.00198126	0.00269526	0.00215209	0.00582998
A[T>G]C	0.00014787	0.00000429	0.00056066	0.00281901	0.00188702	0.00085977	0.00412469	0.00463095	0.00174984	0.00255073
A[T>G]G	0.00010770	0.00005608	0.00019505	0.00215839	0.00153330	0.00041513	0.01053388	0.00112838	0.00139599	0.00894148
A[T>G]T	0.00004133	0.00008540	0.00035724	0.00546984	0.00253394	0.00150304	0.00396758	0.00349571	0.00257711	0.00400721
C[C>A]A	0.00107832	0.00018968	0.00053303	0.00811082	0.00785068	0.00758375	0.03469781	0.00248656	0.00828267	0.02430718
C[C>A]C	0.00036947	0.00029610	0.00313891	0.00588824	0.01313788	0.01628587	0.01705034	0.00486482	0.00246908	0.02740187
C[C>A]G	0.00018549	0.00011991	0.00166763	0.00457736	0.00550483	0.00528795	0.01356023	0.00255647	0.00128501	0.00888230
C[C>A]T	0.00076896	0.00030846	0.00441475	0.00400141	0.01351933	0.05043511	0.00453647	0.00492357	0.00402729	0.01004747
C[C>G]A	0.00452920	0.00047193	0.00000012	0.00669855	0.00544629	0.00019674	0.02311783	0.00558733	0.00295827	0.01065309
C[C>G]C	0.00057922	0.00039807	0.00022022	0.00417715	0.00487543	0.00000040	0.03214142	0.00433305	0.00274571	0.00789973
C[C>G]G	0.00000000	0.00000041	0.00273900	0.00905366	0.00164588	0.00007674	0.03029271	0.00302317	0.00560044	0.00322364
C[C>G]T	0.00570187	0.00053385	0.00000020	0.00639054	0.00517537	0.00017752	0.05332521	0.00000123	0.00340308	0.00731590
C[C>T]A	0.00693949	0.00757844	0.01533548	0.04315949	0.02739990	0.00038930	0.01292785	0.02900078	0.02450268	0.01262808
C[C>T]C	0.00097798	0.00191900	0.01367452	0.01734047	0.02704699	0.00417301	0.01446891	0.03401456	0.01134441	0.01083217
C[C>T]G	0.00122035	0.00595063	0.22719016	0.02392160	0.02996488	0.00576570	0.00541850	0.03791610	0.03612543	0.01501139
C[C>T]T	0.00095894	0.00697657	0.01480482	0.00999380	0.02750062	0.00385689	0.01951572	0.03727456	0.01300740	0.02492038
C[T>A]A	0.00016500	0.00003441	0.00004844	0.00373102	0.00215091	0.00303133	0.00537319	0.00177165	0.00039481	0.00493171
C[T>A]C	0.00022198	0.00002640	0.00000015	0.00264980	0.01042440	0.00422044	0.01199772	0.00861772	0.00148776	0.00964126
C[T>A]G	0.00005140	0.00014251	0.00123829	0.00575836	0.01043038	0.00394121	0.01648856	0.01854339	0.00245645	0.00843772
C[T>A]T	0.00001798	0.00001587	0.00023481	0.00681729	0.00343171	0.00110491	0.01525055	0.00311070	0.00554940	0.01184598
C[T>C]A	0.00006094	0.00001936	0.00007592	0.00106883	0.00231738	0.03100225	0.00285041	0.00207912	0.00009649	0.00230178
C[T>C]C	0.00006580	0.00017735	0.00000054	0.01039096	0.00896912	0.02752702	0.00966008	0.00599479	0.00241932	0.00810925
C[T>C]G	0.00002431	0.00000005	0.00033966	0.00024421	0.00273480	0.10096846	0.00130010	0.00000196	0.00182778	0.00200136
C[T>C]T	0.00041485	0.00017185	0.00272297	0.00754624	0.00813228	0.02672789	0.00861604	0.00248738	0.00418398	0.01478131
C[T>G]A	0.00003563	0.00000000	0.00006045	0.00318187	0.00093132	0.00001345	0.00358077	0.00287084	0.00136650	0.00398199
C[T>G]C	0.00019435	0.00006635	0.00145032	0.00367570	0.00392818	0.00970361	0.00571594	0.00272798	0.00288230	0.00599507
C[T>G]G	0.00000788	0.00000000	0.00000108	0.00545039	0.00278964	0.01105743	0.01810340	0.00306674	0.00206167	0.00686658
C[T>G]T	0.00038330	0.00000928	0.00025118	0.00749452	0.01172714	0.00990908	0.01110449	0.00672955	0.00254925	0.00948594
G[C>A]A	0.00025097	0.00000009	0.00000037	0.00371219	0.00659828	0.00000104	0.00674001	0.02155014	0.00602277	0.05395882
G[C>A]C	0.00081511	0.00000000	0.00150592	0.00631062	0.01737059	0.00246897	0.01916118	0.00817496	0.00275325	0.03248244
G[C>A]G	0.00002190	0.00006411	0.00233391	0.00352837	0.01171260	0.00022178	0.00052758	0.00508191	0.00980200	0.00610470
G[C>A]T	0.00028012	0.00012278	0.00194043	0.00745061	0.00535676	0.00355739	0.00755607	0.00332245	0.00143690	0.05017372
G[C>G]A	0.00111003	0.00028305	0.00000001	0.00143884	0.00340021	0.00038082	0.02431542	0.00356704	0.00152539	0.00408100
G[C>G]C	0.00042264	0.00027772	0.00095299	0.00855255	0.00907917	0.00402759	0.01407757	0.00324702	0.00170432	0.01485367
G[C>G]G	0.00068303	0.00011812	0.00009231	0.00274943	0.00366547	0.00005910	0.01022785	0.00069719	0.00146662	0.00414099
G[C>G]T	0.00114573	0.00065522	0.00034429	0.00823133	0.00270486	0.00062839	0.03803656	0.00001948	0.00130057	0.01115209
G[C>T]A	0.00635350	0.00151784	0.01608117	0.00692931	0.04699509	0.02893586	0.01063901	0.01290866	0.01728629	0.01165136
G[C>T]C	0.00149615	0.00190195	0.02701677	0.00652052	0.06366428	0.03696486	0.00545926	0.01184442	0.01219166	0.00572725
G[C>T]G	0.00236846	0.00042917	0.27858804	0.00195180	0.04052486	0.03458632	0.00278072	0.00880012	0.01820339	0.00366961
G[C>T]T	0.00089318	0.00287243	0.02229524	0.00219097	0.04212305	0.03101923	0.01379087	0.00735032	0.00480796	0.00631879
G[T>A]A	0.00008764	0.00027790	0.00031575	0.00395941	0.00151766	0.00221414	0.00537008	0.00240146	0.00194372	0.00198265
G[T>A]C	0.00017931	0.00055104	0.00013202	0.00528712	0.00797902	0.00332672	0.00490468	0.00409849	0.00322347	0.00631939
G[T>A]G	0.00005935	0.00005402	0.00011730	0.00327228	0.00647646	0.00256198	0.01176553	0.00374891	0.00056343	0.00833697
G[T>A]T	0.00003366	0.00000000	0.00028698	0.00613142	0.00291871	0.00215873	0.00439159	0.00650692	0.00169148	0.00814311
G[T>C]A	0.00022285	0.00003011	0.00000360	0.00004297	0.00442809	0.08698616	0.00000097	0.00000293	0.00000058	0.00002295
G[T>C]C	0.00001262	0.00001527	0.00064006	0.00275103	0.00538927	0.03346177	0.00711300	0.00348138	0.00217480	0.00458159
G[T>C]G	0.00017572	0.00000351	0.00022677	0.00007979	0.00007636	0.07265779	0.00000167	0.00040974	0.00040109	0.00018487
G[T>C]T	0.00002655	0.00008599	0.00166135	0.00213163	0.00645539	0.05139364	0.00100151	0.00600249	0.00547535	0.01020164
G[T>G]A	0.00007303	0.00000164	0.00026916	0.00272698	0.00117810	0.00058762	0.00415809	0.00244234	0.00040843	0.00360922
G[T>G]C	0.00001235	0.00000423	0.00082985	0.00057539	0.00313069	0.00112782	0.00357392	0.00182278	0.00214050	0.00905196
G[T>G]G	0.00000648	0.00000000	0.00022601	0.00204950	0.00275547	0.00176877	0.01752686	0.00269196	0.00158571	0.00476570
G[T>G]T	0.00000000	0.00000000	0.00048953	0.00585017	0.00136866	0.00310650	0.00139256	0.00711790	0.00343397	0.00452372
T[C>A]A	0.04061348	0.01351496	0.00050701	0.03535859	0.01446293	0.00006735	0.00409095	0.00982790	0.02355599	0.04101909
T[C>A]C	0.01657731	0.00811223	0.00220590	0.01960998	0.01264548	0.00146331	0.01563644	0.00889464	0.05130900	0.03620570
T[C>A]G	0.00110946	0.00437753	0.00020681	0.00706799	0.00596721	0.00006259	0.00020007	0.00651274	0.02339278	0.01233931
T[C>A]T	0.01527959	0.00921595	0.00014313	0.02719039	0.00891693	0.00267544	0.00775452	0.00515550	0.02231953	0.06646986
T[C>G]A	0.24645345	0.01517887	0.00000042	0.00000438	0.10721523	0.00003258	0.00007378	0.00000186	0.00269432	0.00013086
T[C>G]C	0.09758829	0.00107278	0.00000213	0.03588877	0.01538740	0.00000924	0.01493169	0.00375805	0.00216454	0.01617961
T[C>G]G	0.03039543	0.00112160	0.00005448	0.01107595	0.00704167	0.00029202	0.01175142	0.00063996	0.00000281	0.00139918
T[C>G]T	0.42832170	0.00363197	0.00000152	0.02766413	0.00146899	0.00060149	0.00192270	0.00018832	0.00668257	0.00042766
T[C>T]A	0.06167555	0.54683246	0.00008368	0.00940452	0.00098196	0.00089250	0.00000139	0.00000110	0.00000262	0.00000052
T[C>T]C	0.00240055	0.08785441	0.00363330	0.04628533	0.01836502	0.00017175	0.01359068	0.02030488	0.18589624	0.01427822
T[C>T]G	0.00158725	0.08163864	0.06235869	0.05966139	0.01101120	0.00245535	0.00000000	0.03151368	0.23618867	0.00175605
T[C>T]T	0.00105140	0.18035163	0.00000086	0.23801453	0.00130403	0.00003893	0.00384627	0.00072863	0.00826630	0.00279171
T[T>A]A	0.00012960	0.00001658	0.00054148	0.00328178	0.00321144	0.00115319	0.00079411	0.01117478	0.00759977	0.00475899
T[T>A]C	0.00027820	0.00007762	0.00041253	0.00458735	0.00436678	0.00189556	0.00441607	0.00812506	0.00598081	0.00405478
T[T>A]G	0.00000558	0.00003696	0.00000023	0.00355323	0.00093003	0.00197512	0.00934741	0.00174335	0.00185992	0.00527399
T[T>A]T	0.00010418	0.00002796	0.00000019	0.00564350	0.00432627	0.00071951	0.01213003	0.00875528	0.00210859	0.00768417
T[T>C]A	0.00028178	0.00008415	0.00155671	0.00448141	0.00635085	0.01527361	0.00538842	0.00287442	0.00212193	0.00438367
T[T>C]C	0.00017208	0.00011237	0.00239329	0.00752109	0.00707192	0.02223480	0.00797932	0.00991368	0.00392536	0.00886029
T[T>C]G	0.00022486	0.00025727	0.00119693	0.00351902	0.00669667	0.02242904	0.00258529	0.00235278	0.00146399	0.00401748
T[T>C]T	0.00007382	0.00000104	0.00190819	0.00575520	0.00883861	0.01064602	0.00380865	0.00720939	0.00644309	0.00948913
T[T>G]A	0.00008289	0.00000006	0.00006145	0.00355825	0.00157005	0.00000716	0.00403833	0.00146042	0.00336089	0.00672868
T[T>G]C	0.00022729	0.00003812	0.00081699	0.00519053	0.00183957	0.00067311	0.00281287	0.00505699	0.00301908	0.00786804
T[T>G]G	0.00013744	0.00002222	0.00063068	0.00328429	0.00422593	0.00116599	0.00594342	0.00346814	0.00396122	0.00590465
T[T>G]T	0.00004247	0.00000000	0.00007791	0.00676298	0.00557366	0.00133832	0.00672250	0.00468353	0.00468270	0.01261091
