MutationType	ID1	ID2	ID7	ID13	ID83A	ID83B	ID83C	ID83D	ID83E	ID83F	ID83I	ID83J	ID83K	ID83L	ID83N
1:Del:C:0	0.00015989	0.00482412	0.00046656	0.06554837	0.00000113	0.00000086	0.00392516	0.00000314	0.00251478	0.00215094	0.00035447	0.00394498	0.00152763	0.00625404	0.00583492
1:Del:C:1	0.00077352	0.00002210	0.00000000	0.01753646	0.02459122	0.05262377	0.00003228	0.02177822	0.00003089	0.93451018	0.00000528	0.00446237	0.00000326	0.00000435	0.01123295
1:Del:C:2	0.00000000	0.00000311	0.00856194	0.00512022	0.01235856	0.02223710	0.69422831	0.00001141	0.10201017	0.00001086	0.00000516	0.00521740	0.00000229	0.00000489	0.00000933
1:Del:C:3	0.00190761	0.00247208	0.04236015	0.00535052	0.48308147	0.07378187	0.06286565	0.02956739	0.01084746	0.00000954	0.00000280	0.00465260	0.00000501	0.00000470	0.00000821
1:Del:C:4	0.00070599	0.00385698	0.11489191	0.00434601	0.28199094	0.03492647	0.00843208	0.14773382	0.00003066	0.00000451	0.00000479	0.07972179	0.00000676	0.02192121	0.00000959
1:Del:C:5	0.00337011	0.01461542	0.25176314	0.00084306	0.03373653	0.02893753	0.00134713	0.01455660	0.00002831	0.00001414	0.00000725	0.02490492	0.00001121	0.01302450	0.00001073
1:Del:T:0	0.00131160	0.00790597	0.00266749	0.05369876	0.00000210	0.00000122	0.00031673	0.00000330	0.00021368	0.00035254	0.00091110	0.00049950	0.00046903	0.00095941	0.00199951
1:Del:T:1	0.00000000	0.00000000	0.00773273	0.49822416	0.03523661	0.02090306	0.00795352	0.01658538	0.00274001	0.00000793	0.00000419	0.00313413	0.00000227	0.00000246	0.00892407
1:Del:T:2	0.00093645	0.00703642	0.00025476	0.02377780	0.00818046	0.01154077	0.00248069	0.00745981	0.75300969	0.00000909	0.00000334	0.00416457	0.00000288	0.00000543	0.01171835
1:Del:T:3	0.00229585	0.02023474	0.02897274	0.06278095	0.00435043	0.59708139	0.00824049	0.01625910	0.04013880	0.00000357	0.00000412	0.00492751	0.00000297	0.01362411	0.00000986
1:Del:T:4	0.00429142	0.04711993	0.15885055	0.02300438	0.00625768	0.04001830	0.02301240	0.51992511	0.01714960	0.00000645	0.00000617	0.00013652	0.00000382	0.00000904	0.00000755
1:Del:T:5	0.00000000	0.81469723	0.00000019	0.00607958	0.03649768	0.08458589	0.00601328	0.05874846	0.00004055	0.00000155	0.00000044	0.00279672	0.00000138	0.00000654	0.00147597
1:Ins:C:0	0.00000000	0.00000000	0.00067237	0.00285043	0.00000100	0.00000096	0.00717820	0.00312387	0.00000358	0.00361260	0.00042707	0.00851465	0.00173065	0.00404554	0.00314064
1:Ins:C:1	0.00000000	0.00022703	0.00002620	0.00165226	0.00000054	0.00000062	0.00000789	0.00194054	0.00693841	0.00265437	0.00835604	0.02971895	0.00223631	0.03652298	0.01003244
1:Ins:C:2	0.00000000	0.00002620	0.00002580	0.00082125	0.00000544	0.00000147	0.00603883	0.02364882	0.01156406	0.00000979	0.00781212	0.00136836	0.00466941	0.01263024	0.01293071
1:Ins:C:3	0.00084599	0.00043005	0.00240773	0.00037556	0.00000018	0.00000068	0.01428716	0.00438101	0.00000395	0.00001077	0.00343150	0.00342897	0.00978466	0.01088118	0.00804411
1:Ins:C:4	0.00178553	0.00291185	0.01548543	0.00014858	0.00026114	0.00000114	0.02236339	0.00001088	0.00000771	0.01328537	0.00174781	0.02778082	0.01313237	0.00562760	0.01670728
1:Ins:C:5	0.02429654	0.00901754	0.06034323	0.00070698	0.02559706	0.00000140	0.00000584	0.00000297	0.00651473	0.00000637	0.00001396	0.02431956	0.00649277	0.02911104	0.03169084
1:Ins:T:0	0.00228382	0.00132856	0.00000136	0.04113701	0.00000174	0.00000175	0.00650786	0.00098868	0.00000687	0.00000801	0.00589664	0.01515785	0.01231715	0.02751326	0.01447800
1:Ins:T:1	0.00004030	0.00000000	0.00037365	0.00474885	0.00000013	0.00000003	0.00000263	0.00000336	0.00000105	0.01086240	0.02635912	0.02715800	0.00956564	0.00000578	0.32659800
1:Ins:T:2	0.00019286	0.00064703	0.01838271	0.00305417	0.00000016	0.00000024	0.02675420	0.01081032	0.00622470	0.00281920	0.00341087	0.01229869	0.01184595	0.03242501	0.02072161
1:Ins:T:3	0.00424327	0.00108288	0.00889164	0.00927186	0.00101159	0.00000049	0.00000565	0.00000318	0.00000310	0.00231357	0.00528861	0.01050242	0.01159445	0.00730950	0.06737897
1:Ins:T:4	0.01664913	0.00348746	0.01278797	0.01209864	0.00000060	0.00000149	0.00170700	0.00190842	0.00000340	0.00001009	0.00116111	0.01005818	0.00187284	0.00688250	0.01510844
1:Ins:T:5	0.89090647	0.00313258	0.01078985	0.01109979	0.00734116	0.00000002	0.00000303	0.00000207	0.00000018	0.00063980	0.00000108	0.00827702	0.02771883	0.00872915	0.00010649
2:Del:R:0	0.00068605	0.00016381	0.00002330	0.02218440	0.00000238	0.00000003	0.00000038	0.00000140	0.00000039	0.00000075	0.01116451	0.00238003	0.57893940	0.00032027	0.00000602
2:Del:R:1	0.00121997	0.00356888	0.00818230	0.00433321	0.00607824	0.00352748	0.00000533	0.00828398	0.00252957	0.00000956	0.00001686	0.00080286	0.00628036	0.02731973	0.01117766
2:Del:R:2	0.00047275	0.00184957	0.00899154	0.00310892	0.00000287	0.00000143	0.00000892	0.00000436	0.00000610	0.00001595	0.00002023	0.00257064	0.00051408	0.00041771	0.00051975
2:Del:R:3	0.00042672	0.00073904	0.07213214	0.00010557	0.00000153	0.00000176	0.00018031	0.00000442	0.00000478	0.00001165	0.00007991	0.00166862	0.00015795	0.00075208	0.00038923
2:Del:R:4	0.00005460	0.00088193	0.05225084	0.00000613	0.00037096	0.00000097	0.00054967	0.00072030	0.00000445	0.00001356	0.00106584	0.00045370	0.00069518	0.00112598	0.00064751
2:Del:R:5	0.00000000	0.00000000	0.05704633	0.00006630	0.00000287	0.00000224	0.00001077	0.00000508	0.00000619	0.00001445	0.00002249	0.00002216	0.00002641	0.00002533	0.00003231
3:Del:R:0	0.00012804	0.00001250	0.00062541	0.00303967	0.00000121	0.00000843	0.00001438	0.00002422	0.00020135	0.00000128	0.00000553	0.02611359	0.05309809	0.19234748	0.02666861
3:Del:R:1	0.00501109	0.00500326	0.01168900	0.00118696	0.00000479	0.00000104	0.00000778	0.00000310	0.00000575	0.00001112	0.00045663	0.00223120	0.00002803	0.00693033	0.00307528
3:Del:R:2	0.00076938	0.00228989	0.00547485	0.00038438	0.00000160	0.00000118	0.00000794	0.00256709	0.00066967	0.00028335	0.00014950	0.00011133	0.00199627	0.00076225	0.00027593
3:Del:R:3	0.00037126	0.00040259	0.00345675	0.00006900	0.00000287	0.00000224	0.00001077	0.00000508	0.00000619	0.00001445	0.00002249	0.00002216	0.00002641	0.00002533	0.00003231
3:Del:R:4	0.00000000	0.00000000	0.00049254	0.00000309	0.00000287	0.00000224	0.00001077	0.00000508	0.00000619	0.00001445	0.00002249	0.00002216	0.00002641	0.00002533	0.00003231
3:Del:R:5	0.00000000	0.00000000	0.00043659	0.00009960	0.00000287	0.00000224	0.00001077	0.00000508	0.00000619	0.00001445	0.00002249	0.00002216	0.00002641	0.00002533	0.00003231
4:Del:R:0	0.00009970	0.00001210	0.00013088	0.00215535	0.00150835	0.00000091	0.00000364	0.00000635	0.00000097	0.00000179	0.00612822	0.03004141	0.00856357	0.18227903	0.01395455
4:Del:R:1	0.00090050	0.00211579	0.00339680	0.00002300	0.00000127	0.00000097	0.00044117	0.00128957	0.00051139	0.00001101	0.00026607	0.00077666	0.00179030	0.00274340	0.00179384
4:Del:R:2	0.00000323	0.00054329	0.00277739	0.00007920	0.00000287	0.00000224	0.00001077	0.00000508	0.00000619	0.00001445	0.00002249	0.00002216	0.00002641	0.00002533	0.00003231
4:Del:R:3	0.00000000	0.00000727	0.00043959	0.00003920	0.00000287	0.00000224	0.00001077	0.00000508	0.00000619	0.00001445	0.00002249	0.00002216	0.00002641	0.00002533	0.00003231
4:Del:R:4	0.00000000	0.00000000	0.00020181	0.00000947	0.00000287	0.00000224	0.00001077	0.00000508	0.00000619	0.00001445	0.00002249	0.00002216	0.00002641	0.00002533	0.00003231
4:Del:R:5	0.00002890	0.00021041	0.00025076	0.00006300	0.00000287	0.00000224	0.00001077	0.00000508	0.00000619	0.00001445	0.00002249	0.00002216	0.00002641	0.00002533	0.00003231
5:Del:R:0	0.00000835	0.00003850	0.00008550	0.02009754	0.00000064	0.00000006	0.00000121	0.00000019	0.00000002	0.00000207	0.71372597	0.00001645	0.00000259	0.00000256	0.00000475
5:Del:R:1	0.00019068	0.00297751	0.00347673	0.00298053	0.00000287	0.00000224	0.00001077	0.00000508	0.00000619	0.00001445	0.00002249	0.00002216	0.00002641	0.00002533	0.00003231
5:Del:R:2	0.00012636	0.00039753	0.00116890	0.00006990	0.00000287	0.00000224	0.00001077	0.00000508	0.00000619	0.00001445	0.00002249	0.00002216	0.00002641	0.00002533	0.00003231
5:Del:R:3	0.00001890	0.00015815	0.00040662	0.00000640	0.00000287	0.00000224	0.00001077	0.00000508	0.00000619	0.00001445	0.00002249	0.00002216	0.00002641	0.00002533	0.00003231
5:Del:R:4	0.00000311	0.00008470	0.00012588	0.00000146	0.00000287	0.00000224	0.00001077	0.00000508	0.00000619	0.00001445	0.00002249	0.00002216	0.00002641	0.00002533	0.00003231
5:Del:R:5	0.00003130	0.00002120	0.00002080	0.00000235	0.00000287	0.00000224	0.00001077	0.00000508	0.00000619	0.00001445	0.00002249	0.00002216	0.00002641	0.00002533	0.00003231
2:Ins:R:0	0.00040204	0.00033185	0.00003040	0.01061841	0.00000050	0.00000103	0.01805451	0.00428889	0.00000449	0.00490025	0.00001505	0.00634711	0.00664716	0.01421808	0.00847699
2:Ins:R:1	0.00000788	0.00027166	0.00039763	0.00180137	0.01150952	0.00624160	0.00000627	0.01100747	0.00736448	0.00000482	0.00303635	0.01101090	0.01245918	0.01262776	0.01668405
2:Ins:R:2	0.00022135	0.00103534	0.00007010	0.00068852	0.00000070	0.00311310	0.00436949	0.00926520	0.00000471	0.00154604	0.00191484	0.01003746	0.01187824	0.00408962	0.01337551
2:Ins:R:3	0.00051427	0.00038133	0.00314704	0.00074354	0.00035260	0.00000314	0.00001031	0.00000459	0.00000592	0.00001348	0.00002148	0.00002208	0.00002606	0.00002675	0.00003247
2:Ins:R:4	0.00291310	0.00197742	0.00182828	0.00021335	0.00000145	0.00000137	0.00044129	0.00106981	0.00045241	0.00036223	0.00001915	0.00122247	0.00047188	0.00167260	0.00150072
2:Ins:R:5	0.01812158	0.01363338	0.00024477	0.00084658	0.00136236	0.00000108	0.00000948	0.00066093	0.00000531	0.00114537	0.00044473	0.00066017	0.00019243	0.00201554	0.00137980
3:Ins:R:0	0.00000031	0.00005780	0.00000000	0.00008210	0.00000078	0.00000036	0.00694953	0.00000286	0.00248348	0.00127498	0.00284924	0.01201767	0.00169162	0.00911506	0.01759847
3:Ins:R:1	0.00025469	0.00122705	0.00000551	0.00368833	0.00000071	0.00207565	0.00269988	0.00266412	0.00031336	0.00060843	0.00149065	0.00221911	0.00096566	0.01115674	0.00118390
3:Ins:R:2	0.00004410	0.00021007	0.00005470	0.00020251	0.00053731	0.00000125	0.00000786	0.00133113	0.00111794	0.00000849	0.00130598	0.00585713	0.00089584	0.00802757	0.00420945
3:Ins:R:3	0.00016670	0.00000302	0.00017783	0.00002370	0.00000287	0.00000224	0.00001077	0.00000508	0.00000619	0.00001445	0.00002249	0.00002216	0.00002641	0.00002533	0.00003231
3:Ins:R:4	0.00008890	0.00014181	0.00041561	0.00000349	0.00000190	0.00000133	0.00078012	0.00038289	0.00062540	0.00001221	0.00008724	0.00066068	0.00002360	0.00023412	0.00146871
3:Ins:R:5	0.00124870	0.00186471	0.00076928	0.00003540	0.00079275	0.00000138	0.00050145	0.00000384	0.00071303	0.00013531	0.00030700	0.00085485	0.00046507	0.00019379	0.00149003
4:Ins:R:0	0.00000000	0.00001680	0.00000000	0.00111880	0.00000114	0.00000158	0.00042071	0.00071832	0.00248351	0.00078655	0.00033428	0.00262703	0.00219215	0.00380877	0.00638816
4:Ins:R:1	0.00074438	0.00120373	0.00002610	0.00269163	0.00000145	0.00000000	0.01367750	0.00000336	0.00000351	0.00163126	0.00001448	0.02985731	0.00220634	0.01203621	0.01441963
4:Ins:R:2	0.00007550	0.00001220	0.00019482	0.00006930	0.00000164	0.00000100	0.00000844	0.00019472	0.00000438	0.00006900	0.00002211	0.00037419	0.00089940	0.00283792	0.00232667
4:Ins:R:3	0.00015754	0.00013417	0.00027374	0.00000064	0.00000287	0.00000224	0.00001077	0.00000508	0.00000619	0.00001445	0.00002249	0.00002216	0.00002641	0.00002533	0.00003231
4:Ins:R:4	0.00031965	0.00024939	0.00025876	0.00001210	0.00000287	0.00000224	0.00001077	0.00000508	0.00000619	0.00001445	0.00002249	0.00002216	0.00002641	0.00002533	0.00003231
4:Ins:R:5	0.00100132	0.00219354	0.00000874	0.00000031	0.00000148	0.00000159	0.00000847	0.00019569	0.00000749	0.00039559	0.00002005	0.00031678	0.00054840	0.00087744	0.00057787
5:Ins:R:0	0.00000000	0.00000000	0.00000000	0.00259023	0.00810365	0.00228050	0.00336676	0.00000513	0.00333253	0.00000927	0.00409719	0.00625654	0.00507835	0.00620446	0.00581819
5:Ins:R:1	0.00144313	0.00013566	0.00000000	0.01350195	0.00000027	0.00000170	0.00000661	0.00064357	0.00000343	0.00000722	0.00685466	0.00845041	0.01314965	0.01217842	0.01226831
5:Ins:R:2	0.00025483	0.00000553	0.00000884	0.00004590	0.00000287	0.00000224	0.00001077	0.00000508	0.00000619	0.00001445	0.00002249	0.00002216	0.00002641	0.00002533	0.00003231
5:Ins:R:3	0.00023709	0.00009770	0.00000446	0.00004610	0.00000287	0.00000224	0.00001077	0.00000508	0.00000619	0.00001445	0.00002249	0.00002216	0.00002641	0.00002533	0.00003231
5:Ins:R:4	0.00026187	0.00000215	0.00001060	0.00000243	0.00000178	0.00000160	0.00000791	0.00000446	0.00000483	0.00031295	0.00001993	0.00013231	0.00070737	0.00049848	0.00087666
5:Ins:R:5	0.00011983	0.00011563	0.00000428	0.00004330	0.00000230	0.00000144	0.00000804	0.00038469	0.00000774	0.00027048	0.00014837	0.00031644	0.00002526	0.00100182	0.00083969
2:Del:M:1	0.00119782	0.00017555	0.00312706	0.00887241	0.00000007	0.00000012	0.00000339	0.03420063	0.01505011	0.00000385	0.00000895	0.01016637	0.05428867	0.08859584	0.02450047
3:Del:M:1	0.00008190	0.00000055	0.00025476	0.00114008	0.00563638	0.01436173	0.00000657	0.00000239	0.00000098	0.00000299	0.00783261	0.03872808	0.03028810	0.02782159	0.12493807
3:Del:M:2	0.00147959	0.00294406	0.00463564	0.00045031	0.00234125	0.00000139	0.01396640	0.00823825	0.00000316	0.00000765	0.00001092	0.00656031	0.01299869	0.02290524	0.04730136
4:Del:M:1	0.00008380	0.00014700	0.00018383	0.00127080	0.00071923	0.00000132	0.00000970	0.01046357	0.00000202	0.00000454	0.00466163	0.02834825	0.01985564	0.04666737	0.02294339
4:Del:M:2	0.00014548	0.00055061	0.00101904	0.00015972	0.00000130	0.00000118	0.00070529	0.01023457	0.00000471	0.00140338	0.00219321	0.00207083	0.00946858	0.00536372	0.01037677
4:Del:M:3	0.00016068	0.00069357	0.00071732	0.00027058	0.00000124	0.00000293	0.01162481	0.00177852	0.00000383	0.00027852	0.00048551	0.00185856	0.00291917	0.00299842	0.00217296
5:Del:M:1	0.00000082	0.00062496	0.00002360	0.01174078	0.00000001	0.00000074	0.00000441	0.00000099	0.00000182	0.00000733	0.11744813	0.33680392	0.02325573	0.00000466	0.00001061
5:Del:M:2	0.00000000	0.00011771	0.00024577	0.00705542	0.00000340	0.00000056	0.01544713	0.00164770	0.00000263	0.00679815	0.03391277	0.07439518	0.00940745	0.02604259	0.00915339
5:Del:M:3	0.00000000	0.00005670	0.00006160	0.00216598	0.00000057	0.00000074	0.00000534	0.00528292	0.00000482	0.00317452	0.00759148	0.01517514	0.00606619	0.00682054	0.01165670
5:Del:M:4	0.00003880	0.00046284	0.00006820	0.00028174	0.00000106	0.00103981	0.00000620	0.00286281	0.00000376	0.00087980	0.00314640	0.00135865	0.00283423	0.01481471	0.00609710
5:Del:M:5	0.00066512	0.00236732	0.00173836	0.01313191	0.00009011	0.00062567	0.00176213	0.00000368	0.00191204	0.00000972	0.00100650	0.00058219	0.00055308	0.00218289	0.00266063
