MutationType	SBS96A	SBS96B	SBS96C	SBS96D	SBS96E	SBS96F	SBS96G	SBS96H	SBS96I	SBS96J	SBS96K
A[C>A]A	7.70E-04	3.89E-03	6.17E-03	4.22E-03	7.96E-03	4.71E-03	3.24E-03	3.82E-03	4.87E-03	4.56E-03	1.15E-02
A[C>A]C	1.69E-04	5.88E-04	3.82E-03	2.48E-03	3.65E-03	5.57E-03	5.01E-04	6.18E-03	6.73E-03	8.54E-03	2.29E-03
A[C>A]G	2.45E-04	2.12E-03	2.30E-03	3.08E-45	1.15E-03	6.03E-03	2.27E-03	2.54E-03	2.64E-03	6.53E-04	7.97E-03
A[C>A]T	1.53E-04	2.92E-03	1.03E-02	7.31E-03	2.63E-03	2.47E-03	2.09E-03	1.58E-03	1.77E-22	1.30E-02	7.45E-03
A[C>G]A	2.70E-04	3.43E-03	4.22E-03	2.07E-03	2.69E-03	3.85E-03	6.38E-04	4.27E-03	4.91E-03	2.37E-03	8.47E-03
A[C>G]C	4.72E-04	7.04E-04	1.79E-03	3.70E-04	5.33E-03	5.62E-03	2.11E-03	2.42E-03	6.26E-03	6.30E-03	1.00E-07
A[C>G]G	4.67E-04	1.90E-03	2.71E-03	3.71E-03	1.07E-03	2.74E-03	4.88E-08	2.56E-03	2.18E-03	4.19E-03	5.40E-04
A[C>G]T	4.34E-04	3.28E-03	7.91E-03	5.48E-03	1.24E-02	4.95E-03	5.76E-04	3.47E-03	4.60E-03	9.22E-03	4.46E-03
A[C>T]A	1.59E-03	1.55E-03	4.39E-03	8.22E-03	4.69E-03	9.47E-03	2.21E-03	5.71E-03	2.14E-03	7.53E-04	1.04E-03
A[C>T]C	6.58E-04	2.53E-03	3.06E-03	4.06E-03	3.06E-03	5.37E-03	2.72E-03	3.38E-03	3.64E-03	4.91E-03	3.27E-03
A[C>T]G	1.18E-03	5.10E-03	7.09E-03	5.45E-03	9.36E-03	8.42E-03	9.27E-03	1.74E-02	2.19E-02	3.34E-03	2.52E-02
A[C>T]T	3.60E-04	2.79E-03	2.49E-03	5.01E-03	8.97E-03	3.73E-03	2.41E-03	2.07E-03	1.92E-03	1.51E-03	3.06E-03
A[T>A]A	9.64E-05	8.86E-03	2.00E-03	2.15E-03	3.02E-03	1.04E-03	3.63E-08	1.08E-03	3.04E-03	5.38E-03	3.76E-03
A[T>A]C	3.09E-04	1.09E-03	2.33E-03	3.77E-03	1.06E-03	1.95E-03	2.32E-03	7.38E-03	2.49E-03	1.33E-03	4.29E-03
A[T>A]G	2.93E-04	3.09E-03	3.20E-03	2.16E-03	3.81E-03	7.43E-03	2.42E-07	4.16E-03	5.96E-03	3.65E-03	3.26E-03
A[T>A]T	0.00E+00	1.70E-03	4.84E-03	3.19E-03	1.08E-03	2.64E-03	1.91E-03	2.36E-03	5.02E-03	2.05E-03	3.76E-03
A[T>C]A	3.32E-04	3.95E-03	2.91E-03	6.18E-03	5.06E-03	7.65E-03	1.02E-08	3.86E-03	4.03E-03	5.88E-03	6.66E-03
A[T>C]C	5.40E-04	3.83E-03	7.85E-03	2.84E-03	3.33E-03	5.64E-03	1.01E-03	3.15E-03	2.39E-03	6.89E-03	3.90E-03
A[T>C]G	7.84E-04	1.39E-03	3.98E-03	1.15E-03	4.00E-03	8.81E-03	6.08E-03	3.45E-03	3.50E-03	6.30E-03	2.41E-03
A[T>C]T	4.54E-04	4.04E-03	5.17E-03	5.85E-03	5.38E-03	8.06E-03	1.47E-03	6.19E-03	5.24E-03	2.84E-03	3.00E-03
A[T>G]A	3.01E-05	2.16E-03	6.25E-03	2.85E-03	2.81E-03	2.35E-03	9.27E-04	2.49E-03	3.59E-03	2.88E-03	1.26E-03
A[T>G]C	1.11E-04	6.74E-04	1.12E-03	2.26E-03	1.09E-03	3.76E-03	4.14E-08	2.92E-04	1.67E-03	7.39E-04	4.19E-07
A[T>G]G	9.98E-05	4.21E-03	4.55E-03	2.66E-03	2.63E-03	5.55E-04	4.10E-08	3.30E-03	2.40E-03	2.33E-03	2.76E-07
A[T>G]T	3.47E-04	1.58E-03	3.13E-04	1.64E-03	6.02E-03	3.05E-03	1.04E-03	9.09E-04	4.01E-03	1.99E-03	2.19E-03
C[C>A]A	2.40E-04	5.48E-03	3.68E-03	1.55E-03	5.13E-03	5.79E-03	3.84E-09	4.93E-03	1.68E-03	1.16E-03	4.55E-03
C[C>A]C	3.03E-04	4.71E-03	1.13E-03	1.05E-02	1.35E-02	4.28E-03	1.27E-03	5.17E-04	5.49E-03	4.45E-03	6.46E-03
C[C>A]G	7.41E-04	4.38E-04	2.65E-03	1.14E-03	1.68E-03	4.48E-03	1.60E-03	1.32E-03	1.97E-07	4.31E-03	1.16E-03
C[C>A]T	5.26E-04	1.64E-03	3.35E-03	8.76E-03	5.20E-03	1.10E-03	4.80E-27	3.32E-03	5.65E-03	5.65E-03	1.02E-02
C[C>G]A	1.42E-03	2.76E-03	3.12E-03	2.80E-03	2.47E-03	9.12E-03	0.00E+00	3.30E-03	1.70E-03	2.09E-03	3.74E-03
C[C>G]C	2.80E-04	4.27E-03	1.17E-03	1.61E-03	3.28E-03	4.58E-03	2.87E-03	4.66E-03	0.00E+00	2.82E-03	5.49E-03
C[C>G]G	6.95E-04	1.44E-03	5.68E-03	1.35E-03	2.31E-03	1.96E-03	4.07E-08	4.81E-03	3.03E-03	2.93E-03	1.50E-07
C[C>G]T	1.66E-03	2.11E-03	3.93E-03	5.63E-03	5.87E-03	8.61E-03	7.34E-04	3.88E-03	5.64E-03	4.32E-03	4.85E-03
C[C>T]A	2.53E-03	3.48E-03	4.70E-03	3.76E-03	3.60E-03	5.46E-03	1.08E-03	4.42E-03	4.52E-03	4.80E-03	3.79E-03
C[C>T]C	1.44E-03	2.96E-03	4.32E-03	7.15E-03	6.33E-03	1.13E-02	4.05E-39	2.69E-03	1.39E-07	2.07E-03	0.00E+00
C[C>T]G	1.69E-03	3.00E-03	5.92E-03	3.75E-03	3.49E-03	8.32E-13	5.79E-03	8.22E-03	1.21E-02	2.39E-03	6.57E-03
C[C>T]T	1.46E-03	1.92E-03	5.77E-03	3.56E-03	1.69E-03	3.08E-03	3.38E-03	3.63E-03	2.02E-03	4.45E-03	5.14E-03
C[T>A]A	1.16E-04	2.01E-03	2.55E-03	3.21E-03	2.56E-03	2.26E-03	1.09E-03	2.03E-03	8.10E-04	1.49E-03	2.55E-03
C[T>A]C	3.72E-04	4.16E-04	4.98E-03	2.99E-03	6.54E-03	5.31E-03	1.95E-03	3.07E-03	3.19E-03	8.61E-03	3.14E-03
C[T>A]G	1.98E-04	2.74E-03	3.79E-03	8.85E-04	1.55E-03	1.39E-03	2.63E-03	2.49E-03	5.88E-03	5.43E-03	1.73E-07
C[T>A]T	0.00E+00	5.22E-03	3.53E-03	3.83E-03	3.82E-03	7.98E-04	3.20E-08	1.25E-03	3.78E-03	4.91E-03	2.89E-03
C[T>C]A	2.57E-04	1.71E-03	1.97E-03	2.70E-03	4.33E-03	2.26E-04	2.51E-03	1.00E-03	2.15E-03	3.01E-03	2.39E-03
C[T>C]C	3.09E-04	1.95E-03	6.38E-03	3.56E-03	4.02E-03	4.25E-03	2.49E-04	2.39E-03	3.38E-03	2.82E-03	3.96E-03
C[T>C]G	4.40E-04	1.89E-03	5.40E-03	6.97E-04	7.26E-03	8.63E-03	0.00E+00	0.00E+00	5.98E-04	8.63E-03	1.06E-02
C[T>C]T	1.45E-04	1.71E-03	7.49E-03	2.95E-03	4.89E-03	1.13E-02	7.85E-04	1.28E-03	0.00E+00	1.34E-03	3.39E-03
C[T>G]A	0.00E+00	3.10E-03	1.36E-03	1.03E-03	7.72E-04	1.20E-03	4.09E-08	3.40E-03	3.97E-03	1.45E-05	2.33E-07
C[T>G]C	2.08E-04	5.81E-04	5.15E-04	1.88E-03	3.85E-03	6.75E-03	1.51E-03	1.60E-03	2.01E-03	2.25E-03	8.89E-03
C[T>G]G	4.90E-04	2.09E-03	2.37E-03	2.68E-03	1.07E-03	3.86E-03	1.64E-08	6.90E-03	2.18E-03	1.69E-03	7.50E-03
C[T>G]T	0.00E+00	3.09E-03	2.12E-03	2.32E-03	9.59E-04	8.24E-03	1.25E-27	4.11E-03	9.13E-08	3.24E-03	3.04E-03
G[C>A]A	6.99E-04	4.06E-03	1.83E-03	2.81E-03	2.61E-03	3.20E-03	3.12E-03	4.01E-03	7.04E-03	3.89E-03	1.81E-03
G[C>A]C	5.25E-04	3.26E-03	5.71E-03	5.79E-03	4.59E-03	4.56E-04	9.80E-04	2.46E-03	5.32E-03	2.88E-03	5.80E-03
G[C>A]G	4.42E-04	6.23E-03	1.49E-03	7.23E-08	5.35E-04	4.29E-03	1.08E-03	3.88E-03	1.05E-07	1.35E-03	5.64E-04
G[C>A]T	3.17E-04	3.62E-03	2.27E-03	6.53E-03	2.19E-03	2.84E-03	2.74E-03	4.16E-03	4.26E-03	2.55E-03	3.11E-07
G[C>G]A	2.31E-04	2.29E-03	4.21E-03	3.27E-03	4.63E-03	4.30E-03	1.54E-03	1.30E-03	1.10E-03	3.51E-03	8.69E-04
G[C>G]C	3.41E-04	9.85E-04	2.85E-03	1.82E-03	2.62E-03	3.26E-03	7.96E-08	1.27E-03	8.27E-04	5.62E-03	5.11E-03
G[C>G]G	5.89E-04	2.80E-03	2.14E-03	2.43E-03	2.44E-03	8.96E-08	1.12E-03	6.03E-04	4.45E-04	4.78E-04	5.86E-04
G[C>G]T	1.01E-03	1.35E-03	6.21E-03	3.40E-03	1.69E-03	1.08E-03	3.98E-03	1.10E-07	4.70E-04	6.71E-03	3.41E-20
G[C>T]A	1.31E-03	6.15E-03	5.89E-03	2.99E-03	5.69E-03	4.26E-03	1.02E-03	3.61E-03	9.03E-03	5.24E-03	2.64E-03
G[C>T]C	6.44E-04	3.56E-03	1.70E-03	5.57E-03	6.21E-03	6.17E-03	1.56E-03	4.52E-03	3.98E-04	7.49E-03	4.06E-03
G[C>T]G	2.61E-03	3.00E-03	1.03E-02	4.43E-03	1.07E-03	5.75E-03	1.20E-02	8.38E-03	1.46E-02	1.56E-03	8.14E-03
G[C>T]T	1.02E-03	1.86E-03	4.17E-03	3.70E-03	2.45E-03	3.35E-03	6.56E-04	3.09E-03	2.97E-03	4.68E-03	3.64E-03
G[T>A]A	1.34E-04	1.82E-03	5.41E-04	2.71E-03	2.18E-03	3.42E-03	7.61E-04	3.70E-03	1.36E-03	4.20E-03	2.77E-03
G[T>A]C	0.00E+00	3.28E-03	1.90E-03	3.22E-03	2.05E-03	3.12E-03	4.86E-08	8.68E-04	1.32E-03	1.84E-03	7.01E-04
G[T>A]G	2.98E-04	1.61E-03	4.05E-04	1.24E-03	1.86E-03	3.86E-03	1.59E-03	2.95E-03	3.58E-03	3.80E-03	6.28E-04
G[T>A]T	1.20E-04	7.91E-04	8.20E-04	4.50E-03	3.56E-03	1.99E-03	1.15E-03	3.08E-03	4.09E-03	2.88E-03	4.32E-03
G[T>C]A	1.14E-04	3.20E-03	2.36E-03	3.69E-03	2.77E-03	2.89E-03	1.61E-03	3.87E-03	1.49E-03	6.32E-03	7.86E-04
G[T>C]C	2.84E-04	1.40E-07	3.62E-03	1.65E-03	4.01E-03	3.79E-03	1.04E-03	2.31E-03	4.45E-03	1.53E-03	3.93E-03
G[T>C]G	1.30E-04	7.12E-08	5.63E-04	3.35E-03	1.97E-03	1.67E-03	8.56E-08	1.14E-03	5.97E-03	3.98E-03	5.08E-03
G[T>C]T	7.38E-05	1.98E-03	3.74E-03	1.54E-03	1.71E-03	6.96E-03	4.12E-03	4.98E-03	7.17E-03	1.98E-03	2.83E-03
G[T>G]A	0.00E+00	2.37E-03	3.07E-03	2.52E-03	2.37E-03	3.02E-03	2.65E-08	2.31E-07	3.53E-03	1.55E-03	3.72E-03
G[T>G]C	9.52E-05	2.74E-03	1.29E-03	6.14E-04	1.33E-03	2.75E-03	1.26E-03	0.00E+00	9.51E-04	1.63E-03	5.06E-03
G[T>G]G	3.80E-04	1.63E-03	3.71E-03	4.18E-03	1.93E-03	3.91E-03	1.34E-03	4.23E-03	5.74E-20	4.81E-03	8.34E-04
G[T>G]T	2.52E-04	6.84E-03	2.85E-03	1.72E-03	3.29E-03	7.11E-03	1.22E-03	2.66E-03	1.57E-03	2.23E-03	1.48E-07
T[C>A]A	4.65E-03	4.83E-03	3.04E-03	5.46E-03	5.52E-03	5.49E-03	2.31E-03	4.10E-03	7.67E-03	3.66E-03	6.45E-03
T[C>A]C	3.45E-03	5.56E-03	5.05E-03	1.05E-02	6.55E-03	3.74E-03	5.80E-03	3.77E-03	2.65E-03	9.37E-03	5.44E-03
T[C>A]G	1.31E-03	1.39E-03	1.25E-03	1.13E-03	9.17E-04	3.30E-03	2.37E-03	1.48E-03	2.78E-03	1.47E-03	5.01E-03
T[C>A]T	2.63E-03	9.44E-03	5.27E-03	4.07E-03	1.44E-02	1.35E-02	4.23E-03	3.58E-03	5.20E-03	8.27E-03	3.23E-03
T[C>G]A	1.79E-02	3.69E-02	8.84E-03	3.99E-03	1.43E-02	4.88E-04	1.41E-02	5.39E-03	5.52E-03	8.32E-03	8.16E-03
T[C>G]C	1.82E-03	5.90E-03	8.86E-03	4.04E-03	1.13E-02	6.05E-03	5.75E-03	3.95E-03	5.89E-03	4.83E-03	1.45E-02
T[C>G]G	2.97E-03	8.25E-04	8.44E-04	1.56E-03	7.90E-04	2.95E-03	1.47E-03	2.18E-03	1.59E-07	1.80E-03	3.03E-03
T[C>G]T	1.26E-02	4.04E-02	9.17E-03	6.39E-04	2.34E-02	4.85E-03	1.81E-02	9.24E-03	3.52E-03	1.45E-02	4.81E-03
T[C>T]A	2.39E-02	2.66E-02	4.65E-03	6.96E-03	2.83E-03	6.07E-03	2.24E-02	1.26E-02	8.95E-03	7.51E-03	1.08E-02
T[C>T]C	1.23E-02	2.05E-02	5.13E-03	5.77E-03	2.81E-03	4.37E-03	5.56E-03	5.41E-03	5.80E-03	8.27E-03	1.00E-02
T[C>T]G	3.30E-03	6.31E-03	3.37E-03	3.10E-03	1.02E-03	2.25E-03	7.47E-03	1.23E-02	1.04E-02	3.83E-03	9.87E-03
T[C>T]T	9.80E-03	1.58E-02	5.12E-03	3.12E-03	2.61E-03	1.52E-02	1.58E-02	1.18E-02	8.84E-03	8.29E-03	1.16E-02
T[T>A]A	3.92E-04	3.38E-03	2.58E-03	1.16E-03	5.12E-03	4.78E-03	7.43E-03	4.25E-03	7.74E-03	2.06E-03	4.34E-03
T[T>A]C	2.66E-04	2.06E-03	2.51E-03	1.85E-03	5.64E-03	2.66E-03	2.15E-03	5.02E-03	4.60E-03	3.64E-03	3.61E-03
T[T>A]G	1.36E-04	3.99E-03	2.19E-03	1.35E-03	2.05E-03	2.29E-03	1.98E-08	1.46E-03	3.77E-03	1.31E-03	5.02E-03
T[T>A]T	2.38E-04	3.06E-03	1.73E-03	1.36E-03	5.66E-03	7.45E-03	1.95E-03	6.16E-04	2.98E-03	5.05E-03	4.56E-03
T[T>C]A	0.00E+00	2.90E-03	6.07E-03	2.18E-03	2.82E-03	2.09E-03	2.69E-03	7.70E-03	4.87E-03	2.73E-03	2.49E-03
T[T>C]C	2.33E-04	2.43E-03	2.30E-03	2.72E-03	4.40E-03	1.74E-03	6.77E-03	3.72E-03	3.87E-03	7.61E-04	4.50E-03
T[T>C]G	4.50E-04	3.13E-03	1.85E-03	1.85E-03	2.78E-03	2.66E-03	8.40E-04	2.87E-03	1.12E-03	6.39E-30	8.21E-03
T[T>C]T	9.92E-05	4.30E-03	2.98E-03	7.79E-04	5.08E-03	5.43E-03	4.05E-03	5.26E-03	8.87E-03	1.86E-03	1.14E-02
T[T>G]A	2.22E-04	8.84E-04	5.45E-03	3.02E-03	5.70E-03	4.72E-03	2.82E-03	1.21E-03	1.76E-03	1.63E-03	7.92E-03
T[T>G]C	1.76E-04	2.02E-03	2.88E-03	1.87E-03	1.98E-03	1.75E-03	2.39E-04	5.05E-04	3.37E-04	1.36E-03	1.36E-03
T[T>G]G	0.00E+00	3.36E-03	4.88E-03	2.36E-03	1.35E-03	5.19E-03	6.61E-04	1.60E-03	2.39E-07	5.47E-03	6.70E-04
T[T>G]T	2.20E-04	4.47E-03	9.21E-04	3.20E-03	4.49E-03	2.65E-03	4.56E-08	1.50E-03	7.33E-03	2.40E-03	2.66E-03
