MutationType	SBS96A	SBS96B	SBS96C	SBS96D	SBS96E	SBS96F	SBS96G	SBS96H	SBS96I	SBS96J
A[C>A]A	9.27E-04	7.48E-04	7.83E-03	4.01E-03	4.77E-03	3.27E-03	7.53E-03	5.11E-03	1.61E-03	8.50E-03
A[C>A]C	1.17E-04	4.93E-03	3.70E-03	5.90E-03	3.66E-03	2.84E-03	7.07E-03	5.18E-03	4.16E-03	5.67E-03
A[C>A]G	1.14E-03	4.81E-04	4.19E-03	8.36E-04	3.75E-03	3.38E-03	5.52E-03	1.16E-06	1.47E-03	7.72E-04
A[C>A]T	2.22E-03	2.06E-03	7.55E-03	3.54E-03	5.92E-03	4.36E-03	7.40E-03	8.31E-03	4.89E-03	5.09E-03
A[C>G]A	9.51E-04	1.96E-03	4.47E-03	3.54E-03	5.10E-03	5.33E-03	5.97E-03	3.33E-03	1.86E-03	3.89E-03
A[C>G]C	6.81E-04	5.09E-03	4.76E-03	3.18E-03	2.48E-03	3.93E-03	3.01E-03	1.57E-05	3.24E-03	2.25E-03
A[C>G]G	4.18E-04	1.41E-03	2.46E-03	5.22E-04	4.14E-03	7.20E-04	4.69E-03	1.57E-03	3.83E-03	5.54E-04
A[C>G]T	1.16E-03	6.34E-03	4.63E-03	1.19E-02	8.87E-03	5.32E-03	1.56E-03	7.81E-03	6.72E-03	5.38E-03
A[C>T]A	1.95E-03	6.79E-03	2.59E-03	5.65E-03	3.51E-03	5.85E-03	3.35E-03	4.83E-03	1.91E-03	6.03E-03
A[C>T]C	1.34E-03	1.46E-03	3.69E-03	4.73E-03	3.97E-03	1.10E-03	8.79E-03	4.51E-03	3.89E-03	3.81E-03
A[C>T]G	5.82E-03	3.89E-03	6.86E-03	1.09E-02	1.75E-02	1.16E-02	1.97E-02	6.36E-03	5.17E-03	1.04E-02
A[C>T]T	4.41E-04	4.54E-04	2.55E-03	9.49E-03	3.45E-03	6.52E-03	2.61E-03	3.86E-03	2.66E-03	7.85E-03
A[T>A]A	4.91E-04	1.09E-03	2.74E-03	4.07E-03	1.22E-03	5.61E-03	1.08E-03	2.53E-03	1.65E-04	1.26E-03
A[T>A]C	2.16E-04	1.22E-03	4.65E-03	3.63E-03	2.23E-03	2.93E-03	1.54E-03	2.37E-03	3.63E-03	1.16E-03
A[T>A]G	4.41E-04	4.82E-04	7.28E-03	3.01E-03	5.25E-03	4.75E-04	1.24E-03	4.45E-03	5.28E-03	3.83E-03
A[T>A]T	5.44E-04	0.00E+00	2.46E-03	7.49E-03	3.32E-03	3.86E-03	5.17E-03	5.04E-03	1.76E-03	3.14E-03
A[T>C]A	2.87E-04	3.51E-03	3.68E-03	3.47E-03	1.32E-03	2.92E-03	5.06E-03	7.66E-03	3.18E-03	8.10E-03
A[T>C]C	4.54E-04	8.25E-04	2.98E-03	3.25E-03	4.84E-03	9.27E-04	3.56E-03	5.12E-03	2.36E-03	1.64E-03
A[T>C]G	5.86E-04	5.47E-03	4.03E-03	3.40E-03	2.30E-03	2.08E-03	7.15E-03	3.85E-03	4.92E-03	3.73E-03
A[T>C]T	9.00E-04	3.75E-03	1.06E-03	4.15E-03	7.33E-04	2.20E-03	5.06E-03	2.43E-03	3.77E-03	3.54E-03
A[T>G]A	4.75E-05	6.97E-04	8.47E-04	2.26E-03	2.01E-03	5.77E-03	5.24E-03	5.90E-04	6.13E-03	1.02E-03
A[T>G]C	4.60E-05	5.04E-04	1.93E-03	3.16E-04	1.02E-03	2.37E-03	2.18E-03	2.02E-06	1.47E-03	4.50E-04
A[T>G]G	1.55E-04	2.06E-03	3.43E-03	2.85E-03	3.94E-03	2.30E-03	3.43E-03	1.19E-03	2.75E-03	2.85E-04
A[T>G]T	1.58E-04	1.15E-03	5.63E-03	3.29E-03	6.14E-04	1.62E-03	5.63E-04	1.10E-03	1.79E-03	1.02E-03
C[C>A]A	3.74E-04	2.44E-03	1.94E-03	5.93E-03	5.51E-03	5.14E-03	2.52E-03	4.14E-03	1.99E-03	5.61E-03
C[C>A]C	1.51E-03	8.09E-04	2.37E-03	9.63E-03	3.12E-03	1.98E-03	6.47E-03	2.54E-03	5.77E-08	4.34E-03
C[C>A]G	7.43E-04	1.98E-03	2.01E-03	1.51E-03	2.57E-03	9.46E-04	3.61E-03	0.00E+00	2.61E-03	3.35E-04
C[C>A]T	3.78E-04	1.33E-03	4.07E-03	2.80E-03	5.20E-03	3.99E-03	4.34E-03	3.55E-03	3.07E-03	1.07E-02
C[C>G]A	1.64E-03	8.61E-03	2.65E-03	4.75E-03	2.65E-03	4.72E-03	8.84E-03	5.13E-03	3.57E-03	2.64E-03
C[C>G]C	5.64E-04	3.96E-03	2.91E-03	5.52E-03	2.48E-03	4.49E-03	5.37E-03	5.76E-03	4.09E-03	3.93E-03
C[C>G]G	8.46E-04	4.60E-03	1.49E-03	2.83E-03	5.14E-03	9.36E-04	1.38E-03	8.72E-22	2.64E-03	3.70E-03
C[C>G]T	1.85E-03	5.02E-03	2.30E-03	1.17E-02	4.34E-03	1.23E-03	8.97E-24	7.08E-03	2.57E-03	6.41E-03
C[C>T]A	1.98E-03	5.25E-03	2.97E-03	1.49E-03	5.70E-03	6.09E-03	5.13E-03	6.48E-03	2.23E-03	5.25E-03
C[C>T]C	1.33E-03	1.61E-03	6.43E-03	2.85E-03	2.45E-03	4.44E-04	1.87E-03	9.63E-03	7.09E-03	1.12E-02
C[C>T]G	3.35E-03	1.47E-02	1.09E-03	9.38E-03	1.45E-02	1.23E-02	9.66E-03	3.39E-03	1.06E-02	2.03E-03
C[C>T]T	2.91E-03	5.98E-03	3.14E-03	7.55E-03	3.26E-03	7.56E-03	3.62E-03	4.85E-03	3.67E-03	3.54E-03
C[T>A]A	1.11E-03	9.60E-04	1.45E-03	1.51E-03	3.34E-03	2.86E-03	3.99E-03	2.49E-03	1.51E-03	4.79E-03
C[T>A]C	2.55E-04	4.47E-03	2.93E-03	1.62E-03	6.16E-03	1.39E-03	4.79E-03	2.93E-03	1.48E-03	4.46E-03
C[T>A]G	8.14E-05	1.88E-03	7.22E-03	4.42E-03	3.15E-03	1.30E-03	5.86E-03	3.14E-03	4.88E-03	1.94E-03
C[T>A]T	0.00E+00	4.18E-03	3.06E-03	6.55E-03	8.04E-04	2.82E-07	3.74E-03	4.92E-03	1.92E-03	5.39E-03
C[T>C]A	2.46E-04	5.42E-04	2.18E-03	2.06E-03	1.65E-03	1.15E-03	1.06E-03	1.68E-03	1.85E-03	2.36E-03
C[T>C]C	1.71E-04	8.30E-04	4.58E-03	1.58E-03	2.18E-03	2.43E-03	5.73E-03	5.60E-03	2.04E-03	3.02E-03
C[T>C]G	6.79E-04	8.39E-04	5.41E-03	1.69E-03	4.03E-03	5.85E-03	4.14E-03	5.33E-03	5.32E-03	4.05E-03
C[T>C]T	1.47E-04	1.51E-04	3.27E-03	3.35E-03	1.30E-03	2.57E-03	3.25E-03	1.94E-03	3.34E-03	2.26E-03
C[T>G]A	1.29E-07	0.00E+00	7.38E-04	9.71E-04	2.16E-03	2.63E-03	1.12E-03	6.07E-04	1.49E-03	3.38E-03
C[T>G]C	2.26E-03	3.71E-03	3.27E-03	8.79E-04	5.44E-03	1.96E-03	7.37E-03	1.41E-03	2.42E-03	3.74E-03
C[T>G]G	3.00E-04	9.51E-04	5.07E-03	4.77E-03	4.67E-03	2.62E-03	3.67E-03	4.59E-03	5.58E-03	6.46E-03
C[T>G]T	3.67E-08	0.00E+00	5.74E-03	6.45E-03	3.96E-03	2.68E-03	1.51E-07	4.55E-03	2.34E-03	1.45E-03
G[C>A]A	1.54E-03	5.72E-03	1.64E-03	6.04E-03	2.16E-03	2.62E-03	5.37E-03	3.47E-03	4.43E-03	3.89E-03
G[C>A]C	4.31E-04	2.64E-03	6.00E-03	4.33E-03	4.87E-03	7.58E-03	5.37E-03	3.52E-03	2.27E-03	6.08E-03
G[C>A]G	1.97E-03	4.60E-03	1.75E-03	1.03E-03	2.07E-03	6.94E-07	7.94E-03	2.06E-03	2.12E-03	1.73E-03
G[C>A]T	1.16E-03	3.97E-04	3.86E-03	2.46E-03	3.54E-03	2.80E-03	8.49E-04	8.22E-03	2.37E-03	4.43E-03
G[C>G]A	1.92E-03	2.93E-03	2.34E-03	2.87E-03	4.77E-03	4.26E-03	1.78E-03	7.20E-04	6.83E-08	3.09E-03
G[C>G]C	1.98E-04	3.73E-04	4.10E-03	1.40E-03	1.75E-03	1.80E-03	5.39E-03	1.80E-03	3.26E-03	4.29E-03
G[C>G]G	4.42E-04	5.06E-04	1.57E-03	1.56E-03	1.73E-03	2.04E-03	9.17E-04	2.07E-40	3.70E-04	1.61E-03
G[C>G]T	6.18E-04	4.98E-03	6.10E-03	8.51E-03	8.70E-03	1.32E-03	1.46E-03	1.89E-03	4.62E-03	8.40E-03
G[C>T]A	1.95E-03	5.01E-03	6.24E-03	3.48E-03	6.49E-03	1.06E-02	9.71E-03	6.03E-03	2.93E-03	3.86E-03
G[C>T]C	7.87E-04	1.02E-02	3.01E-03	4.69E-03	4.25E-03	3.36E-03	1.76E-03	2.58E-03	1.76E-03	7.37E-03
G[C>T]G	4.05E-03	7.92E-03	4.68E-03	6.29E-03	2.86E-02	7.94E-03	1.75E-02	4.34E-03	8.03E-03	1.32E-02
G[C>T]T	7.76E-04	3.42E-03	4.80E-03	4.91E-03	3.93E-03	5.08E-03	6.14E-03	3.61E-03	2.39E-03	5.15E-03
G[T>A]A	1.46E-03	1.45E-03	2.09E-03	5.74E-43	2.31E-03	1.12E-03	3.00E-03	4.20E-03	2.10E-03	2.34E-03
G[T>A]C	1.61E-08	0.00E+00	1.39E-03	2.45E-03	9.86E-04	5.19E-07	2.40E-03	2.00E-03	2.29E-03	2.46E-03
G[T>A]G	1.21E-03	1.39E-03	2.51E-03	2.52E-03	5.22E-03	3.28E-03	7.25E-03	5.24E-04	3.46E-03	2.46E-03
G[T>A]T	5.96E-04	1.11E-03	1.86E-03	5.59E-03	1.60E-03	1.13E-03	2.35E-03	4.05E-03	1.56E-03	3.97E-03
G[T>C]A	5.35E-04	4.06E-03	2.83E-03	2.06E-03	1.97E-03	6.86E-03	4.05E-03	3.12E-03	3.23E-03	2.22E-03
G[T>C]C	3.79E-04	1.66E-03	1.73E-03	1.03E-03	3.62E-03	5.45E-07	5.71E-03	3.93E-03	2.57E-03	5.41E-03
G[T>C]G	4.20E-04	4.21E-03	2.10E-04	2.85E-03	3.96E-03	0.00E+00	3.14E-03	8.78E-04	2.50E-03	1.55E-03
G[T>C]T	9.25E-04	7.30E-04	1.89E-03	1.04E-03	3.47E-03	1.60E-03	7.83E-03	6.35E-03	6.38E-03	9.61E-03
G[T>G]A	2.57E-08	8.86E-06	3.02E-03	3.96E-03	3.25E-03	3.42E-03	1.37E-03	2.25E-03	1.62E-03	1.71E-03
G[T>G]C	1.45E-03	1.23E-04	2.49E-03	2.50E-03	2.33E-03	4.01E-03	2.75E-03	2.29E-17	1.10E-07	4.50E-04
G[T>G]G	1.46E-03	1.18E-03	2.61E-03	1.13E-03	3.84E-03	3.14E-03	2.17E-03	4.05E-03	2.02E-03	3.92E-03
G[T>G]T	5.31E-04	1.44E-03	5.93E-03	5.20E-05	1.61E-03	1.19E-03	1.36E-03	4.69E-03	3.44E-03	5.13E-03
T[C>A]A	4.80E-03	1.69E-02	8.10E-03	5.40E-03	3.04E-03	2.95E-03	4.70E-03	6.68E-03	4.98E-03	7.25E-03
T[C>A]C	3.88E-03	4.41E-03	5.71E-03	6.52E-03	7.37E-03	4.21E-03	1.19E-02	2.07E-03	3.63E-03	6.13E-03
T[C>A]G	1.09E-03	1.31E-03	3.76E-04	4.89E-03	4.12E-03	1.03E-02	3.62E-03	3.52E-04	1.34E-03	9.92E-04
T[C>A]T	1.88E-03	5.61E-03	9.22E-03	7.01E-03	6.05E-03	7.97E-03	4.90E-03	1.27E-02	3.02E-03	1.09E-02
T[C>G]A	8.56E-03	2.67E-02	1.28E-02	3.31E-03	5.30E-03	1.65E-02	9.75E-03	9.94E-03	1.19E-02	2.21E-03
T[C>G]C	8.23E-03	1.40E-02	4.67E-03	3.80E-03	2.97E-03	9.61E-03	6.70E-03	3.70E-03	7.58E-03	2.47E-09
T[C>G]G	4.07E-03	4.26E-03	1.91E-03	1.29E-03	3.50E-03	3.90E-03	0.00E+00	8.61E-04	1.06E-03	1.67E-03
T[C>G]T	2.19E-02	3.19E-02	1.75E-02	9.99E-03	3.89E-03	1.87E-02	6.93E-03	1.25E-02	6.50E-03	6.06E-03
T[C>T]A	1.09E-02	3.88E-02	1.26E-02	3.44E-03	2.61E-03	8.92E-03	9.41E-03	8.44E-03	1.44E-02	8.08E-03
T[C>T]C	9.97E-03	1.13E-02	1.11E-02	2.07E-03	4.70E-03	7.80E-03	8.32E-03	6.35E-03	9.30E-03	9.04E-03
T[C>T]G	1.73E-02	4.42E-02	2.29E-03	1.05E-02	1.73E-03	5.47E-03	8.14E-03	5.92E-03	8.82E-03	8.47E-03
T[C>T]T	1.59E-02	2.41E-02	8.78E-03	6.30E-03	3.24E-03	1.59E-02	9.82E-03	1.91E-02	1.09E-02	7.62E-03
T[T>A]A	1.50E-03	2.09E-03	7.14E-03	3.23E-03	9.30E-03	3.43E-03	5.49E-03	1.47E-03	4.80E-03	8.42E-03
T[T>A]C	8.44E-04	3.60E-11	5.53E-03	3.87E-03	1.29E-03	2.06E-03	1.11E-03	8.97E-08	4.68E-03	3.21E-03
T[T>A]G	3.68E-04	8.41E-04	1.76E-03	3.48E-03	3.50E-03	2.42E-03	4.08E-03	1.01E-03	2.10E-03	1.35E-03
T[T>A]T	1.26E-03	2.42E-03	8.59E-03	3.30E-03	4.39E-03	1.35E-03	3.19E-03	3.80E-03	1.13E-03	3.82E-03
T[T>C]A	4.44E-04	2.18E-03	2.24E-03	3.47E-03	4.39E-03	2.13E-03	3.93E-03	1.80E-07	5.90E-03	1.38E-03
T[T>C]C	4.22E-04	1.58E-03	2.05E-03	3.67E-03	3.12E-03	3.56E-03	3.87E-03	3.96E-03	3.97E-03	3.24E-03
T[T>C]G	1.52E-04	6.17E-04	1.60E-03	2.69E-03	2.19E-03	6.98E-03	5.73E-03	1.24E-03	8.93E-08	1.54E-03
T[T>C]T	6.94E-04	3.65E-03	2.85E-03	2.22E-03	3.15E-03	7.58E-03	1.48E-03	1.03E-03	4.89E-03	5.24E-03
T[T>G]A	4.93E-04	9.94E-04	7.63E-04	1.42E-03	1.80E-03	6.16E-03	7.16E-03	5.03E-04	2.54E-03	2.86E-04
T[T>G]C	1.47E-04	3.10E-04	3.17E-03	3.89E-03	2.58E-03	2.72E-03	2.98E-03	1.45E-03	1.58E-03	7.82E-04
T[T>G]G	2.47E-08	5.10E-04	6.66E-03	3.04E-03	1.43E-03	1.12E-07	1.87E-03	2.07E-03	2.45E-03	3.91E-03
T[T>G]T	2.59E-04	3.39E-04	5.74E-03	4.36E-03	3.61E-03	5.68E-03	3.20E-03	6.74E-03	3.70E-03	3.89E-03
