MutationType	SBS96A	SBS96B	SBS96C	SBS96D	SBS96E	SBS96F	SBS96G	SBS96H	SBS96I	SBS96J
A[C>A]A	0.002549394868026411	0.0011100241476015072	0.024346736911684274	0.009034324157983064	0.017282691411674024	0.029137463495135307	0.020155364461243153	0.015279617719352245	0.014387222193181514	0.023654641676694156
A[C>A]C	0.00018924080650322138	0.008330255799228326	0.005921233631670475	0.011185259936610358	0.011557601019740104	0.0050427527632564305	0.019203441542754263	0.013542229682207108	0.01698292661458254	0.01079928784163826
A[C>A]G	0.0017671589041128755	0.0006664782417828974	0.005191460275091231	0.0008360278470320281	0.004879330844018061	0.010933357570320369	0.015155694913119078	1.158358918473823e-06	0.0034686757558802126	0.0007725665985361729
A[C>A]T	0.0029550243820267497	0.002566736587323248	0.017093337797814457	0.005682479403913021	0.01277170404791832	0.015195148764178157	0.018258167803287505	0.02365690851584077	0.004887633504084476	0.01420608627186084
A[C>G]A	0.0031622532719097762	0.0038341882908589876	0.010814032144844532	0.006478483432624671	0.01608770310122587	0.012231138348582537	0.009484871476888656	0.008336183615028858	0.006383217684924602	0.011736024357378482
A[C>G]C	0.0008912455204949765	0.007105285598484	0.013694967515766621	0.00592032625477259	0.004253937321482226	0.006457970570772886	0.005745811371366471	1.56507026986219e-05	0.011583554651588201	0.005822435719892383
A[C>G]G	0.0010693633506612342	0.0015590468305163086	0.0030297914985567332	0.0005228372656663051	0.008233965665567666	0.0007199477870017291	0.007343466021120548	0.0024729880504310133	0.006811506191610306	0.0005539593286812306
A[C>G]T	0.0028655841830186545	0.0111085653770715	0.010921324230730533	0.02021876857929783	0.023802662338130175	0.007639587572884921	0.0015626842110805228	0.026989921927452087	0.009453601157292723	0.017869399092160166
A[C>T]A	0.004544635105412453	0.012520999694243074	0.004196164384549152	0.015716137854360566	0.008183076104614884	0.01134019773453474	0.004033183100875704	0.02247622385621071	0.011419333145022392	0.01304614704109781
A[C>T]C	0.0023346138180386335	0.0028295094147324563	0.018496451526880266	0.007671763375401497	0.014827496372163296	0.006972191669046879	0.017304779880214484	0.010427502141101285	0.011945762485265733	0.012198768928647042
A[C>T]G	0.008803523820203019	0.013611429743468762	0.013984666951000691	0.03564959391951584	0.05322711039334536	0.046949727833271025	0.06794461319223047	0.015843391139060258	0.04391613081097603	0.02658810410676149
A[C>T]T	0.0007599257468314136	0.0010404843411431527	0.008912530913949012	0.022062883619219063	0.01523640463128686	0.021243023592978715	0.004920093575492501	0.01369446855969727	0.006608028803020716	0.015616388382795776
A[T>A]A	0.0004918235782184865	0.0013915700196518387	0.0038441468961536883	0.010840391926467418	0.0021966493455693125	0.00914030568887938	0.0010807560756802559	0.004292490825855566	0.00016539190266371407	0.0023711928909506243
A[T>A]C	0.00027301985101075844	0.0030862982152029873	0.0110872115008533	0.008900166978128255	0.004567199549637735	0.006429754756391048	0.00538484388962388	0.002929134483812059	0.014827167708426714	0.0026199748739600182
A[T>A]G	0.0006451400578953326	0.000991442229999888	0.022606329433619975	0.00808953894302249	0.007164541194106278	0.0004775484898345894	0.0018280015227787772	0.010734493937343359	0.007424739003181457	0.013028944842517376
A[T>A]T	0.0005441965535283088	0.0	0.005360272992402315	0.018793702498078345	0.00440721707418561	0.004838140073445629	0.011420607659965753	0.00980718145146966	0.004159418027848005	0.009054525941610336
A[T>C]A	0.00028683418374822586	0.004683904687408358	0.007843459583895731	0.00795144010335207	0.0032200719270988076	0.0103673892095685	0.01485227346420288	0.015247493516653776	0.006642377283424139	0.029363687336444854
A[T>C]C	0.002283101459033787	0.0016232095618761377	0.010871439427137374	0.008201966993510723	0.011582998000085354	0.002128348918631673	0.005781131797938437	0.016139950416982175	0.005981525359675288	0.0016384716956565626
A[T>C]G	0.000952203890486296	0.012330210069194436	0.006388225235582468	0.004502446018159389	0.01581999659538269	0.01342485211789608	0.027773994952440262	0.008904582635164322	0.012950271693989634	0.0064569946844130754
A[T>C]T	0.0022021925542503595	0.005226843827404082	0.01699753534048796	0.00935190711170435	0.0037100010085850954	0.00604007295332849	0.012916534300893545	0.02484925426542759	0.0094926574267447	0.017402065731585026
A[T>G]A	4.766344667075373e-05	0.0011424557771533728	0.0013788466341793566	0.005262000393122435	0.006803531013429165	0.015769596584141253	0.008589128358289599	0.0005913050932349507	0.012000866327434778	0.0022167108952999117
A[T>G]C	4.603814451748486e-05	0.0005039951298385859	0.002474603252517227	0.007702002394944429	0.0022144053917600103	0.002369078914517786	0.0028185175822500242	2.1276852521623367e-06	0.0022748751990377515	0.0005007256698320361
A[T>G]G	0.00038915465048603435	0.002281052537728101	0.009174819968109205	0.005406013011338473	0.011343647167086602	0.0051151648828863475	0.005408031493426541	0.0019393276539631187	0.0035139723750845066	0.0002857291943882956
A[T>G]T	0.0002476801972875364	0.0011478906497359275	0.010650485462974757	0.009688159044776512	0.000614521848729055	0.0021194225689882273	0.0005626199277262045	0.0013718108856664913	0.004211980170384777	0.0025436386931687593
C[C>A]A	0.0005996044528028932	0.003771250031422824	0.008189081866294145	0.019848377304151656	0.011808638635557145	0.013902885559946298	0.0025206744228171373	0.029308629035949708	0.021770938485860824	0.015331925824284554
C[C>A]C	0.001827465772657888	0.0010718991048634051	0.012604731973260641	0.021696627885103226	0.009234227426350116	0.003234490246729761	0.011176395555958151	0.011986304726451635	5.7676237474879644e-08	0.024686654098331928
C[C>A]G	0.0014137172907794592	0.0027907496318221093	0.004264960438013077	0.0026982610928826035	0.007680876832455397	0.0009467671454558513	0.005922892683884129	0.0	0.007267204206436872	0.0005190219772195804
C[C>A]T	0.0003784481646277982	0.0029336636886000632	0.027084816247224808	0.022426845133304597	0.007143577188253402	0.007893093302845955	0.007275412629314815	0.010823386069387198	0.004306422347793007	0.03882676539942622
C[C>G]A	0.0026352507449246333	0.013670440664861871	0.005712257046252489	0.010040887072682381	0.005750569328665733	0.007697063684463501	0.012320329248905183	0.017135140672326087	0.004178963580055229	0.017668870650231837
C[C>G]C	0.000790359770564919	0.0043989289576586545	0.007860125042498112	0.0059626427924285965	0.005662483410560526	0.007063017249356563	0.005371559411287308	0.007233947570443888	0.01736201234161854	0.010049899201840611
C[C>G]G	0.001718058353253582	0.007905643922276795	0.0031699358485639097	0.004836059175431728	0.011930360015094265	0.0009356761309277317	0.0019666906911879776	8.719898102844635e-22	0.006675391504541039	0.005835128012932955
C[C>G]T	0.003762064927832398	0.009825544560771959	0.005548933767289555	0.06058890670537949	0.007819401918459335	0.001991289295256138	8.974416765906769e-24	0.01156752812630657	0.008068069955334068	0.00854148603975773
C[C>T]A	0.00758052859455347	0.013158837147057057	0.018378480896353723	0.002986178873106837	0.014297728333622218	0.008925073593854905	0.01740780668333173	0.014128053840249778	0.03696164041757584	0.012354448810219765
C[C>T]C	0.003253728244453671	0.003291802760795932	0.01464493025559932	0.004531050426885485	0.005698353424668312	0.00044410354457796123	0.00272194333374537	0.049078482761979104	0.016433053102809937	0.030771983228623866
C[C>T]G	0.008548406418452618	0.028332678973905723	0.0011862071464623853	0.023253217712044714	0.038937446546998024	0.01710383617862323	0.04218369945883751	0.005448241322301328	0.046132796257734296	0.006609114888124168
C[C>T]T	0.008595495764166117	0.008624867117042481	0.0241414375603199	0.01634289100766182	0.009831957519054413	0.021061590500175954	0.010845230240374804	0.03293902724981308	0.013254702929407359	0.019434027932584287
C[T>A]A	0.0018932737439605774	0.001707715226802975	0.001984029170125723	0.004449582332745195	0.0076970584628725195	0.0056013418827205895	0.014315821789205074	0.0034897381536861615	0.002405538409948349	0.005544992275790151
C[T>A]C	0.00031467920209138356	0.006476716022007167	0.006516647338867187	0.0016153011471033095	0.017352592758834363	0.0036611122196715472	0.006718295998871327	0.008232159074395895	0.0032948125263772	0.011794518120586872
C[T>A]G	8.143240233380312e-05	0.0037662291433662584	0.01364366989582777	0.01301212204375588	0.010985505301505327	0.0012984304385005529	0.007815472969014081	0.003139074992316182	0.023455537855625153	0.005469341017305851
C[T>A]T	0.0	0.004180064005956297	0.006271446589380503	0.020002324506640433	0.0008051424868178003	4.59766920787608e-07	0.0037432572861916926	0.009932180121541023	0.0058116702362895015	0.009753290396510295
C[T>C]A	0.00030277670153964207	0.0007580297067761421	0.004012047406286001	0.004955360293388366	0.003366422547333059	0.0018845283683617709	0.0014109625481069088	0.002092893894274421	0.003256802042488971	0.006246447749435902
C[T>C]C	0.00017144862795248628	0.002082497556693852	0.008233530641064135	0.0023999478079133494	0.005360264424234628	0.0024342503398656844	0.0096541799279521	0.024276884272694588	0.011780807003378867	0.01057533398270607
C[T>C]G	0.0011062045467838289	0.0016285497463346898	0.01241946779191494	0.003998666629195213	0.009573521558195353	0.015389023219586306	0.00902540236711502	0.011028312600683422	0.005315519037945649	0.007345876516774296
C[T>C]T	0.00020305203968713214	0.00023241373128257692	0.01081547662615776	0.0073781125247478485	0.006305325776338577	0.005280872884733647	0.009336455352604389	0.009023116994649171	0.01158385813288305	0.0028693984265922815
C[T>G]A	1.2861161167165846e-07	0.0	0.0011484422669639116	0.0023316213864745805	0.0033865427350178836	0.00398745044444695	0.0011700895278693225	0.0012463065373651717	0.0019536939811416686	0.003379643824678169
C[T>G]C	0.003564582613762468	0.005588435904866173	0.004444191343725379	0.00142028071791358	0.009312790352851152	0.0031889789773231316	0.011983012035489082	0.002273837845222104	0.003620509337633848	0.010970581626588682
C[T>G]G	0.0010453753988258541	0.0011287489714406906	0.010947188606951385	0.006841154721314524	0.01025284007191658	0.009371803514659405	0.005738297663629055	0.015029668062925338	0.0055806636810302734	0.016260443441569804
C[T>G]T	3.666300756322016e-08	0.0	0.015732130594551565	0.010403738696760456	0.016174572403542697	0.0026841206555446506	4.728202554815653e-07	0.014721289649605751	0.008815434761345387	0.0014681667110743933
G[C>A]A	0.0028742070965819266	0.008807756495662043	0.006122327502816915	0.0268062112852931	0.006015424057841301	0.002624878510869166	0.008803751183683062	0.008970965910702944	0.008373979944735765	0.014103724714368581
G[C>A]C	0.0006693841059131956	0.005013184249401092	0.017058325838297604	0.008649707399439658	0.014279074780642987	0.0138866500928998	0.009446931799175218	0.004859462380409241	0.004072819417342543	0.01459544114768505
G[C>A]G	0.0025031261495314537	0.00817426627036184	0.0017526596784591675	0.0010300347229531327	0.005791445262730122	6.940629191376502e-07	0.009711246669758112	0.0020644775037339967	0.0033973831683397292	0.0017288118600845338
G[C>A]T	0.002409658952956306	0.0006283155925757456	0.005417924746984208	0.01015335195697844	0.0066291957162320616	0.004533815844894278	0.0008493317291140556	0.031019453656125507	0.012669431045651436	0.014332661963999271
G[C>G]A	0.004154865862801671	0.003500784281641245	0.0049714607186615465	0.015393207222223282	0.009635641053318978	0.008824206531426172	0.0035300332121551035	0.0007200818218507266	6.829682774878165e-08	0.005556992838393171
G[C>G]C	0.0002953503003880087	0.0008357798447832465	0.011079211533069611	0.0013977233588175597	0.00606973897665739	0.0036579618230462075	0.008092304226011038	0.008739267429336905	0.01308132940903306	0.0076451557222753765
G[C>G]G	0.0007016634688937984	0.0010958758415654303	0.0023446332197636366	0.0037191770857134543	0.005583096787859176	0.002207052819585442	0.000978499645134434	2.0686248190055815e-40	0.00037047117948532107	0.0025445730135194495
G[C>G]T	0.004449480911716819	0.005383790322918495	0.022327332104453035	0.02533450268674642	0.017383817536756396	0.0021347164176404474	0.004286822490394115	0.004362669138023989	0.004621990397812664	0.017284153556076997
G[C>T]A	0.0031450220383945	0.012014523554256584	0.011512538325041533	0.008095428021624685	0.013856592692081903	0.031080821773684875	0.01620197808369994	0.009798848256468772	0.007671861350536347	0.019317870307713748
G[C>T]C	0.0048536733258515595	0.011763468198493648	0.005048737488687038	0.0075300872498029175	0.011773536447435617	0.007290764153003693	0.0031655124854296445	0.004288827604614198	0.01339318323880434	0.020596673525869847
G[C>T]G	0.012152144219726324	0.01912866019168611	0.007572607717848711	0.012256081216039987	0.04865824542939663	0.009755207970738412	0.05308414753526449	0.010566364601254463	0.04103929102420807	0.0403860280290246
G[C>T]T	0.001993267894295059	0.008568808576092124	0.013891859631985425	0.016369311697781087	0.013035652320832014	0.008609740115724662	0.008499827422201633	0.012517725676298141	0.008339286036789417	0.010183354309992865
G[T>A]A	0.0015742013213184691	0.002105681679677218	0.005213730037212372	5.7425211068031005e-43	0.003763292543590069	0.0011198159431279886	0.007861027168110013	0.011793094221502542	0.007417025184258819	0.005079916585236788
G[T>A]C	1.6088603160824278e-08	0.0	0.0022286782128844605	0.011577921733260155	0.001451086240024324	6.762672910554102e-07	0.0032066852421053227	0.00354811770375818	0.005314021790400148	0.006830998277293281
G[T>A]G	0.0014919494606601817	0.0035262859659269453	0.0048672221135348465	0.00406857556840805	0.012365530184382578	0.005007674172520638	0.010984227526932955	0.0005240683443844318	0.004266598719266312	0.0075910575687885284
G[T>A]T	0.0006527237551198935	0.001843540935078636	0.0039695451967418196	0.019018329258358335	0.003456419659778476	0.0011347290128469467	0.0037701014666367883	0.007175569143146277	0.0026093355845660205	0.0076648239980564884
G[T>C]A	0.0006889588101330446	0.004283708293155541	0.0076531021855771545	0.0036283780355006456	0.01552833579480648	0.013133801903859422	0.010849705344298854	0.011339007876813412	0.004971657362091641	0.004555134466625077
G[T>C]C	0.0007621584984008223	0.0034151663524141897	0.002225195348728448	0.001493591722100973	0.011025178525596858	5.449249783850973e-07	0.010235477105482005	0.005744700506329537	0.006236671283841133	0.010614757695157096
G[T>C]G	0.0006453016212446983	0.007952720543835312	0.0002095742616802454	0.0028509887533687108	0.013426632434129716	0.0	0.00706365229561925	0.0010805689747030555	0.0036999121996728946	0.004038873511885299
G[T>C]T	0.0010379930317867547	0.0008484743707754206	0.006537447776645422	0.0018062834860756993	0.010780136100947857	0.003654156345874071	0.019437766447663308	0.013439606851898133	0.014413790497928857	0.012634637024791572
G[T>G]A	2.5708743578434223e-08	8.862414688337594e-06	0.0030203733981181815	0.0061913067114801375	0.00692005548443575	0.006365488055962487	0.001370825036497081	0.003989867238124134	0.002554557542282595	0.0017100732639249827
G[T>G]C	0.0019337013480253517	0.0001234161900356412	0.004834050498902798	0.004357908949123157	0.004802643749792423	0.007426456507528201	0.003714243182912469	2.2940937111295023e-17	2.1926779822933895e-07	0.00044987741214299606
G[T>G]G	0.00261264368891716	0.0024920823518186806	0.005951284989714622	0.0011331758671135706	0.011370259616523982	0.006828280667960485	0.005286364443600177	0.015725174453109503	0.0030633182264864444	0.007519554439932108
G[T>G]T	0.0009708774327208403	0.002790360728977248	0.018187062162905932	5.231473871276648e-05	0.0032933855487499385	0.0025424624403513007	0.0021604666486382484	0.011507791373878718	0.005584202005246652	0.008635168150067329
T[C>A]A	0.013812164869159482	0.03732806071639061	0.025680302828550338	0.016160011149622733	0.012032941915094852	0.009712822921574115	0.01219149651005864	0.019376739023920897	0.013882651552557945	0.01997914891690016
T[C>A]C	0.017249291017651557	0.008956910390406848	0.01589291635900736	0.01658193552866578	0.019203577749431135	0.03035762757062912	0.0200462581589818	0.00402029183519077	0.003633352369070053	0.007011921284720302
T[C>A]G	0.0029174611205235123	0.0037397750716536395	0.00037569212727248667	0.00949591612443328	0.006614827923476696	0.013366846210556105	0.0072095032781362535	0.0003519069938376251	0.005105555336922407	0.003957771953173506
T[C>A]T	0.013850444369018078	0.012378030456602573	0.02729172483086586	0.03824306577444077	0.015580345108173788	0.014528844133019447	0.008110392746648366	0.036685289442539216	0.008467079233378172	0.023909212835133076
T[C>G]A	0.15263375639915466	0.06380633348599077	0.02529950104653835	0.0033097343509497397	0.008736278209835292	0.03728805426508188	0.02146934969350711	0.023454689979553224	0.023459115546029353	0.004977095313370228
T[C>G]C	0.03244133781317941	0.03008971018716693	0.017903437092900275	0.004038389235211337	0.03168236725032329	0.06718234345316887	0.029303987324237824	0.011963554815156385	0.01301738116890192	2.4707071943907977e-09
T[C>G]G	0.010319407434261052	0.007841227995231747	0.003318743985948913	0.0013968906921548764	0.005219545134650616	0.008875099243596196	0.0	0.0018446120805720057	0.0010568028315901755	0.003754745105714008
T[C>G]T	0.2062758445739746	0.06211377070286239	0.053350011073052886	0.03851388171315193	0.011891141347587111	0.06316690221428871	0.014931115219951607	0.023499623686077505	0.02015064693182751	0.014594338834285736
T[C>T]A	0.20573286712169647	0.1468798466026783	0.025688189648644767	0.005320383645266702	0.0026087569076965475	0.04972020499408245	0.021673791483044685	0.012288005000482372	0.03767530843615532	0.017832225211896
T[C>T]C	0.050447379052639005	0.0684775784611702	0.021979517117142678	0.019202103093266486	0.012249995721504092	0.010478960163891316	0.015452109649777413	0.029287026450037956	0.03349675023928285	0.03394741583615542
T[C>T]G	0.0546156108379364	0.0959449491736791	0.01033299406990409	0.027669468894600868	0.0028186978772500792	0.012042605993337929	0.025486951135098933	0.02117488719522953	0.015424880292266607	0.01116909016855061
T[C>T]T	0.08857033625245095	0.09669294580817223	0.02176013547645823	0.007228874741122127	0.005536459457416676	0.038356352411231885	0.03294409103691578	0.05219701454302729	0.03121817749924958	0.02438418809324503
T[T>A]A	0.002297010667257382	0.003933132744842638	0.010060755620634599	0.010400875099003315	0.01815784927457571	0.012478724773973226	0.007060668338090182	0.0030540179461240767	0.014386738650500774	0.017024166882038116
T[T>A]C	0.0009889299632050096	3.597244724318216e-11	0.013087953254580498	0.007399838138371706	0.008008786290884019	0.003119574021548033	0.007457951549440622	8.965497499957564e-08	0.011295264307409524	0.003979566205275375
T[T>A]G	0.0003760403806914781	0.0034213284961879253	0.00500001348555088	0.009586524928454309	0.009130232175812126	0.0038199936505407097	0.009326707385480405	0.0019046153174713254	0.0028254056136574946	0.001352911537309347
T[T>A]T	0.0016219884251768234	0.0027499157236889004	0.028221488439885433	0.010156747745350003	0.009811535663902759	0.0021267911419272424	0.006932934558915349	0.004184107227110646	0.0018475108815493968	0.005011799465864897
T[T>C]A	0.00044390931725502014	0.0021832311525940896	0.0031210132874548435	0.007193879457247476	0.008878058709285597	0.00213495350364612	0.008213763684034347	2.914338324444543e-07	0.022310991398990156	0.004720618493502115
T[T>C]C	0.0005338279181160033	0.0021107644193762098	0.003024298045784235	0.007528109708800912	0.017891546431928872	0.012153317965567113	0.01133442223072052	0.003965112303944807	0.016276830062270164	0.006247101491317153
T[T>C]G	0.00022127463576016027	0.0009699152084067464	0.003526686830446124	0.006445310888466338	0.004278361611068249	0.016357735667997985	0.010674115801839435	0.0012387437745928764	8.934999868870364e-08	0.0035088145900147084
T[T>C]T	0.0006939368322491646	0.00456610166002065	0.009887745231389999	0.011856356542557478	0.014130825363099574	0.02362583242356777	0.0051587621681392195	0.0025716239586472513	0.02057653721421957	0.007165045384812174
T[T>G]A	0.0006750025981432401	0.0020592030719853937	0.0007629738747596093	0.0014225046718479462	0.0029270449162368097	0.019096362963318826	0.013076161917808804	0.0005034228321164847	0.004661292000673711	0.0002859187312424183
T[T>G]C	0.0001632026917917529	0.0005849913926795125	0.0061768461018800735	0.005581778532491333	0.004007214028388262	0.004444098587754297	0.002975862061038015	0.002360078040510416	0.0035709305136379043	0.0007816636934876442
T[T>G]G	2.4655932406858483e-08	0.0005095249973237515	0.009992057939734877	0.00642560672995387	0.003400218147567102	2.7056108251599655e-07	0.0030014508419526466	0.00366759046446532	0.0068331360859701816	0.006551560377934607
T[T>G]T	0.00045940516865812243	0.0003396347806756239	0.010033897729590536	0.016239485493861137	0.007952287688385695	0.005681619684655459	0.003224160455283709	0.0129513097461313	0.010886158235371113	0.009599581826478243
