MutationType	DBS78A	DBS78B	DBS78C	DBS78D	DBS78E	DBS78F	DBS78G
AC>CA	2.0312699916757993e-06	0.0009488665945283969	0.002229315497470452	0.00192689936733359	0.01225696779451937	3.4795173064594563e-06	0.002611758027705946
AC>CG	1.482873295799436e-06	1.4347913662504651e-06	0.004382526213476012	0.00829377369566373	3.36675170728995e-06	0.0017146072924788315	1.513362894911552e-06
AC>CT	5.9948946955046266e-06	0.004261797414915236	7.756682748549792e-07	0.007343079383326767	0.016939394507295445	0.002817531720620536	0.009339893482456318
AC>GA	0.014397095513390922	0.021213113854832953	5.863367096026195e-06	0.0030819225971981724	0.003835787498587706	7.669322940273559e-07	0.02623083687557255
AC>GG	2.256917764498212e-06	1.5504455859627341e-06	1.7555855492901174e-06	1.6188809013328864e-06	5.642250152959605e-06	3.5813947306451154e-06	2.753177432168741e-06
AC>GT	0.0008610954908135682	0.001385012502430527	1.5013398524388322e-06	1.2563214568217518e-06	5.459059434542724e-06	0.0016610540799320006	0.0052240437361433575
AC>TA	3.4739329635158356e-07	0.008406301183686179	6.930418749107048e-07	0.009033855674567803	0.013008850411756612	0.04515866264846409	0.006510612679039696
AC>TG	4.1303940804482405e-06	0.0031898679140340393	1.0407160402792214e-06	5.194568529987009e-07	0.005690220387441514	0.00497848005379069	2.8598541121027666e-06
AC>TT	1.578776138444482e-06	0.0052056740867556075	0.011146193107413183	0.0073327944087168365	0.014215508189818139	0.0028524016142910114	0.002170838206194503
AT>CA	4.12163008234884e-06	9.756280405781581e-07	9.927269275067375e-07	1.0229233680547622e-06	0.006042318311301642	0.02311271458761439	0.005686989578862267
AT>CC	2.256917764498212e-06	1.5504455859627341e-06	1.7555855492901174e-06	1.6188809013328864e-06	5.642250152959605e-06	3.5813947306451154e-06	2.753177432168741e-06
AT>CG	2.256917764498212e-06	1.5504455859627341e-06	1.7555855492901174e-06	1.6188809013328864e-06	5.642250152959605e-06	3.5813947306451154e-06	2.753177432168741e-06
AT>GA	0.006635563367422037	1.0928764343054454e-06	0.0012113525326412854	9.158786838270316e-07	0.0031961044459876574	0.005644353880506969	0.004613974864267334
AT>GC	2.256917764498212e-06	1.5504455859627341e-06	1.7555855492901174e-06	1.6188809013328864e-06	5.642250152959605e-06	3.5813947306451154e-06	2.753177432168741e-06
AT>TA	0.005779563877558758	0.0017960607470695832	1.0211246149083308e-06	0.003454850606237869	4.1531631495672626e-06	0.005646633523610944	0.008517968092735372
CC>AA	0.285738942027092	0.28097732067108155	0.014376009814441204	0.1440719336271286	0.034203007758196693	0.007956897468390556	0.03039953954921657
CC>AG	0.022054694406688214	0.04563857764005661	0.009624304772403036	0.03312010411173105	0.033191154169617224	0.05749137126513233	0.021616647797541744
CC>AT	0.0581294659525156	0.09612913111054695	0.05065099373459816	0.024483209662139415	0.03669389579445124	0.017524199560284615	0.04367408603429794
CC>GA	0.00939543924806685	0.06005271151661873	1.0929803693215944e-07	0.028239657729864122	0.02557156216353178	0.01880275383591652	0.030267607273185605
CC>GG	1.307547643136786e-06	0.006085331902454527	1.0810328944899084e-06	0.009230767505323456	0.005568543151684935	6.153067624836695e-06	1.740088237056625e-06
CC>GT	0.015378548545368177	0.002994612520797091	0.05387399084866047	6.284414325818943e-07	0.05504397996082844	0.008929317889851518	0.012176911542610469
CC>TA	0.0006664603364470167	0.012934326280287678	0.05652844645082951	5.184024644222518e-07	0.00031509422040016944	0.009421080906963652	0.0028164036852558636
CC>TG	0.000952294442697621	0.00236157926908902	0.009259865991771222	9.184952091345622e-07	2.614573759274208e-06	1.5107062836250407e-06	0.0016127552125453804
CC>TT	0.03259922465397267	0.004666891478700563	0.29267913699150083	0.024667372880253426	0.004681295901536942	0.027465538579599526	0.04924890585243702
CG>AT	0.0008612188248889652	1.386150643156725e-06	1.3611900499199693e-06	1.421355295860849e-06	4.796997154699057e-06	0.008465760563467484	0.0044667536985173225
CG>GC	2.256917764498212e-06	1.5504455859627341e-06	1.7555855492901174e-06	1.6188809013328864e-06	5.642250152959605e-06	3.5813947306451154e-06	2.753177432168741e-06
CG>GT	0.0009516229455300617	0.004721306470662512	7.4226781975994525e-06	0.007266579242389071	0.008311078464930687	1.6807844076538458e-06	0.004835810048416533
CG>TA	1.046336871013409e-06	0.004721042696439781	8.62684635194455e-07	5.534473928256809e-07	0.05498089150075884	0.003334564878607271	0.0017586941938589006
CG>TC	2.256917764498212e-06	1.5504455859627341e-06	1.7555855492901174e-06	1.6188809013328864e-06	5.642250152959605e-06	3.5813947306451154e-06	2.753177432168741e-06
CG>TT	2.256917764498212e-06	1.5504455859627341e-06	1.7555855492901174e-06	1.6188809013328864e-06	5.642250152959605e-06	3.5813947306451154e-06	2.753177432168741e-06
CT>AA	0.031031887636663667	0.025423892959952354	0.015461687371134758	0.008061533421278	0.013643643325485755	0.03360541457305999	0.01821479983627796
CT>AC	2.8268810638110154e-06	1.630327767543349e-06	1.3947687193649472e-06	1.3683569932254614e-06	4.97385203743761e-06	0.0028231596551904657	0.008930901385639345
CT>AG	0.0026756288948718556	0.004777034930884838	2.8318182785369574e-07	0.027804401144385336	0.01397739303272374	0.0689864732325077	0.03460702202196444
CT>GA	0.004895509996970304	0.006159173993804913	9.00030556749698e-07	0.007173075067578338	3.1170019383353065e-06	0.0029461829205274627	0.0040535639892254945
CT>GC	1.422578441179212e-06	1.4769216249987949e-06	0.009165642131119967	0.005583355267458501	2.6412579245516097e-06	0.0018660866966001776	1.7018808648572304e-06
CT>GG	0.0031748072115533434	0.009516921167937653	0.0043961411540749395	0.0118132434240124	0.008002936692491858	4.082779298383864e-05	0.004367211877888621
CT>TA	0.005272168445772207	0.014595873656799086	0.08015232980251312	0.008096151798963547	0.007502051404645727	0.02419974489166634	0.05577030330896378
CT>TC	0.02926078112795949	4.005143182439497e-07	0.0033438476807532425	1.2033322718707495e-06	0.0032298905251764154	1.1186618771115348e-06	2.5869858518490218e-06
CT>TG	0.0008593733178997809	7.800063599461282e-07	0.004045386420966679	0.011172751221533873	0.02120268007793129	0.006668074457093098	0.005272136037046948
GC>AA	0.0824618823826313	0.01989367720784685	0.017301979847252368	0.01391618512570858	0.04464147537946701	0.021173821640377354	0.05957836697094763
GC>AG	0.012065752223134042	0.04908908261713805	0.029044105310049417	6.795085596423425e-08	0.044705362804234025	0.026227647788567766	0.02627962372498587
GC>AT	0.011985690736150901	0.0203922701307647	6.430557164094353e-07	0.013473587489374949	0.0276886890635069	0.01938556717954043	0.0032295755250970615
GC>CA	0.004034034795245134	6.172654138936196e-07	0.001579451691156919	0.022487766322956303	0.004283115239650215	0.0068580917834879076	0.006636136432939565
GC>CG	2.256917764498212e-06	1.5504455859627341e-06	1.7555855492901174e-06	1.6188809013328864e-06	5.642250152959605e-06	3.5813947306451154e-06	2.753177432168741e-06
GC>TA	0.0009518035358943439	0.007219454642695666	1.084398729744862e-06	0.008499920046165243	0.011404505380323827	3.162202528983471e-06	2.4915820631576937e-06
TA>AT	0.007985951006412506	0.0017942330506230063	0.008576008946283764	6.187271310409415e-07	0.033790333441015716	0.004351274688815465	0.0231712244451046
TA>CG	1.7624344764044508e-06	1.2639780038625758e-06	1.275197064387612e-06	0.001910978356522719	0.003715366942924447	2.9778187126794363e-06	0.00527363091564439
TA>CT	0.012977221815867778	0.0007011022593587767	4.020063784082595e-07	0.03551640892401338	0.02716412152367411	0.02351749874651432	0.013046268199616406
TA>GC	2.256917764498212e-06	1.5504455859627341e-06	1.7555855492901174e-06	1.6188809013328864e-06	5.642250152959605e-06	3.5813947306451154e-06	2.753177432168741e-06
TA>GG	1.712720381874533e-06	1.211789106037031e-06	1.289068359255907e-06	1.3910864254285115e-06	0.006941959664345632	3.2445367196487497e-06	0.0017596848376342678
TA>GT	0.0021159931322017656	0.014703558385372162	5.898895608424937e-07	0.0019259842416659012	0.019383738262058615	0.0008120864515831272	1.3127879128660424e-06
TC>AA	0.09964116085320711	0.0016617462038993835	0.010063175857067109	0.11807699725031853	0.09769411683082581	0.11250379453633741	0.1443559892475605
TC>AG	0.011626629868806049	0.01321838750380407	0.04556591790169477	0.012002462541749992	0.016185784506797064	0.01590295852909094	0.007088860869407654
TC>AT	0.03204291574656963	0.027239153534173964	0.18736573457717895	0.013243408873677254	0.049081696569919585	0.0386203143275452	0.092710991948843
TC>CA	0.04483779463917017	0.012119920187706157	0.00633979681879282	0.05428759269416332	5.840462563358608e-07	0.018254575269959616	0.05823806039988995
TC>CG	0.0009513767585104915	0.010420157315552103	0.0019662153260810557	0.019140337221324445	1.1082405308115995e-06	1.952235288635866e-06	1.5206629768726998e-06
TC>CT	0.01742846784957237	0.02599472481488192	0.014599986129576336	0.012381888254117257	0.0030420187383924714	6.436655290542604e-07	0.005666766218382691
TC>GA	0.028705908590768558	0.016597116459161045	5.04244690091582e-07	0.006359831430017948	1.217158842341211e-06	0.0392433057024391	0.038141907757653824
TC>GG	0.002462186157185897	0.0011223978085979525	0.005172964802977731	0.008706396587194831	4.080415055796038e-06	2.4077512989606474e-06	1.3684528653357119e-06
TC>GT	0.005497828139584726	0.005410168125797555	0.004058581656408933	0.005787986958384117	0.021904652751982213	0.025751320671315626	0.015334280329830108
TG>AA	0.009103468834655359	0.009578102029837509	8.539658153949858e-07	0.01747088134288788	1.7540879071020754e-06	0.0028227066871977513	0.0017584387678311942
TG>AC	0.0024625391077051973	0.0018772967121094553	1.3285238424032287e-06	1.3915539852860093e-06	4.661164530261885e-06	3.0616293770435733e-06	0.00175930781824718
TG>AT	0.028294221140374026	0.032369467122407514	1.7645030538915308e-07	0.053731284465948194	0.01876326873898506	0.012676227544670904	0.03158211612608284
TG>CA	0.01653369221356229	0.010479853602760159	0.002333756291216107	0.013236833922564983	0.005695947790445644	0.0782691556827558	0.023769258317770436
TG>CC	0.0008554672978760891	0.002634073111721591	0.005197642154303139	0.003851619148167629	2.2580827135243455e-06	0.011211066081182252	2.1444183289531795e-06
TG>CT	0.018440570496022702	0.055414282530546186	1.256138276062302e-07	0.0711132101714611	0.08333485871553421	0.0999656431376934	0.010127650459276083
TG>GA	1.857687141182396e-06	2.490310043867794e-06	1.26261618333956e-06	0.004038642622595035	4.856636360273115e-06	0.001715101530226093	2.0966451529602637e-06
TG>GC	0.00635001421915149	1.0451760772411944e-06	1.1135711474707933e-06	0.014346461504010222	0.005966065182155944	2.744183416325541e-06	2.3475120315197272e-06
TG>GT	0.0021995833204528025	0.01780746690928936	0.016495335041156522	0.02313621065626421	0.007160086929798126	0.012523852661252022	0.009771598875522614
TT>AA	5.08148013977916e-07	0.005907936733160568	0.005815078857654044	0.039483771100640296	0.016611019178617424	0.01966725547513306	8.967382427726989e-07
TT>AC	1.6592283259342366e-06	2.5008669354065204e-06	9.7983584623762e-07	0.009084063410796261	4.321241613070015e-06	0.0051388360983310125	1.382004666083958e-06
TT>AG	0.006350373348527683	0.0027706640161341057	1.137947768015124e-06	0.0038498406019243704	0.022871423556080118	0.003319265483830236	0.010440089865107893
TT>CA	2.0267107402105466e-06	1.0840339444789796e-06	0.006420183079308117	1.0850987678168166e-06	4.253595216141548e-06	2.843567858690221e-06	2.5851678401522805e-06
TT>CC	1.6969358512142207e-06	5.51860302778329e-07	0.009516727738082409	9.43764018757065e-07	3.656098738247238e-06	2.161446741411055e-06	2.3918574470371825e-06
TT>CG	1.6767900092418131e-06	1.208264416163729e-06	1.3655595125783293e-06	0.005729700338065413	0.015887692972773947	0.0025728697533622833	1.729123800942034e-06
TT>GA	2.256917764498212e-06	1.5504455859627341e-06	1.7555855492901174e-06	1.6188809013328864e-06	5.642250152959605e-06	3.5813947306451154e-06	2.753177432168741e-06
TT>GC	1.584478536642564e-06	0.0053834852258546565	1.5569519177915936e-06	0.0019250642868087198	0.006818367325013242	5.494704464581446e-06	0.005221156357492873
TT>GG	2.6740041676021063e-06	1.151165315604885e-06	1.6430190726168803e-06	1.3399990393736515e-06	0.0038398002694066237	0.003320749935346612	1.9401203644520137e-06
