MutationType	DBS78A	DBS78B	DBS78C	DBS78D	DBS78E
AC>CA	0.00367189	0.00777303	0.00425687	0.00380272	0.00235832
AC>CG	0.00007230	0.00007161	0.00006602	0.00007292	0.00007344
AC>CT	0.00007230	0.00007161	0.00006602	0.00007292	0.00007344
AC>GA	0.00005657	0.03612892	0.00508363	0.01510922	0.01182546
AC>GG	0.00007230	0.00007161	0.00006602	0.00007292	0.00007344
AC>GT	0.00007230	0.00007161	0.00006602	0.00007292	0.00007344
AC>TA	0.00984974	0.01201938	0.01560111	0.00977936	0.01747193
AC>TG	0.00569660	0.00460034	0.00461498	0.00316693	0.00644698
AC>TT	0.00007230	0.00007161	0.00006602	0.00007292	0.00007344
AT>CA	0.00007230	0.00007161	0.00006602	0.00007292	0.00007344
AT>CC	0.01083315	0.00461378	0.00194509	0.00217804	0.00450560
AT>CG	0.00007230	0.00007161	0.00006602	0.00007292	0.00007344
AT>GA	0.00475138	0.00688823	0.00205188	0.00479963	0.00405375
AT>GC	0.00007230	0.00007161	0.00006602	0.00007292	0.00007344
AT>TA	0.01324884	0.00785476	0.01083925	0.00408558	0.00844454
CC>AA	0.00001400	0.00001533	0.00001232	0.02174719	0.36629374
CC>AG	0.11084027	0.00791723	0.03548140	0.03301363	0.04557500
CC>AT	0.05844647	0.00992772	0.02896661	0.01385574	0.01218848
CC>GA	0.02852259	0.01853603	0.02815068	0.01183584	0.01045275
CC>GG	0.00007230	0.00007161	0.00006602	0.00007292	0.00007344
CC>GT	0.00659942	0.02231663	0.00794695	0.01253717	0.01554690
CC>TA	0.02337087	0.02079362	0.04910862	0.01890307	0.01901569
CC>TG	0.01168339	0.00937657	0.01355078	0.00636855	0.00516944
CC>TT	0.00680158	0.13930247	0.01881448	0.05012959	0.02309296
CG>AT	0.00199308	0.00637403	0.00551004	0.00222549	0.00560768
CG>GC	0.00007230	0.00007161	0.00006602	0.00007292	0.00007344
CG>GT	0.00007230	0.00007161	0.00006602	0.00007292	0.00007344
CG>TA	0.00873400	0.00373168	0.00460537	0.00328119	0.00253534
CG>TC	0.02284722	0.01666528	0.01186101	0.00547236	0.01810259
CG>TT	0.00639390	0.01059553	0.01077447	0.00708298	0.00552754
CT>AA	0.00007230	0.00007161	0.00006602	0.00007292	0.00007344
CT>AC	0.00617787	0.00216540	0.00431148	0.00207946	0.00730001
CT>AG	0.02086410	0.02030899	0.00668704	0.00412907	0.01320961
CT>GA	0.00680874	0.01159642	0.00620549	0.00939943	0.00523495
CT>GC	0.00007230	0.00007161	0.00006602	0.00007292	0.00007344
CT>GG	0.01120548	0.02676920	0.01372195	0.00698522	0.00636323
CT>TA	0.01678653	0.02724388	0.02528823	0.01114312	0.00962885
CT>TC	0.00918557	0.00336553	0.00135143	0.00505005	0.00327892
CT>TG	0.03777108	0.02716069	0.01469938	0.00481891	0.00505504
GC>AA	0.00001651	0.00001520	0.00001374	0.47469640	0.00001888
GC>AG	0.03000290	0.02498068	0.01769466	0.01063393	0.01233669
GC>AT	0.01640197	0.07239881	0.02567712	0.00822134	0.03756764
GC>CA	0.01457655	0.01567265	0.02471984	0.01089942	0.00260275
GC>CG	0.00007230	0.00007161	0.00006602	0.00007292	0.00007344
GC>TA	0.00596506	0.01359702	0.00483644	0.00837484	0.00849138
TA>AT	0.00914252	0.02067377	0.00772236	0.00610613	0.01490711
TA>CG	0.00007230	0.00007161	0.00006602	0.00007292	0.00007344
TA>CT	0.01879232	0.02626578	0.01396905	0.00247096	0.00689241
TA>GC	0.00007230	0.00007161	0.00006602	0.00007292	0.00007344
TA>GG	0.00007230	0.00007161	0.00006602	0.00007292	0.00007344
TA>GT	0.00007230	0.00007161	0.00006602	0.00007292	0.00007344
TC>AA	0.03577031	0.08673798	0.06607040	0.03776233	0.04264265
TC>AG	0.02927786	0.07063355	0.04459001	0.01548117	0.01560625
TC>AT	0.00002218	0.00094102	0.23735692	0.02447463	0.07234641
TC>CA	0.01397580	0.01515139	0.01544097	0.00920174	0.01256395
TC>CG	0.02035257	0.01838077	0.00998472	0.01484064	0.00895754
TC>CT	0.05092971	0.01294924	0.02197658	0.01672680	0.01026205
TC>GA	0.10797678	0.02069207	0.00796652	0.02162589	0.02433263
TC>GG	0.01640253	0.01165866	0.00908617	0.00339090	0.00656749
TC>GT	0.02071083	0.01712054	0.02868265	0.00431863	0.01210828
TG>AA	0.03031949	0.01645789	0.00897310	0.01786318	0.00878824
TG>AC	0.00007230	0.00007161	0.00006602	0.00007292	0.00007344
TG>AT	0.04723809	0.00804967	0.04566267	0.00003432	0.02130691
TG>CA	0.00590288	0.00726982	0.00275950	0.00403001	0.00403196
TG>CC	0.00512231	0.00342387	0.00617226	0.00478284	0.00416640
TG>CT	0.02507671	0.02368446	0.03018480	0.00810349	0.01143235
TG>GA	0.00302483	0.00894085	0.00677468	0.00117768	0.00167275
TG>GC	0.00007230	0.00007161	0.00006602	0.00007292	0.00007344
TG>GT	0.01132404	0.01378408	0.00856935	0.00655104	0.00441713
TT>AA	0.00007230	0.00007161	0.00006602	0.00007292	0.00007344
TT>AC	0.01983720	0.00923156	0.00608320	0.00288577	0.00883103
TT>AG	0.00631929	0.00242361	0.00604604	0.00307243	0.00528729
TT>CA	0.00007230	0.00007161	0.00006602	0.00007292	0.00007344
TT>CC	0.00007230	0.00007161	0.00006602	0.00007292	0.00007344
TT>CG	0.00007230	0.00007161	0.00006602	0.00007292	0.00007344
TT>GA	0.00580951	0.00687614	0.00424363	0.00516917	0.00130659
TT>GC	0.00007230	0.00007161	0.00006602	0.00007292	0.00007344
TT>GG	0.00474744	0.00615800	0.00565151	0.00230198	0.00443389
