MutationType	DBS78A	DBS78B	DBS78C	DBS78D	DBS78E
AC>CA	1.50E-03	2.23E-03	1.59E-03	1.28E-03	1.36E-03
AC>CG	1.09E-06	1.20E-06	1.10E-06	7.96E-07	8.89E-07
AC>CT	1.09E-06	1.20E-06	1.10E-06	7.96E-07	8.89E-07
AC>GA	5.97E-06	7.26E-03	2.90E-03	4.99E-03	5.21E-03
AC>GG	1.09E-06	1.20E-06	1.10E-06	7.96E-07	8.89E-07
AC>GT	1.09E-06	1.20E-06	1.10E-06	7.96E-07	8.89E-07
AC>TA	4.93E-03	5.02E-03	6.14E-03	3.96E-03	5.36E-03
AC>TG	2.29E-03	2.78E-03	2.46E-03	1.59E-03	2.99E-03
AC>TT	1.09E-06	1.20E-06	1.10E-06	7.96E-07	8.89E-07
AT>CA	1.09E-06	1.20E-06	1.10E-06	7.96E-07	8.89E-07
AT>CC	3.48E-03	2.71E-03	1.06E-03	1.27E-03	3.11E-03
AT>CG	1.09E-06	1.20E-06	1.10E-06	7.96E-07	8.89E-07
AT>GA	1.77E-03	1.96E-03	1.13E-03	1.63E-03	1.68E-03
AT>GC	1.09E-06	1.20E-06	1.10E-06	7.96E-07	8.89E-07
AT>TA	4.87E-03	3.05E-03	3.60E-03	1.99E-03	3.55E-03
CC>AA	1.98E-06	2.66E-06	1.96E-06	1.53E-02	2.19E-02
CC>AG	2.56E-02	7.90E-03	1.34E-02	1.39E-02	1.74E-02
CC>AT	1.40E-02	5.72E-03	1.04E-02	6.68E-03	5.82E-03
CC>GA	9.27E-03	8.08E-03	8.58E-03	4.65E-03	5.98E-03
CC>GG	1.09E-06	1.20E-06	1.10E-06	7.96E-07	8.89E-07
CC>GT	3.65E-03	6.57E-03	3.88E-03	4.40E-03	5.31E-03
CC>TA	1.09E-02	1.00E-02	1.29E-02	8.03E-03	7.98E-03
CC>TG	4.19E-03	3.50E-03	4.77E-03	2.91E-03	2.79E-03
CC>TT	6.77E-03	2.65E-02	1.08E-02	1.57E-02	1.11E-02
CG>AT	1.41E-03	1.96E-03	1.72E-03	1.03E-03	1.73E-03
CG>GC	1.09E-06	1.20E-06	1.10E-06	7.96E-07	8.89E-07
CG>GT	1.09E-06	1.20E-06	1.10E-06	7.96E-07	8.89E-07
CG>TA	2.17E-03	1.54E-03	1.72E-03	1.39E-03	1.44E-03
CG>TC	6.69E-03	6.22E-03	5.15E-03	3.07E-03	6.26E-03
CG>TT	3.55E-03	3.58E-03	3.64E-03	2.67E-03	3.00E-03
CT>AA	1.09E-06	1.20E-06	1.10E-06	7.96E-07	8.89E-07
CT>AC	2.13E-03	1.18E-03	1.62E-03	1.18E-03	1.80E-03
CT>AG	6.20E-03	6.64E-03	4.21E-03	2.27E-03	4.51E-03
CT>GA	3.09E-03	4.52E-03	2.53E-03	2.91E-03	2.06E-03
CT>GC	1.09E-06	1.20E-06	1.10E-06	7.96E-07	8.89E-07
CT>GG	4.67E-03	6.57E-03	4.78E-03	3.31E-03	3.57E-03
CT>TA	6.08E-03	9.11E-03	8.87E-03	5.22E-03	4.69E-03
CT>TC	2.27E-03	1.61E-03	9.06E-04	1.59E-03	1.36E-03
CT>TG	8.72E-03	8.70E-03	5.54E-03	3.34E-03	3.58E-03
GC>AA	2.13E-06	2.17E-06	2.68E-06	1.66E-02	2.61E-06
GC>AG	8.60E-03	9.10E-03	6.81E-03	4.53E-03	5.48E-03
GC>AT	9.26E-03	1.75E-02	1.08E-02	5.71E-03	1.22E-02
GC>CA	6.11E-03	5.57E-03	6.19E-03	3.96E-03	2.05E-03
GC>CG	1.09E-06	1.20E-06	1.10E-06	7.96E-07	8.89E-07
GC>TA	3.01E-03	4.68E-03	2.44E-03	3.06E-03	2.88E-03
TA>AT	4.22E-03	6.49E-03	4.11E-03	2.81E-03	6.50E-03
TA>CG	1.09E-06	1.20E-06	1.10E-06	7.96E-07	8.89E-07
TA>CT	6.20E-03	7.27E-03	5.56E-03	1.69E-03	2.89E-03
TA>GC	1.09E-06	1.20E-06	1.10E-06	7.96E-07	8.89E-07
TA>GG	1.09E-06	1.20E-06	1.10E-06	7.96E-07	8.89E-07
TA>GT	1.09E-06	1.20E-06	1.10E-06	7.96E-07	8.89E-07
TC>AA	1.71E-02	2.78E-02	2.08E-02	1.59E-02	1.78E-02
TC>AG	1.25E-02	1.79E-02	1.34E-02	8.86E-03	9.14E-03
TC>AT	3.11E-06	9.14E-04	3.28E-02	1.37E-02	2.53E-02
TC>CA	6.57E-03	6.87E-03	5.68E-03	4.49E-03	4.41E-03
TC>CG	7.88E-03	6.59E-03	4.73E-03	4.79E-03	4.35E-03
TC>CT	1.24E-02	6.27E-03	8.45E-03	7.61E-03	5.74E-03
TC>GA	2.17E-02	9.81E-03	5.52E-03	9.09E-03	1.20E-02
TC>GG	4.75E-03	4.01E-03	3.44E-03	1.88E-03	2.72E-03
TC>GT	7.34E-03	6.19E-03	6.90E-03	2.91E-03	5.79E-03
TG>AA	8.77E-03	7.71E-03	5.09E-03	5.61E-03	4.58E-03
TG>AC	1.09E-06	1.20E-06	1.10E-06	7.96E-07	8.89E-07
TG>AT	1.30E-02	5.60E-03	1.09E-02	3.40E-06	7.18E-03
TG>CA	2.22E-03	2.29E-03	1.29E-03	1.51E-03	1.49E-03
TG>CC	2.30E-03	1.92E-03	2.80E-03	2.02E-03	2.34E-03
TG>CT	8.83E-03	9.46E-03	9.09E-03	3.96E-03	6.42E-03
TG>GA	1.75E-03	2.39E-03	2.77E-03	7.80E-04	1.17E-03
TG>GC	1.09E-06	1.20E-06	1.10E-06	7.96E-07	8.89E-07
TG>GT	4.23E-03	4.02E-03	4.39E-03	2.60E-03	3.23E-03
TT>AA	1.09E-06	1.20E-06	1.10E-06	7.96E-07	8.89E-07
TT>AC	5.77E-03	3.77E-03	2.86E-03	1.43E-03	4.28E-03
TT>AG	2.17E-03	1.32E-03	1.94E-03	1.26E-03	1.82E-03
TT>CA	1.09E-06	1.20E-06	1.10E-06	7.96E-07	8.89E-07
TT>CC	1.09E-06	1.20E-06	1.10E-06	7.96E-07	8.89E-07
TT>CG	1.09E-06	1.20E-06	1.10E-06	7.96E-07	8.89E-07
TT>GA	1.99E-03	2.32E-03	1.58E-03	1.62E-03	8.72E-04
TT>GC	1.09E-06	1.20E-06	1.10E-06	7.96E-07	8.89E-07
TT>GG	2.03E-03	2.12E-03	1.93E-03	1.07E-03	1.49E-03
