MutationType	SBS96A	SBS96B	SBS96C	SBS96D	SBS96E	SBS96F	SBS96G	SBS96H	SBS96I
A[C>A]A	0.0009299127850681543	0.007380819413810968	0.008654448972083627	0.01741942800581455	0.01806163451171301	0.02862412352114916	0.013280839845538139	0.008575830329209565	0.046169956028461454
A[C>A]C	0.0006459641270339489	0.019055628776550294	6.103502535303915e-08	0.010750127118080854	0.01091731758788228	0.006780226051978389	0.0016485045388435538	0.033116914052516225	0.0024272490413181913
A[C>A]G	0.0005431972182122991	0.0	0.001688441902319937	0.00041281604208052156	0.0016429536044597626	0.00421681993329912	0.010193547140806914	0.0021189877234860433	0.022387363575398923
A[C>A]T	0.00034885175409727216	0.023524077702313663	0.002900529745966196	0.013330412749201059	0.01761663854122162	0.00817672002594918	0.00417360682040453	0.012905901297926903	0.01922576082515661
A[C>G]A	0.0020193289805320092	0.004278242541477084	0.0037388999490086698	0.002990271127782762	0.016542517626658083	0.010551165603101254	0.008134896727278828	0.018009144999086856	0.00692890789359808
A[C>G]C	0.00199381907004863	0.007283192745808265	0.005359046103860976	0.005616640760126757	0.009401942184194923	0.007085288510893406	0.0044057445600628855	0.005601862166076899	0.004201519777677731
A[C>G]G	0.0009180752851534635	0.004601029499042397	1.0463481174838307e-07	0.001782689614739752	0.012309156358242035	0.004170211726190587	0.0011430993100968597	0.004048166359780225	0.0004958861208308463
A[C>G]T	0.0020639982307329775	0.022128472477197646	0.0005695651732732841	0.027409658394753934	0.02781017543748021	0.015000027976930142	0.0017219504341483116	0.011843231413513422	0.013679150491952896
A[C>T]A	0.004147302009795339	0.007050011307001114	0.015665823128074408	0.010110337752848864	0.01212636788841337	0.016643527150154113	0.005129505787044764	0.025427202228456736	0.009053768403828145
A[C>T]C	0.00278240954503417	0.010092010907828807	0.0051078525579214325	0.01740451343357563	0.010934814065694808	0.00979635501280427	0.017657215520739556	0.009286582749336959	0.009667776717412835
A[C>T]G	0.0030219218228012324	0.006535308249294758	0.02831001877784729	0.01606329921633005	0.03795760720968246	0.023637957125902175	0.0879860371351242	0.05281803216785193	0.0495659152045846
A[C>T]T	0.0005376165034249425	0.01751385317184031	0.0020180401992114126	0.01620570681989193	0.012579999165609479	0.011934888374526054	0.009849417209625243	0.00524865202605831	0.016465968663919667
A[T>A]A	0.0006107522058300674	0.014665014296770095	0.004719463175001692	0.005055678037115286	0.0028171496573918377	2.8729683094752544e-07	0.0036979986964297495	1.3036458312853938e-07	0.0005146563265952864
A[T>A]C	0.0004883164074271917	0.0020650767559345696	0.003496744530275464	0.0033336713444441558	0.004431109130382719	0.003201692527210298	0.013959835030004798	0.0047176692634863845	0.012232596143220854
A[T>A]G	0.0004276295192539692	0.010380249838624423	0.004814712362667705	0.019716449826955796	0.0075029322877526285	0.00988687785996376	0.005828775002896691	0.004343815568790888	0.002701776495825925
A[T>A]T	0.0	0.010671067982912064	0.002010593377053738	0.00804933920799158	0.006803013501337318	0.012824899330735207	0.010373429984429094	0.007600966095924847	0.005155158913731838
A[T>C]A	0.0004123377846553922	0.006559559889137745	0.004926489107310772	0.011180172360036522	0.0017815369326017682	0.023643891513347625	0.010319102977348393	0.006842489168047905	0.01451264957274816
A[T>C]C	0.0015893883479293435	0.01980096292681992	0.0023586255498230456	0.017020485922694208	0.007587995659559965	0.0010960995312416344	0.005984379863366485	0.003155490616336465	0.005250378791242838
A[T>C]G	0.0007414655992761401	0.0057358775730790516	0.009532222989946606	0.004270525649189949	0.012015876825898886	0.006073168152943254	0.014649863041631761	0.015576088521629571	0.016806648089550437
A[T>C]T	0.0016215419746004045	0.007561477599665523	0.005597609559663397	0.02705931682139635	0.012482020910829306	0.010547490231692791	0.008206765326281128	0.02271323073655367	0.0011590929701924325
A[T>G]A	0.00010527849080972373	0.003544767154380679	0.0023267633013190903	0.004289062533384139	0.004143387172371149	0.004887136095203459	0.00716711146247917	0.011281180381774902	0.01420276924349082
A[T>G]C	4.8030403694454546e-05	0.009028788187879399	0.0006224409685472665	0.0015914391468186296	0.004628013074398041	0.003935698980228608	0.0006775281967065893	1.7769305600268125e-07	0.0009141632271280287
A[T>G]G	0.00040448005243334253	0.008818370848894119	4.6668129130011946e-07	0.0051150573417544365	0.01799430700484663	0.0030184725460742357	0.0008963067084550858	0.00047069317661225797	0.0031557508744299414
A[T>G]T	0.0008274738676846028	0.008002812811173498	2.1396363365511206e-06	0.013478084187954664	0.0012553611071780325	0.00403846399858594	0.0033769315108656884	0.001906423270702362	0.0018408534269951816
C[C>A]A	0.000837925093113423	0.026403577625751497	0.008516211807727814	0.01772112790495157	0.018080473272129895	0.009337125346064571	0.008040839843098935	0.006668033049794344	0.01979413442313671
C[C>A]C	0.000315335753839463	0.022351239062845706	0.004980332846753299	0.021509749069809913	0.012004611361771823	0.015513884276151657	0.004081752901402069	0.002528420742602039	0.004335277429379403
C[C>A]G	0.001502094091847539	0.006164982635527849	0.0037755494005978106	0.0	0.006846050987951458	0.002168793557211757	0.00840261840049834	0.005738615989685059	0.005093084425243433
C[C>A]T	0.0010496730916202067	0.0101944285065656	0.004916136226802337	0.014723302610218526	0.014259856939315797	0.03980622999370098	0.007720860652625561	0.005066745073418133	0.012963869974106501
C[C>G]A	0.0056718972511589525	0.010631789546459913	0.003377733752131462	0.008839062321931124	0.011631814204156399	0.017643717303872108	0.0011602905578911304	0.016598254907876253	0.007772368649102646
C[C>G]C	0.0004544162773527205	0.010348541801795364	0.007122538160663616	0.006377124506980181	0.01742837894707918	0.012338666059076787	0.0034552407746843983	0.013246450945734978	0.005368951812113209
C[C>G]G	0.002261768328025937	0.0068384576588869095	0.003677737745994136	0.001601302344352007	0.017979550734162332	2.0024560853926232e-07	0.006437319703400393	0.006365299444860284	0.004121283441781998
C[C>G]T	0.005982348509132862	0.030904716439545156	0.0019769979640841488	0.0194405484944582	0.015657813847064973	0.01390979839488864	0.005150711350142956	0.003383707581087947	0.0015349339693795723
C[C>T]A	0.010494960844516754	0.014819780364632607	0.020189869031310082	0.011162786308755824	0.018896922841668128	0.00767952692694962	0.012210099026560783	0.02413979433476925	0.007718922828834766
C[C>T]C	0.005236065667122603	0.007961174752563239	0.011045413464307785	0.02085074856877327	0.0072170433588325976	0.014748694002628326	0.005304587353020906	0.01885360460728407	1.5289536774432123e-07
C[C>T]G	0.008886673487722874	0.016775681544095276	0.015696115809087013	0.0037988852709531784	0.02688306998461485	0.008169742114841939	0.038304728269577024	0.06296649351716041	0.004241178376969401
C[C>T]T	0.007715333811938762	0.010336005967110396	0.007584408484399318	0.016218188405036926	0.014224185422062875	0.030105791240930557	0.011640009470283985	0.02190222293138504	0.018528684601187707
C[T>A]A	0.00029859501228202134	0.0036275638267901306	0.0022088325572241275	0.0035751807503402234	0.010152464685961603	0.004389757663011551	0.0015169931808489082	0.0064606021112922464	0.0015144936514786878
C[T>A]C	0.0006784191117721772	0.013383247144520282	0.004551810153080283	0.012776754703372717	0.005595796834704532	0.01469789408147335	0.0013012245680556588	0.006748698838055134	0.006939858945963806
C[T>A]G	0.00034301922423765065	0.014168387558311225	0.0022321330095522287	0.008124987804330885	0.013784164539538324	0.0018106927749954593	0.006298736943517724	0.019913058914244174	0.0011543363238843084
C[T>A]T	0.0	0.01163186738267541	2.1820374790198457e-23	0.008397752077263477	0.007463401183485985	0.008017331930614092	0.0007958500482800445	0.012125237844884396	0.0014037143261532493
C[T>C]A	0.0008676673751324415	0.0020992295381745407	0.0035301502965950247	0.006647703517228365	0.003201983729377389	0.005227351943130998	0.003817355027422309	0.001758042722940445	0.0005995722286115778
C[T>C]C	0.0008011655183508993	0.006945229903794825	1.1627353245557969e-06	0.017656031157821418	0.00906335199251771	0.018372687185183166	0.006911340663828014	0.01316065295061537	0.0043207855569335155
C[T>C]G	0.0013138979716767808	0.005849137343466282	0.003318810631511735	0.007205955125391484	0.012054071453167125	0.00990984103412984	0.0023634464519545874	0.00029226511251181366	0.03105239477008581
C[T>C]T	0.00010113408789038658	0.01086238119751215	0.004859868832863867	0.004471271252259612	0.005061941780149936	0.014434234378859401	0.005277158510482743	0.008766663493588567	0.01579705122858286
C[T>G]A	3.827473806657665e-09	0.0010318199495713998	1.45432505860299e-07	0.006957948447620765	0.004840396068107111	0.004608146057290696	0.0008409555482558062	0.001820964537398595	0.0024315721418332213
C[T>G]C	0.0009582097409293056	0.005116333599133628	0.002062002895399928	0.002984574444042694	0.0023567276359017343	0.007705641222594295	0.007842279153442178	0.00950016453207354	0.009557184018194675
C[T>G]G	0.0010079973028041423	0.01385982595384121	0.0025964348189830844	0.009932373091578484	0.01877882881090045	0.011998196272179485	4.375843855086714e-06	0.011330210301093758	0.017532686237245798
C[T>G]T	0.0	0.007554843137040734	2.5751440801968784e-08	0.01282142400741577	0.004835717030800879	0.004677999046214154	0.006184193941714966	0.009379832725971936	0.01083071037692207
G[C>A]A	0.0013224287425984472	0.022720540687441827	0.004867994459345937	0.010433838050812484	0.005550628434866667	0.015187013149261474	0.009826701134443283	0.010931814044351996	0.0052281243726611136
G[C>A]C	0.0016374995233491064	0.016583813540637492	0.0012336775580376713	0.0013903568498790265	0.012869138456881046	0.025602248124778272	0.0021160712465643884	0.012689615972340107	0.011592146287284777
G[C>A]G	0.000739521422656253	0.00017846901901066303	0.0014946950133889914	0.0028711320366710423	0.004456927627325058	0.0015461309812963009	0.005682722898200154	0.008706317190080881	0.0037064004689455034
G[C>A]T	0.000539944099728018	0.013304849226278748	0.00975673934444785	0.013163253106176854	0.011465637758374215	0.004506579507142306	0.010641435533761978	0.005268212128430605	0.00330022806301713
G[C>G]A	0.002919787704013288	0.012448818981647491	0.0023645488545298576	0.0033916990272700787	0.011372420378029347	0.006800389196723699	0.006290096863233429	2.385787070124934e-07	0.009482618929564524
G[C>G]C	0.0008093329437542707	0.00688052880577743	0.0022615922615104684	0.010574647411704063	0.000587161403382197	0.009192404430359602	0.0044801689218729734	0.0008861508630008785	0.01741463369689882
G[C>G]G	0.0010693737887777389	0.0009811598334636073	0.0036183421118522576	0.0014535526007193767	0.004592291824519634	0.0026240384671837092	0.00039892587083159017	0.0006464818825975271	0.0018160836221113642
G[C>G]T	0.0016516516217961908	0.036011257022619245	0.004147090183073488	0.014143964648246765	0.007834597304463387	0.009544057492166757	0.0017234062775969504	0.005440273135900497	0.0028895785799250007
G[C>T]A	0.006172819249331951	0.006788542214781046	0.017807467747479676	0.01083529032766819	0.010652174055576325	0.024615561217069627	0.016048128344118597	0.008104098157491534	0.04531952291727066
G[C>T]C	0.0028684913646429776	0.012030443083494902	0.0054847272579183134	0.005228592827916145	0.007183096930384636	0.014461301150731742	0.007798903994262219	0.014480062667280436	0.02122880220413208
G[C>T]G	0.012102991156280041	0.010499350540339947	0.004997563375259844	0.00801413775493529	0.03456230537904048	0.02134270519018173	0.06587791442871094	0.03849673122167587	0.005465563014150791
G[C>T]T	0.003568285470828414	0.009441120061092078	0.012684758380055427	0.0272044837474823	0.004579328559339046	0.008355572167783976	0.009149790462106466	0.004460137337446213	0.004648820044326385
G[T>A]A	0.00020414478494785727	0.002778430758758077	0.0023928356356918814	0.006625874619930983	0.004855953902006149	0.00513822429907691	0.006434451090171933	0.005935230758041143	0.004495465407337943
G[T>A]C	0.0	0.006682807948277514	5.789241299680725e-08	0.0028482409082357663	0.006391376303508878	0.0027594802520070514	0.0029010626021772623	0.0017679979093372822	8.362327662325697e-07
G[T>A]G	0.0007640334079042077	0.016396513395011424	0.002010780169345594	0.0071835723624619876	0.005685063544660807	0.0027744434146086405	0.00036417711606873127	0.004088030848652125	0.0019884614273905756
G[T>A]T	0.00020590736530721188	0.00901745141018182	0.0011123004863323517	0.007595974951982498	0.005862514884313441	0.010515184510583708	0.00591939548139635	0.001066979763135123	0.0006791264393527285
G[T>C]A	3.859263983940764e-08	0.012423739396035671	0.00345659744925797	0.009265491738935962	0.015284272655844689	0.0062227830523625014	0.003890887275338173	0.009201144985854625	0.010716893902645097
G[T>C]C	0.0009180997760267929	0.002613052492961288	0.001715709874406457	0.0017004037275910378	0.008454678766429424	0.010953971557319165	0.007614365322137928	0.007643524743616581	0.0
G[T>C]G	0.000608282838948071	0.0027424076027898537	0.00035801297053716274	5.367289759306004e-08	0.007450730167329311	0.009057529922574758	0.01082845745315808	0.002011493816098664	0.0016675688326358794
G[T>C]T	1.0237433798465644e-07	0.0013168538920581342	0.002905469108372927	0.009072264097630978	0.001921876659616828	0.008565316081746488	0.02545736338943243	0.011537696793675422	0.018348874989897013
G[T>G]A	0.0	0.006765261927193933	0.0	0.012665508221834898	0.005193525995986192	0.003074086392012987	0.0021169869422294598	0.004979735350480042	0.010303889692772827
G[T>G]C	0.0003322673146612942	0.005647695157676935	0.00343895087717101	0.0031132752308622004	0.001666735820774079	0.0024800449452019534	0.0021593088355757574	0.0	0.007659857347607613
G[T>G]G	0.0011701487703248859	0.01552977217361331	0.004470280604493302	0.009775349963456392	0.004028449114412069	0.006463710125535727	0.0010507060214877129	0.011282208441866715	0.005436400789767504
G[T>G]T	0.000485072674928233	0.007878405228257179	0.0017146485737868033	0.008114489447325467	0.0030432335698151293	0.0027842669294386724	0.0049097818788141016	0.006842242903076112	0.006816802360117497
T[C>A]A	0.024874287098646163	0.012868250906467437	0.022834692150354385	0.020120639819651842	0.014880989555967972	0.01861838661134243	0.026574107259511946	0.008981833327561617	0.007727601192891927
T[C>A]C	0.012632779162959195	0.034177128598093985	0.013885273162941303	0.006390061695128679	0.020068002864718437	0.008752152184024453	0.003479587286710739	1.1125396598254863e-17	0.017329067550599576
T[C>A]G	0.00397291211411357	1.596901474579639e-16	0.00913257164490915	3.7326459807748686e-28	0.0020872810855510206	0.005737421332122528	0.012164183380082249	0.004129263199865818	0.002597495308145881
T[C>A]T	0.01224214257672429	0.0171871779486537	0.017771427519619465	0.04302551313303411	0.018524855711439157	0.010910483822226525	0.019051288068294526	0.011785594443790615	0.008774028206244112
T[C>G]A	0.13361992537975312	0.0049609670619247485	0.14025115817785264	0.029252797923982145	0.004750929400336503	0.019099713210016488	0.0253411877900362	0.0022078482434153557	0.01042671650648117
T[C>G]C	0.03802413418889046	0.015572007000446319	0.029581874611729026	0.01932277171872556	0.014381185732781887	0.012031389214098454	0.02273721657693386	0.008034709142521024	0.07093040496110917
T[C>G]G	0.012893673032522202	0.0022302256897503044	0.005419397495757039	0.003137414017692208	0.0021763174794614316	0.0	0.0041838647688564375	0.0009440486319363117	0.010746080102398992
T[C>G]T	0.18442966639995576	0.03439174384402577	0.13471075147390366	0.03592903874814511	0.030054493620991708	0.0172248088116441	0.04479150772094727	0.014734017848968505	0.010974334637353422
T[C>T]A	0.21150516271591185	0.004287679493427278	0.13043893203139306	0.026410838961601256	0.013855400285683573	0.02169957642463487	0.04925749405982671	0.04441987723112106	0.02509276562965602
T[C>T]C	0.06492726504802704	0.023471652064472437	0.06352842040359974	0.016960613608534913	0.015142943104729056	0.02497853562235832	0.022661991049906717	0.01601010313461302	0.004280248807208412
T[C>T]G	0.060776139795780185	0.019563641212880612	0.026551580615341665	0.010676109045756802	0.022305476665496825	0.005579470749944448	0.034970194287598136	0.019367632642388343	0.0031389182462589816
T[C>T]T	0.11185852736234665	0.014692269829065551	0.06315357200801372	0.036284379102289675	0.007321619614958763	0.03528594058007002	0.018185877427458762	0.04114353249358373	0.01654686222827877
T[T>A]A	0.0011125889257527887	0.0037087241420522333	0.005101063848397499	0.006645898194983601	0.01042999466881156	0.010541970329359173	0.015712923556566238	0.008269575745930523	0.01182178054027636
T[T>A]C	5.643067415803671e-05	0.0033747909946669095	0.000866000447422266	0.0044376899117310135	0.004216791055301883	0.013476742710918189	0.012252911927407694	0.00823131948709488	0.002069651531974159
T[T>A]G	0.0009690905106253922	0.009318675083341077	3.639015242561388e-32	0.002983314732944109	0.00766857280395925	0.008439915431449663	0.0022986230700107278	0.004126861772165325	0.0070924465603184215
T[T>A]T	0.0003226878005079925	0.021669342182576656	0.0006743448606982838	0.009126284159720523	0.0044800186529882335	0.014114874372194209	0.00260894955380655	1.0371322225477542e-07	0.008306076005101203
T[T>C]A	0.0	0.0033070832588151687	0.0	0.007656340853043275	0.011702017765492201	0.0028672468037314047	0.009122757285903716	0.01654912531375885	0.003572719342333343
T[T>C]C	5.254386342130601e-05	0.005475759878754616	0.0019953468814492225	0.0021108005097630667	0.01081799729594195	0.00979676625561865	0.01464720545336604	0.00986592061817646	0.020830082868826594
T[T>C]G	0.0006590719451196492	0.0008344628848141156	0.003203726924721195	0.0023767678067088127	0.003975475765764927	0.006771780364215374	0.010076494514942169	1.9699185045771867e-14	0.017837121058255433
T[T>C]T	5.257691955193877e-05	0.0060421345755457875	0.0015557805076241494	0.011630115611478687	0.006649181209263588	0.006558549164617488	0.01655608881264925	0.01482848059386015	0.027282712049782276
T[T>G]A	0.00010040421395292043	0.0003437209797084506	0.0018942501395940782	0.0006631364065640355	0.005435362775733666	0.006699211150407791	0.005079919428135326	0.003342198233018537	0.01619198346839994
T[T>G]C	0.00042281734058633445	0.0013517824649559001	6.575318430179777e-07	0.005475431703962386	0.00639741369523108	0.004961907418640976	0.00135287307202816	0.002845160500146449	0.015793713343836658
T[T>G]G	0.0	0.008222835008609763	5.615461375896302e-08	0.0031740365473069687	0.013572154007852078	0.004186461132326258	0.004217351171473638	0.0068826508517759065	0.0007402425097382092
T[T>G]T	0.00039726069662719964	0.009149821475148201	0.0005127405286032172	0.006094522246337419	0.013918989524245261	0.010056149756201194	0.0034688047133386137	0.02051086276769638	0.006367243697604863
