MutationType	SBS96A	SBS96B	SBS96C	SBS96D	SBS96E	SBS96F	SBS96G	SBS96H
A[C>A]A	0.0016028136247768997	0.019551949948072432	0.023319295793771743	0.010413206601515412	0.030053293332457542	0.005627230647951365	0.018086240999400614	0.02195042874664068
A[C>A]C	0.00040318865212611853	0.01607545353472233	0.01295193936675787	0.003467432968318462	0.003416730184108019	0.02766356561332941	0.00966588397277519	0.014584410662382651
A[C>A]G	0.00046317327360156924	0.001252354122698307	0.0031052088364958764	0.006108709052205086	0.009515798091888428	0.0011538998605715278	0.003412326902616769	0.008220003615133465
A[C>A]T	0.0005881263175979256	0.027903326973319053	0.025930474698543548	0.005488222697749734	0.0044704509171879184	0.0	0.020189199253707102	0.0059871066079495
A[C>G]A	0.002051924052648246	0.005729961119262423	0.014956245757639408	0.00953947373200208	0.015507142338901759	0.009411704260855913	0.00698966458439827	0.008080920018255711
A[C>G]C	0.0016739862971007825	0.004919640603475273	0.008469604142010211	0.0034200634807348253	0.006333924550563097	0.014340048283338546	0.005610695062205196	0.005179162209401511
A[C>G]G	0.0008445946732535958	0.005758146941661835	0.007055812701582909	0.0012818381158014413	0.001410873094573617	0.001681449510380162	0.004719869699329138	0.0018804026569910093
A[C>G]T	0.0020283279940485955	0.012971116043627263	0.03489512093365192	0.011249299300834537	0.010764110926538705	0.00745272021740675	0.015513958036899566	0.00978721734136343
A[C>T]A	0.0043585557024925945	0.017011024057865143	0.006578335585072636	0.008648810163140296	0.011416838131844997	0.02256972957402468	0.012738302815705538	0.003884058427712489
A[C>T]C	0.0019793942803516982	0.016458975803107023	0.008203761838376521	0.006633113976567984	0.014675236493349075	0.008574774395674467	0.0155474784784019	0.011831062473356723
A[C>T]G	0.004679964110255242	0.011090997792780399	0.02998962146230042	0.02818364854902029	0.05362941175699234	0.06731073260307312	0.049563353136181834	0.011465934291481971
A[C>T]T	0.0006888214562422945	0.022441478073596956	0.019583001360297204	0.00285267339170332	0.018743520602583885	0.004643420316278934	0.011135984491556884	0.00914195142686367
A[T>A]A	0.00042230599792674183	0.006003278587013483	0.004924076236784458	8.117037959473865e-16	0.002514116099450803	0.003929787513348127	0.002480606222525239	0.004727718481399279
A[T>A]C	0.000629158696392551	0.007240899186581373	0.004253337904810905	0.00330987386405468	0.008549485262483359	0.007528086751699447	0.006167618022300305	0.010500022117048502
A[T>A]G	0.0008505653764586896	0.009601721726357936	0.004865459632128477	0.011795576683004103	0.0027008965611457826	0.008079505089781946	0.009809551388025283	0.009375705408348266
A[T>A]T	0.0	0.012842193245887756	0.00030936805652004296	0.004714126512408256	0.012959923874586821	0.006626232713460922	0.008491740468889475	0.0080166171309628
A[T>C]A	0.0007334104448091588	0.012479316256940366	0.005164402537047863	0.006011307425796986	0.006357205705717206	0.012796590104699135	0.01642293967306614	0.03138332478702068
A[T>C]C	0.0017955287359654904	0.011990023218095303	0.012146803131327034	0.008488074503839016	0.003626907244324684	0.0039122166810557244	0.005534381128381938	0.0032527878880500793
A[T>C]G	0.001797816762700677	0.0034795494051650167	0.018716413341462613	0.003983075241558253	0.010352696664631367	0.010166554432362317	0.017320931330323218	0.018661319743841887
A[T>C]T	0.001381039316765964	0.016217307932674885	0.005206731142732224	0.009085221821442247	0.003666197042912245	0.012117204815149307	0.02426876574754715	0.009811078198254108
A[T>G]A	0.0001916995068313554	0.001257070554697748	0.004468264756724238	0.001281193848979001	0.011841703485697509	0.016530767921358346	0.00544712677365169	0.004410002687063752
A[T>G]C	0.0003330792300403118	0.005241836933419108	0.0021997875885972464	0.00039913570508360864	1.5981329113401443e-07	0.006806211872026324	0.0019838657032096307	0.0004670580661525037
A[T>G]G	0.0004886619048193097	0.0036436810623873966	0.014688972570002078	0.0038074073654599722	0.004478961303163942	0.003356709555555426	0.0021121321592570607	0.0019451764453322085
A[T>G]T	0.0006559935107361525	0.006598380161449313	0.0024938939139246942	0.002235442881754235	0.003475937619805336	0.00682384348474443	0.002208405826240778	0.0012207040896385023
C[C>A]A	0.000977404648438096	0.01601499617099762	0.010007979162037373	0.00369020514190197	0.020659626461565495	0.010938744325748862	0.023467344231903553	0.01463428046554327
C[C>A]C	0.0003197087673470378	0.01962636150419712	0.01256049033254385	0.012201391765847803	1.3202160198400037e-11	0.015264024585485458	0.009349957818631082	0.005449779585031305
C[C>A]G	0.0012762885889969766	0.002569112251512706	0.003984457720071078	0.0035069033037871122	0.0050029277335852385	0.0035046131815761328	0.0030113614164292814	0.005035970034077764
C[C>A]T	0.0008541698392946273	0.026274637132883073	0.0160722017288208	0.008828140608966554	0.0034622458901594653	0.014730280544608832	0.026317306235432623	0.007433583870524452
C[C>G]A	0.004502687510102988	0.012719559483230114	0.013986071012914181	0.006338533572852611	0.0020629853010177613	0.007459687921800651	0.010055534169077873	0.016010428220033644
C[C>G]C	0.0005352475593099371	0.010764118656516075	0.013700684066861868	3.124895575444342e-43	0.009207512810826301	0.002978549971159112	0.0142210014641023	0.011086963559148445
C[C>G]G	0.0019350628834217786	0.0008407621411606669	0.015171495266258717	0.0022461133077740668	0.002883513302617757	0.003727730405944385	0.002071287855505943	0.00346388197503984
C[C>G]T	0.0052109815180301665	0.015852009877562523	0.01152304581705721	0.017571667581796645	0.002455342561006546	0.022466820478439332	0.008166010258719325	0.010399197973310948
C[C>T]A	0.01073159147053957	0.00908216629177332	0.009610921330749988	0.00444064571056515	0.014904122054576873	0.019945906288921834	0.02996970359236002	0.009914756493526512
C[C>T]C	0.0051135322079062465	0.016572733968496327	0.005933935008943081	0.00632654882174295	0.006247228477150202	0.003689798293635249	0.02297247461974621	0.023131137229216846
C[C>T]G	0.009917183592915536	0.008718737587332725	0.013058596476912498	0.014565381780266761	0.039136118907481435	0.04740949347615242	0.01692887470126152	0.015073142573237419
C[C>T]T	0.006833040714263916	0.020971761271357536	0.01529334937222302	0.0144263168098405	0.02084316536784172	0.005689292075112462	0.018663451820611954	0.02990928515791893
C[T>A]A	0.0007341229374619118	0.004950945545669207	0.007934507098980248	0.004172058124095201	0.006199489999562502	0.003831962449476123	0.005680559541849562	0.0020985142751328567
C[T>A]C	0.0009453072212636471	0.011613181047141551	0.022479015961289407	0.002493547594427996	0.0013123302640281054	0.0027987209148705007	0.005779329361394048	0.004280307433259622
C[T>A]G	0.0006973398732952774	0.006433780957013369	0.009528597723692656	0.00046403435990214346	0.0057153522968292235	0.023251132760196924	0.007417894736863673	0.008777533285319805
C[T>A]T	7.894094267157925e-10	0.01604987885802984	0.0012507213087531	0.0015509814023971558	0.0008514818394132817	0.01207450097426772	0.005423975363373757	0.011599971363466466
C[T>C]A	0.0006316750252153725	0.004502873355522752	0.004038133122958243	0.0019527425989508628	0.0031136780977254466	0.0007077957037836313	0.00583923258818686	0.0025662621094738824
C[T>C]C	0.0005726818169932812	0.01431726417504251	0.0017855045851320028	0.006111464649439736	0.0030149036241180764	0.007029041461646557	0.01376303993165493	0.012946085724979638
C[T>C]G	0.0019059697864577175	0.013840481266379356	0.015317217167466878	8.903237095161924e-29	0.00983830278273672	0.006032486073672771	0.0064340239390730854	0.009216060489554593
C[T>C]T	0.0003915867768228054	0.014213257841765881	0.004613895248621702	0.0014398773682785305	0.004300892818719149	0.007332834182307124	0.009867195435799659	0.004733758831665114
C[T>G]A	0.0	0.0013495902647264301	0.0070777918677777055	0.0008907079696655274	0.0011655631913185971	0.0032424128187244607	1.5353694493569492e-07	0.0013628310246758702
C[T>G]C	0.0007822792074875906	0.0024537656456670395	0.0037100121378898622	0.007193802902474999	0.004056592937558926	0.004562690760940314	0.011233556922525168	0.010829368978738785
C[T>G]G	0.0007160523324273527	0.011785731418058276	0.017036798223853112	0.007302505150437355	0.006439090629635302	0.0008011690725879816	0.015092328190803528	0.0078043988673016425
C[T>G]T	0.0	0.011303047090768814	0.014861694257706403	0.010038429684937001	0.0067479354329407215	0.002513584054771911	0.007254304783418775	0.002581833065602268
G[C>A]A	0.0012404718087054788	0.01345594208687544	0.006265273224562407	0.007849128311499953	0.006337040988728419	0.017882323078811168	0.006162917148321867	0.011153056069332479
G[C>A]C	0.0014468285720795394	0.017822134681046008	0.01616414710879326	0.0010042022913835861	0.012373222876340151	0.01100189636927098	0.00837922994978726	0.004008725055763307
G[C>A]G	0.00077738375402987	0.0020019236020743848	0.003450834099203348	0.005474981758743525	0.002104739658534527	0.0011530732472238014	0.0027543924632482232	0.0044121823739260435
G[C>A]T	0.0009711872087791562	0.010798212699592113	0.004476692900061608	0.014621905748231256	0.005433171335607767	0.008446251311210063	0.009431969979777933	0.010912596779756955
G[C>G]A	0.0023915714351460337	0.004522709109096468	0.021269954927265643	0.007550537958741188	0.0032666271552475473	0.004452840050663554	0.0021059334510937335	0.0011934475041925907
G[C>G]C	0.0008017415413632989	0.011020567757077515	0.006703550065867603	0.0011504558846354485	0.00552555276080966	0.0033105917375394257	0.008830814249813556	0.009194720443338156
G[C>G]G	0.0012569274404086173	0.001769267875351943	0.007961371820420027	0.0023534846570129274	0.0018436752311878912	1.0042960416464838e-23	0.0008402527309954166	0.0006560952084441851
G[C>G]T	0.0027877391315996648	0.03461968787014484	0.022813816741108894	0.006366958751568519	0.0008724238723516464	0.004532439261674881	0.005693238321691751	0.0037737663547659393
G[C>T]A	0.006695988122373819	0.011695143952965736	0.023471387941390275	0.002317422768101096	0.01889130666386336	0.020529843028634788	0.010860738903284073	0.015199008584022521
G[C>T]C	0.004370808182284236	0.0147495820036454	0.01062320270575583	0.001777182356552088	0.010018645413219928	0.0047112812753766775	0.007371549215167761	0.026812748145312072
G[C>T]G	0.008447989262640477	0.011776570230722427	0.0038811534876003863	0.022138014901429415	0.05353844954879605	0.03538433127105236	0.036073338240385056	0.030409384146332742
G[C>T]T	0.00390339489094913	0.015557387098670005	0.008028566371649504	0.006124686362454668	0.0164284510537982	0.01694559995085001	0.006898202002048492	0.004942936658994768
G[T>A]A	9.683645362668935e-05	0.006790002482011915	0.0007790363859385252	0.0026342099998146297	0.00531842983327806	0.0022086477885750353	0.005102765373885631	0.01279385220259428
G[T>A]C	0.0	0.0063501461409032345	0.0033312849284072854	0.003164687007665634	0.004834735721806283	0.004905507535204379	0.0016939792678385857	0.0021530412469473958
G[T>A]G	0.000625169143313542	0.007697379495948553	0.022187015786767007	0.001084951302687019	1.839024754701768e-09	0.0033437569334637375	0.003026637528091669	0.0022429738250821173
G[T>A]T	0.0004067464033141732	0.012218797951936722	0.005270120757631958	0.00667879176326096	0.005796789051964879	0.004701489862054586	0.0019438699819147587	0.006111064792503384
G[T>C]A	0.00013281813304154324	0.00712002320215106	0.015577401593327522	0.004771088901907206	0.014773080870509148	0.0054648799356073145	0.0080194141715765	0.009030118366160878
G[T>C]C	0.0008326401584781706	0.004142669177818447	0.005445711500942707	0.002930655573572949	0.0006243748590350151	0.006052411254495382	0.011386420764029025	0.01273438878813522
G[T>C]G	0.0007347614504396915	0.0016901568316999415	0.0071396734565496445	0.003324352065101266	0.003205125033855438	0.006182771859130298	0.004844795819371939	0.008827031886357872
G[T>C]T	0.0002221456030383706	0.004266845900565386	0.006402431894093752	0.0008842731826713263	0.012644100049510599	0.012231323076412082	0.009320825524628162	0.015445880219340324
G[T>G]A	0.0	0.004681238252669573	0.01271922243759036	0.0008015494368294185	0.0006144471706107879	0.008872333122417331	0.0014232673280048403	0.00047904230834774355
G[T>G]C	0.0003177966515067965	0.005231511080637574	0.0016877478687092682	0.0047267565038055185	0.002906432980671525	0.0008493597206767567	0.0016594193103003363	0.0032261490245048207
G[T>G]G	0.0015234917227644473	0.012126582860946655	0.014525799918919802	0.0049324783496558664	0.002533612959086895	0.0022664685267955063	0.007705480046570301	0.0006836021784723589
G[T>G]T	0.0005133524042321369	0.01018820598255843	0.005592129332944751	0.005872431164607406	0.001264121290296316	0.0026616888910211854	0.004421867558949089	0.006358798431074319
T[C>A]A	0.023561861738562583	0.00822089109569788	0.012805681396275758	0.021887814719229938	0.006459978967905044	0.022983530443161725	0.017014999501407148	0.027128834463655948
T[C>A]C	0.013709629140794276	0.0153109866194427	0.03559765312820673	0.014834670873824507	0.020451747439801694	6.899200839716223e-38	0.006428034403620586	0.010522186011075973
T[C>A]G	0.002960233110934496	0.003592317854054272	0.0	0.003935942891985178	0.011031693184486357	0.003026442788541317	0.006286087958142161	0.009799106977880001
T[C>A]T	0.01400959976017475	0.025521871447563172	0.008877835620660334	0.03775670565664768	0.013469776138665086	0.021654844377189876	0.01702314428985143	0.011754637956619263
T[C>G]A	0.13947941362857819	0.00856277234852314	0.003474305167037612	0.08956868723034858	0.023065756261348724	0.009988352959044277	0.013485627714544535	0.015172881683298556
T[C>G]C	0.037027782201766966	0.005836454499512911	0.027766131237149237	0.03029641923494637	0.052030664123594764	0.014462684497721057	0.016066544642671942	0.024012624472379684
T[C>G]G	0.014148672670125961	0.002389177959412336	0.0016014274558983743	0.006545480061322451	0.00585977416485548	1.668322851333346e-29	0.0028726528165861965	0.007416085618990565
T[C>G]T	0.17504242062568665	0.029727309243753552	0.02201878409832716	0.1324257120490074	0.039633478224277506	0.01665410418063402	0.01094147786498096	0.028196494653820993
T[C>T]A	0.21498729586601256	0.005114790314109996	0.003770637139678014	0.0940451632719487	0.039603573456406596	0.016628099084451266	0.025572393834590913	0.0451792199164629
T[C>T]C	0.06516580656170845	0.011940045189112425	0.014094536838820204	0.046170714497566226	0.01845853412523866	0.03115297295153141	0.023524012230336667	0.023210449889302254
T[C>T]G	0.055690552294254306	0.005244169570505619	0.013616904709488153	0.028516087494790555	0.005862509785220027	0.050495442003011703	0.018596766330374898	0.012950887077022345
T[C>T]T	0.1123627856373787	0.03260668702423573	0.006128555916667413	0.041644216917761864	0.020228793472051622	0.016109266551211476	0.046426587551832196	0.03493050765246153
T[T>A]A	0.0005259200475848047	1.3058018555334172e-11	0.007346933986991644	0.005431435653008521	0.02269672155380249	0.01935657411813736	0.015934933722019196	0.012808766961097718
T[T>A]C	4.65481891296804e-05	0.005015884852036833	0.006082004634663463	0.007526121610305836	0.0034796386025846004	0.009657794663712593	0.004172136573964735	0.011863225139677525
T[T>A]G	0.0012177151336800307	0.008446539286524057	0.006306795589625836	0.0	0.003609885834157467	0.012903702817857266	0.000590594362279262	0.005447488008798098
T[T>A]T	0.000354256306309253	0.016028543934226036	0.010093591455370188	0.010897175874561071	0.002195256110280752	0.00499712703751228	0.0017814412061919107	0.01189784154245217
T[T>C]A	0.0	0.004289729511890527	0.0027085984125733375	0.001491666179629192	0.007449851743876934	0.01890222392976284	0.006224519520395688	0.00794571857138635
T[T>C]C	0.00010081064538098871	0.002522824704647064	0.01624563946388662	0.0024643724784255026	0.020021772384643553	0.014107306953519583	0.011330398730933666	0.004140228532897608
T[T>C]G	0.0008090220275335014	0.00451355641707778	0.007314420863986015	0.0019015241181477905	0.009358957471158646	0.0018035012660391203	0.0060518220998346806	0.009228375181555748
T[T>C]T	9.290518355555832e-05	0.005153049156069756	0.008942796243354678	0.005251404247246683	0.02310171416029334	0.011983752920059487	0.008137869788333774	0.01735702808946371
T[T>G]A	0.0011306775966659188	0.002986276708543301	0.010178492777049542	1.4075036233407446e-06	0.01280842088162899	0.002518667374783945	0.0035514386819556877	0.0075128628520815255
T[T>G]C	0.0004285312665160745	0.005023369716946035	0.007903537154197693	0.0038385803811252115	0.0035520401725079864	0.0005214406248967407	0.001819586542842444	0.0024554858626061105
T[T>G]G	4.3863347063679767e-16	0.013548726588487625	0.0034494252050990327	1.5146539539045989e-05	0.002384415548294783	0.0015702730859175063	0.003510335097234929	0.0068238966503713526
T[T>G]T	0.0004237257759086788	0.015530853113159538	0.0028946748956968802	0.0028693847477256895	0.011954587046056986	0.009344603721694966	0.012304329127073289	0.003387021405796986
