MutationType	SBS96A	SBS96B	SBS96C	SBS96D	SBS96E	SBS96F	SBS96G	SBS96H
A[C>A]A	2.94E-04	5.83E-03	2.34E-03	3.82E-03	4.20E-03	2.73E-03	2.81E-03	8.18E-03
A[C>A]C	1.17E-04	6.63E-03	5.03E-03	2.14E-03	2.46E-03	5.27E-03	3.09E-03	5.79E-03
A[C>A]G	2.32E-04	1.25E-03	1.93E-03	2.29E-03	2.62E-03	8.76E-04	1.49E-03	4.19E-03
A[C>A]T	2.41E-04	4.82E-03	6.31E-03	2.05E-03	1.92E-03	0.00E+00	5.65E-03	2.50E-03
A[C>G]A	3.00E-04	2.54E-03	3.48E-03	2.92E-03	3.73E-03	2.88E-03	2.30E-03	3.11E-03
A[C>G]C	2.10E-04	2.83E-03	3.46E-03	3.42E-03	2.36E-03	3.24E-03	3.82E-03	4.07E-03
A[C>G]G	1.33E-04	4.29E-03	4.94E-03	1.28E-03	8.81E-04	1.20E-03	2.81E-03	1.88E-03
A[C>G]T	2.24E-04	1.80E-03	2.69E-03	5.08E-03	6.81E-03	9.99E-04	5.23E-03	5.58E-03
A[C>T]A	6.27E-04	5.59E-03	3.07E-03	2.54E-03	6.70E-03	6.66E-03	4.84E-03	3.19E-03
A[C>T]C	1.31E-04	4.16E-03	3.41E-03	3.34E-03	3.91E-03	5.88E-03	5.28E-03	3.77E-03
A[C>T]G	6.37E-04	5.16E-03	7.91E-03	5.03E-03	6.83E-03	6.16E-03	1.15E-02	3.81E-03
A[C>T]T	2.26E-04	3.07E-03	3.87E-03	2.11E-03	4.76E-03	1.96E-03	4.28E-03	4.93E-03
A[T>A]A	2.16E-04	2.54E-03	3.94E-03	8.12E-16	1.82E-03	1.17E-03	1.84E-03	4.45E-03
A[T>A]C	2.43E-04	9.80E-04	2.28E-03	2.15E-03	1.85E-03	2.13E-03	4.15E-03	5.39E-03
A[T>A]G	2.92E-04	1.86E-03	2.25E-03	7.73E-03	2.70E-03	2.62E-03	1.88E-03	8.02E-03
A[T>A]T	0.00E+00	3.50E-03	3.09E-04	2.85E-03	7.56E-03	3.07E-03	4.51E-03	4.27E-03
A[T>C]A	2.66E-04	3.79E-03	1.65E-03	3.94E-03	2.00E-03	5.28E-03	5.60E-03	6.37E-03
A[T>C]C	9.92E-05	3.23E-03	5.39E-03	7.48E-03	2.24E-03	1.51E-03	2.59E-03	1.54E-03
A[T>C]G	2.34E-04	1.95E-03	5.65E-03	2.82E-03	4.39E-03	1.43E-03	6.52E-03	4.37E-03
A[T>C]T	4.41E-04	2.03E-03	2.79E-03	2.27E-03	2.21E-03	5.09E-03	5.36E-03	4.16E-03
A[T>G]A	8.57E-05	7.79E-04	1.64E-03	1.28E-03	3.30E-03	5.66E-03	3.26E-03	3.56E-03
A[T>G]C	2.73E-04	1.45E-03	1.44E-03	3.99E-04	1.18E-07	2.57E-03	1.23E-03	4.67E-04
A[T>G]G	2.24E-04	1.63E-03	2.18E-03	2.82E-03	3.47E-03	2.13E-03	2.11E-03	1.92E-03
A[T>G]T	1.89E-04	2.90E-03	6.37E-04	1.42E-03	2.13E-03	1.64E-03	1.86E-03	8.33E-04
C[C>A]A	1.44E-04	2.06E-03	4.24E-03	3.69E-03	3.39E-03	7.27E-03	5.18E-03	2.25E-03
C[C>A]C	1.09E-04	6.00E-03	2.98E-03	5.01E-03	1.32E-11	6.26E-03	4.85E-03	3.89E-03
C[C>A]G	3.46E-04	1.17E-03	1.65E-03	1.60E-03	1.97E-03	2.65E-03	2.05E-03	4.18E-03
C[C>A]T	3.77E-04	1.82E-03	2.82E-03	7.23E-03	2.28E-03	6.18E-03	9.86E-03	4.84E-03
C[C>G]A	2.57E-04	2.48E-03	3.98E-03	4.03E-03	2.06E-03	3.11E-03	4.34E-03	4.40E-03
C[C>G]C	2.58E-04	3.78E-03	3.14E-03	3.12E-43	4.95E-03	1.87E-03	6.23E-03	5.07E-03
C[C>G]G	8.69E-05	5.17E-04	4.15E-03	2.25E-03	1.87E-03	1.80E-03	2.07E-03	2.89E-03
C[C>G]T	1.19E-04	4.06E-03	4.52E-03	1.08E-02	1.95E-03	7.46E-03	6.30E-03	8.69E-03
C[C>T]A	9.31E-04	2.79E-03	3.18E-03	2.01E-03	3.96E-03	4.06E-03	8.28E-03	6.27E-03
C[C>T]C	1.62E-04	6.87E-03	3.16E-03	4.27E-03	3.55E-03	1.40E-03	7.63E-03	1.37E-02
C[C>T]G	4.66E-04	4.72E-03	5.36E-03	5.88E-03	1.35E-02	8.74E-03	6.78E-03	5.09E-03
C[C>T]T	1.11E-03	3.23E-03	6.08E-03	8.68E-03	4.44E-03	1.67E-03	1.90E-03	8.02E-03
C[T>A]A	2.51E-04	3.47E-03	3.38E-03	1.83E-03	2.95E-03	1.93E-03	2.40E-03	8.97E-04
C[T>A]C	3.12E-04	3.24E-03	3.01E-03	1.91E-03	1.31E-03	1.20E-03	2.58E-03	2.81E-03
C[T>A]G	2.16E-04	2.40E-03	2.38E-03	4.64E-04	3.54E-03	5.85E-03	4.92E-03	2.58E-03
C[T>A]T	7.89E-10	2.98E-03	9.76E-04	1.55E-03	8.51E-04	3.35E-03	2.47E-03	6.58E-03
C[T>C]A	2.59E-04	1.92E-03	8.16E-04	1.95E-03	1.27E-03	7.08E-04	2.94E-03	1.36E-03
C[T>C]C	1.54E-04	5.95E-03	9.34E-04	6.11E-03	1.91E-03	7.77E-04	1.87E-03	4.44E-03
C[T>C]G	3.68E-04	3.72E-03	2.84E-03	8.90E-29	3.80E-03	2.64E-03	5.15E-03	5.65E-03
C[T>C]T	1.53E-04	2.38E-03	7.72E-04	6.81E-04	1.90E-03	2.42E-03	2.57E-03	4.73E-03
C[T>G]A	0.00E+00	2.53E-04	2.96E-03	8.91E-04	1.17E-03	1.36E-03	9.50E-08	1.01E-03
C[T>G]C	2.08E-04	2.45E-03	1.66E-03	2.76E-03	1.75E-03	3.40E-03	4.99E-03	3.62E-03
C[T>G]G	2.58E-04	3.09E-03	3.21E-03	4.50E-03	2.70E-03	8.01E-04	7.43E-03	3.88E-03
C[T>G]T	0.00E+00	3.27E-03	3.20E-03	6.86E-03	3.49E-03	2.51E-03	2.98E-03	2.58E-03
G[C>A]A	2.77E-04	3.56E-03	1.89E-03	1.72E-03	3.36E-03	3.58E-03	2.14E-03	6.93E-03
G[C>A]C	2.59E-04	3.40E-03	3.27E-03	6.28E-04	6.71E-03	6.15E-03	4.76E-03	2.84E-03
G[C>A]G	3.17E-04	1.31E-03	8.74E-04	2.29E-03	2.10E-03	1.15E-03	1.73E-03	2.82E-03
G[C>A]T	3.06E-04	2.92E-03	1.84E-03	9.26E-03	2.31E-03	2.41E-03	3.69E-03	8.17E-03
G[C>G]A	4.60E-04	1.79E-03	4.96E-03	2.30E-03	2.19E-03	2.75E-03	1.86E-03	1.19E-03
G[C>G]C	1.92E-04	4.54E-03	2.80E-03	1.15E-03	1.83E-03	1.18E-03	4.49E-03	5.16E-03
G[C>G]G	2.72E-04	1.07E-03	1.55E-03	2.35E-03	1.84E-03	1.00E-23	5.15E-04	6.56E-04
G[C>G]T	4.09E-04	4.82E-03	7.21E-03	2.14E-03	8.72E-04	2.65E-03	4.52E-03	3.77E-03
G[C>T]A	5.75E-04	5.52E-03	5.86E-03	1.25E-03	8.49E-03	7.39E-03	5.40E-03	5.34E-03
G[C>T]C	5.29E-04	6.02E-03	2.94E-03	6.54E-04	3.04E-03	1.81E-03	3.45E-03	8.59E-03
G[C>T]G	4.52E-04	4.23E-03	3.77E-03	7.83E-03	2.23E-02	1.31E-02	1.04E-02	1.14E-02
G[C>T]T	2.35E-04	4.78E-03	2.40E-03	2.90E-03	2.75E-03	3.84E-03	3.38E-03	2.70E-03
G[T>A]A	5.96E-05	1.15E-03	4.84E-04	1.32E-03	2.73E-03	1.72E-03	2.34E-03	7.16E-03
G[T>A]C	0.00E+00	2.73E-03	2.13E-03	2.14E-03	3.76E-03	2.70E-03	1.30E-03	1.49E-03
G[T>A]G	2.25E-04	2.58E-03	2.18E-03	1.08E-03	1.84E-09	1.46E-03	2.33E-03	1.70E-03
G[T>A]T	9.07E-05	2.07E-03	1.99E-03	4.04E-03	1.77E-03	3.23E-03	8.38E-04	5.44E-03
G[T>C]A	9.21E-05	2.85E-03	3.85E-03	2.45E-03	5.97E-03	3.32E-03	3.50E-03	5.18E-03
G[T>C]C	2.34E-04	3.23E-03	2.39E-03	1.92E-03	6.24E-04	2.67E-03	3.55E-03	6.17E-03
G[T>C]G	1.97E-04	1.69E-03	3.02E-03	1.68E-03	3.21E-03	3.20E-03	2.24E-03	5.26E-03
G[T>C]T	9.88E-05	1.48E-03	2.35E-03	5.48E-04	5.66E-03	3.08E-03	3.08E-03	4.24E-03
G[T>G]A	0.00E+00	1.68E-03	2.58E-03	8.01E-04	6.14E-04	5.94E-03	1.42E-03	4.76E-04
G[T>G]C	1.77E-04	2.60E-03	1.33E-03	1.74E-03	1.56E-03	8.49E-04	1.66E-03	1.98E-03
G[T>G]G	3.25E-04	1.90E-03	3.26E-03	1.76E-03	2.53E-03	1.57E-03	7.93E-04	6.84E-04
G[T>G]T	2.18E-04	3.27E-03	2.19E-03	1.73E-03	7.96E-04	1.39E-03	3.45E-03	4.21E-03
T[C>A]A	5.46E-04	3.09E-03	3.65E-03	7.83E-03	2.10E-03	7.44E-03	8.50E-03	4.54E-03
T[C>A]C	1.37E-03	3.86E-03	9.82E-03	4.89E-03	8.27E-03	6.90E-38	3.68E-03	4.83E-03
T[C>A]G	2.52E-04	2.53E-03	0.00E+00	1.69E-03	4.83E-03	1.88E-03	2.36E-03	7.46E-03
T[C>A]T	6.00E-04	8.03E-03	3.26E-03	8.74E-03	6.22E-03	6.18E-03	5.27E-03	6.09E-03
T[C>G]A	4.32E-03	5.26E-03	2.38E-03	2.99E-02	6.74E-03	2.80E-03	6.52E-03	1.52E-02
T[C>G]C	1.86E-03	2.80E-03	3.90E-03	7.29E-03	1.46E-02	9.49E-03	5.68E-03	1.39E-02
T[C>G]G	1.34E-03	1.12E-03	1.33E-03	2.59E-03	1.87E-03	1.67E-29	1.11E-03	4.31E-03
T[C>G]T	3.18E-03	8.51E-03	9.28E-03	2.15E-02	2.03E-02	6.57E-03	5.45E-03	7.58E-03
T[C>T]A	3.58E-03	2.61E-03	3.27E-03	3.38E-02	9.77E-03	7.30E-03	4.50E-03	1.24E-02
T[C>T]C	1.43E-03	3.59E-03	4.16E-03	2.79E-03	6.06E-03	8.52E-03	7.07E-03	4.83E-03
T[C>T]G	7.64E-04	1.86E-03	3.17E-03	5.13E-03	3.86E-03	1.08E-02	1.07E-02	5.56E-03
T[C>T]T	3.32E-03	5.78E-03	2.93E-03	1.85E-02	5.56E-03	4.88E-03	2.77E-03	1.14E-02
T[T>A]A	2.03E-04	1.31E-11	4.05E-03	2.07E-03	4.46E-03	7.59E-03	6.79E-03	3.34E-03
T[T>A]C	4.65E-05	2.59E-03	1.47E-03	5.91E-03	1.43E-03	3.22E-03	2.98E-03	6.65E-03
T[T>A]G	3.48E-04	2.38E-03	2.18E-03	0.00E+00	2.42E-03	4.36E-03	5.90E-04	3.35E-03
T[T>A]T	1.63E-04	6.71E-03	2.11E-03	7.10E-03	1.36E-03	2.90E-03	1.43E-03	7.63E-03
T[T>C]A	0.00E+00	1.39E-03	9.26E-04	1.49E-03	2.94E-03	2.09E-03	4.08E-03	4.52E-03
T[T>C]C	6.18E-05	1.55E-03	3.77E-03	1.53E-03	3.74E-03	3.74E-03	3.48E-03	2.65E-03
T[T>C]G	3.90E-04	2.37E-03	3.76E-03	1.13E-03	6.48E-03	1.80E-03	4.08E-03	5.99E-03
T[T>C]T	5.77E-05	1.45E-03	2.77E-03	3.55E-03	5.23E-03	5.17E-03	3.28E-03	2.01E-03
T[T>G]A	4.58E-04	2.99E-03	5.76E-03	1.41E-06	6.26E-03	1.22E-03	2.75E-03	7.02E-03
T[T>G]C	1.41E-04	1.80E-03	2.25E-03	2.73E-03	1.81E-03	5.21E-04	1.26E-03	2.46E-03
T[T>G]G	4.39E-16	2.61E-03	1.45E-03	1.51E-05	1.54E-03	1.57E-03	1.52E-03	5.95E-03
T[T>G]T	1.13E-04	3.93E-03	1.81E-03	1.76E-03	7.02E-03	4.94E-03	2.37E-03	2.81E-03
