MutationType	SBS96A	SBS96B	SBS96C	SBS96D	SBS96E	SBS96F	SBS96G	SBS96H	SBS96I	SBS96J	SBS96K	SBS96L	SBS96M	SBS96N	SBS96O
A[C>A]A	0.0015994518413208424	0.0038258775769463684	0.010953040653839707	0.02182132247835398	0.03399651981890202	0.02944706752896309	0.02768719457089901	0.012622132478281856	0.02349867708981153	0.016410777810961008	0.016824904829263687	0.011504850492201513	0.0207601273432374	0.024693729169666768	0.024328115582466125
A[C>A]C	0.00044426040259717915	0.0063957374543028005	0.014605043921619654	0.025756637379527093	0.013984198251273483	0.02019310537725687	0.014279161859303714	0.010311272607032152	0.008091243206339466	0.01861609418410808	0.012367262179031968	0.01673151645809412	0.009871024457494874	0.03222617544233799	0.02302456758916378
A[C>A]G	0.00017941993282875047	0.0005942421151838436	0.0016758065670728684	0.007860223948955535	0.001583025581203401	0.00435889718355611	0.0015507835654716474	0.0018099422275554388	0.0010850911428633482	0.004004095820710063	0.0019485375649310299	0.0027737968888828846	0.004697335977107286	0.0014171756047289892	0.0028227256028912962
A[C>A]T	0.00036494015171923387	0.004992765538863075	0.019682766776531933	0.03187889158725739	0.017192101664841176	0.014024444127297664	0.016388059593737125	0.0069370814198391525	0.010903329732288813	0.00667694743881721	0.012673095986247062	0.011355380611044907	0.013474992476403713	0.02011782890185714	0.013410697683253758
A[C>G]A	0.001225247223783299	0.009618951752781869	0.01389195891097188	0.02505831141024828	0.007460782502219399	0.008140830462798477	0.010132054425776004	0.030587504804134368	0.007849294069239931	0.007709290506318212	0.0049410432111472	0.016423320583999156	0.0020384139702358086	0.005268986453302205	0.013647424150258302
A[C>G]C	0.000320411299118354	0.0059734135400503876	0.010211227927690698	0.011078384332358837	0.011029233294539153	0.006097667384892702	0.006049801805056631	0.007530757068889215	0.0056641660397872325	0.005959847776287529	0.006327815307304263	0.007865280192345381	0.0057616303209215404	0.00841267048381269	0.005939035536721348
A[C>G]G	0.00022811131752691337	1.2006429884892116e-21	0.00027038415969824197	0.014792601484805346	0.00589795655105263	0.001237640261388172	0.0015388612635886048	0.004988596765178955	0.0005907761981922921	0.002133952069797563	8.542683836330816e-05	0.006050293566659093	0.0016679643420589915	0.0006196019240322382	0.005441646371036822
A[C>G]T	0.0014888411620648107	0.0076645943503081074	0.012459631636738777	0.019931753166019917	0.007134201668554852	0.011465952266007662	0.014462426165118813	0.02650776654481888	0.01096646230434999	0.0055673623181064615	0.003675624201199312	0.009849347488489002	0.003831729425208748	0.01320119695737958	0.01673231814056635
A[C>T]A	0.005426675267517567	0.004035025045638107	0.012050046399235726	0.020031902566552164	0.02351575680077076	0.02045161873102188	0.023312555253505708	0.00598530899733305	0.01602259860082995	0.01864298339933157	0.023313807509839534	0.01844843626022339	0.014589436725153318	0.028941424563527107	0.02001123633235693
A[C>T]C	0.0011717311572283506	0.005489588826345493	0.007396288440145326	0.010791941732168197	0.005404540459858253	0.011163999047130346	0.00848167680669576	0.011553935706615448	0.01174514158628881	0.0036514404761220478	0.00965941115282476	0.007527251401916147	0.005218153914547585	0.018512041494250297	0.01183526604436338
A[C>T]G	0.0014687472326776556	0.01852102605625987	0.006066255154014932	0.012782560439873181	0.013546607289561788	0.0066038948565392275	0.01706034718081355	0.015938683626700367	0.030083831961451323	0.04005079939961433	0.11074505299329758	0.030483175441622733	0.0413945384323597	0.023595286262570882	0.02094718199232377
A[C>T]T	0.0018888753691499005	0.006346638233718949	0.007087843004663125	0.028470450639724733	0.02001733435317874	0.017917831521481277	0.0233004467561841	0.00566559603248038	0.010446039990199552	0.007898294192978028	0.011330669559538365	0.012616230174899101	0.009085919801145792	0.009879792900756001	0.008007494010962546
A[T>A]A	0.001881531928665936	0.0042418078020036495	0.0126529636891064	0.0025953314189109734	0.009735002275556326	0.00961459688104469	0.008091700116710853	0.00984141193330444	0.0019087414264504332	0.02725227028131485	0.0075712568720826216	0.006867572688497603	0.005318958905854742	0.005643969557886308	0.010377830266952515
A[T>A]C	0.00021849600635630973	0.011323575768619776	0.009499344136565923	0.0031059111937325828	0.007985919388011098	0.006742413200233432	0.005633623758330941	0.007656365470029414	0.003370007826018004	0.015175588987767696	0.0064389636041596535	0.010053479624912143	0.007702534715645015	0.00943221729248762	0.008832081919535995
A[T>A]G	0.000503411355020944	0.0022783851099285714	0.005214224500718956	0.013889036886394025	0.012926265668647829	0.021101936884224414	0.009404715476557612	0.00822862375061959	0.003176117316428112	0.01576919024810195	0.0055516449268907305	0.007492211204953492	0.007657241136335148	0.006551012996351346	0.003666935209184885
A[T>A]T	0.00030768272990826516	0.01034304722561501	0.005438407277164836	0.0034770039667730178	0.017006295453757047	0.027975892648100853	0.011698426378825389	0.010367434826912358	0.009181873407285619	0.03710784539580345	0.0032710349510672683	0.02409870019182563	0.01148834517225623	0.014772545918822289	0.015762785263359547
A[T>C]A	0.00032113936904358705	0.01163007508141618	0.02171408515423536	0.008102499517192996	0.018447786383330823	0.020542558655142783	0.018686162028461694	0.009799978882088042	0.011161288269795478	0.02770988643169403	0.012144450703635812	0.025467152521014214	0.013705210387706756	0.022331942245364188	0.025681683979928493
A[T>C]C	6.494032478557719e-05	0.008291602518875152	0.007564409216865897	0.009903569240123034	0.008057528053177521	0.008895271644030167	0.00532495905645212	0.004813265934353694	0.007461707131010677	0.006487680622376532	0.008898399025201797	0.007710716400106321	0.008176852948963642	0.0038962389921834983	0.01149174040183425
A[T>C]G	0.00014430719793191328	0.017294461885467172	0.014605855569243431	0.008903416724510487	0.012347365822643041	0.011446134417201392	0.017480520036042436	0.0051983814686536785	0.009987563639879227	0.015784387476742268	0.01174257630482316	0.015924428775906562	0.011236015008762479	0.008478938741609455	0.011629574932157993
A[T>C]T	0.00015238936095470588	0.01989210140891373	0.014546741161029785	0.018620623834431173	0.023778914101421834	0.029256157204508783	0.019748908281326295	0.012327784602530301	0.008177495747804641	0.021746751107275485	0.017706639505922793	0.022668739221990107	0.01164786671288326	0.005166074656881392	0.026422448083758356
A[T>G]A	0.0003239570098230615	0.002400238555856049	0.0066473687998950485	0.006643894128501415	0.0031234191184921654	0.006135307905490435	0.005359935903470614	0.004201257321983576	0.0005787270210738021	0.012183133326684286	0.0035165259381756187	0.010763194132596254	0.002758529124855507	0.001168005705028463	0.010040602780964036
A[T>G]C	0.0002858219522750005	0.0009711276363437001	0.0009541572565922379	0.003144135175122875	0.001029104366898537	0.0018000653595663606	0.0013170680133668066	0.003715834021568299	0.0005116385796411826	0.009342874592209682	0.0008488615916576236	0.002230501638710791	0.0032818781677633525	0.0017836014422267122	0.005179414490703494
A[T>G]G	0.00025355786783620715	0.004097806004574522	0.009021285828202963	0.010598756198305637	0.006273355707526207	0.00874649635516107	0.006881401501595974	0.013456715270876884	0.003352504706708714	0.0013064197497445848	0.000639804033562541	0.0035205919408326735	0.0008361542841544731	0.003136981736559083	0.004846746800467372
A[T>G]T	0.00017589954077266157	0.002052743121764798	0.003935812881964424	0.006041306990664452	0.002110481992849353	0.003936283182703299	0.004881814424879849	0.019659055396914482	0.0055679769197013226	0.006011142072384246	0.0020842665864620356	0.0033470846246927977	0.0022014225629598183	0.0045823033433407545	0.016660628281533717
C[C>A]A	0.0014741640188731253	0.007910053897733972	0.0232398996129632	0.019342688284814356	0.019459719210863112	0.02035077167674899	0.020521224290132523	0.013970861025154591	0.007615812041331082	0.014449935965240001	0.019660095497965813	0.018045894615352154	0.010214292981508322	0.01987081067636609	0.014738481465296261
C[C>A]C	0.0004955743730568991	0.009710356174036861	0.03484196960926056	0.0121511141769588	0.017408462241292	0.01220502249780111	0.018147604539990425	0.008965216611721515	0.0044936119113117455	0.012398709543049335	0.005559953954070806	0.008990177931264044	0.0074038471873791424	0.006801911407819716	0.005432469677180052
C[C>A]G	0.00027094267134089025	0.00010150894522672658	0.0027411265364207793	0.003461340704234317	0.002156355674378574	0.0019346298288010718	0.0003132097888737917	0.0075008274056017395	0.0009874976602392061	0.001960280118510309	0.002591394231421873	0.002517952804919332	0.003013799712061882	0.0016472772229462862	0.001288805529475212
C[C>A]T	0.001027700852137059	0.004212556179675175	0.018419213220477106	0.011402340036386604	0.02851899042725563	0.023740341328084467	0.017076001316308976	0.0061946384988404764	0.011478948237071209	0.008267781977729241	0.0057215157430619	0.013764316961169244	0.007103789954271633	0.008219576405021056	0.013443202804774046
C[C>G]A	0.0022698917862726377	0.004819314414635301	0.010704194661229849	0.011975258370694065	0.010452094324864446	0.010583307001161302	0.009020156227109475	0.016379535384476184	0.009908233612077311	0.0017122806981209476	0.002946481696679993	0.0029660003737016676	0.0009171778908715871	0.007333130575716514	0.005181822624209076
C[C>G]C	0.00038436549511973423	0.0033042942406609653	0.011503560282289983	0.010820613196119665	0.008240348473191262	0.009035588940605521	0.013408754672855138	0.006293569970875978	0.005327680532354861	0.002371586420263583	0.001521320827305317	0.006311970436945558	0.0015564013738185167	0.004044784147117753	0.0052091112360358235
C[C>G]G	0.00031726465313113293	0.0018495402764529018	0.0005492224190675189	0.007720181997879316	0.0020796148339325892	0.0030566019064281135	0.002035147044807697	0.0014735650498778347	0.0021767026046290994	0.002114060323219746	0.001416833144321572	0.003935309986718494	0.0023304566275328398	0.0026146644493585365	0.0030330566862531326
C[C>G]T	0.0020275845078387535	0.011888631549663842	0.013067712262272834	0.017304979264736176	0.008376081194728612	0.01163560614659218	0.013810870330780744	0.015577550698071718	0.010874893330037595	0.006812329962849617	0.004240509821506954	0.014181382395327092	0.0026545776562822325	0.022484154533594848	0.00558066458490023
C[C>T]A	0.010808133706450462	0.007126154424622655	0.013742928672581912	0.006329840840771794	0.010006009112112224	0.015690100938081743	0.006843958864919841	0.013091683387756348	0.014104696363210678	0.014153668936342002	0.019017007760703565	0.007498678322661679	0.021659258380532266	0.02546434160321951	0.019525673426687717
C[C>T]C	0.0021992940455675125	0.006160130583171508	0.009652914722708506	0.0006284399078374806	0.012664376478642225	0.010075553646311164	0.011066607758402824	0.004417482382587354	0.01011256747879088	0.014716953318566085	0.015929530654102565	0.007105731896538303	0.014633376058191061	0.026609632559120654	0.012731850799173116
C[C>T]G	0.0030354579854785235	0.01820803337650432	0.009103066905474045	0.006054852535072541	0.003974338376417563	0.010403665817983665	0.009833040960763605	0.0010475038050231007	0.01608068659658386	0.01580981151200863	0.059301233291625975	0.019475121097639204	0.03135199267417192	0.017094683249450782	0.016491197980940342
C[C>T]T	0.004226436978206039	0.011291688866913318	0.01626052143983543	0.02042263764888048	0.015452227089554071	0.013602206215364277	0.021176836080849172	0.010744232390425167	0.0145975761115551	0.011380122136324644	0.023900575563311578	0.00962705579586327	0.022083582542836665	0.02504181079566479	0.011072313773911446
C[T>A]A	0.00035803099162876604	0.0039659891277551654	0.016978084482252596	0.005461788584943861	0.008500884100794793	0.006644490234885936	0.005324149876833045	0.00994526268914342	0.0009951319425656883	0.009435472963377833	1.318005823801972e-11	0.007502494566142559	0.0014947120632996303	0.001696469025046099	0.010535207763314246
C[T>A]C	0.00034498822720934185	0.002732685068637498	0.013735451735556126	0.01745918095111847	0.009881855419371277	0.013147799391299486	0.006933355005457997	0.011472001112997532	0.004961333610117436	0.008050876390531545	0.0032737641203226557	0.00718985813296058	0.006254921294748783	0.003744737183660618	0.006420356407761574
C[T>A]G	9.432238459794462e-05	0.003157373475313463	0.01560162827372551	0.01016948176547885	0.01228555169612262	0.007000688038533554	0.007744778087362647	0.012563917227089405	0.004103372246707207	0.007968987239291892	0.0002458526891786078	0.007360907550901174	0.005219874623617215	0.006047790276352316	0.011767289973795414
C[T>A]T	0.0001426631135957578	0.0021866773121949736	0.016930731758475304	0.023778369650244713	0.013996876496821641	0.021112520061433316	0.010454593598842621	0.01281301734270528	0.00896170052001253	0.004550206090797407	0.005905108526349068	0.014610260166227818	0.0012445233302051156	0.00437690606340766	0.011201039887964725
C[T>C]A	8.911474724300205e-05	0.005535784491803497	0.006830427423119545	0.013801557943224907	0.004950222047045827	0.007597042340785265	0.00907147889956832	0.01050315066240728	0.00512260960779793	0.010613425821065902	0.005084298124768338	0.007467584032565355	0.0070478406187597376	0.012810783134773374	0.003889305330843072
C[T>C]C	0.0009322101133875549	0.0022255617834163023	0.019259238615632057	0.015004291385412215	0.014709569329304553	0.007887372560799123	0.004273378197103744	0.011194820888340474	0.004531582770869136	0.005499012919772639	0.009725470142439008	0.013901746086776256	0.005650243193401285	0.007090651785256341	0.011803014017641545
C[T>C]G	0.0007297526928596339	0.009824399859644473	0.0059541258204262705	0.007213640166446567	0.008790638484060764	0.009494837559759616	0.008321451116353273	0.014160852879285812	0.006476537929847837	0.010039177630096674	0.002420800132676959	0.010725660715252161	0.004723377923792133	0.009965590201318264	0.011140478635206818
C[T>C]T	0.0005450890160691493	0.008170207733564893	0.01385418362915516	0.006869448676744399	0.011305219121277332	0.016408444568514823	0.012200008891522885	0.013327186653623358	0.01200605316553265	0.0047722948249446185	0.005354229384101928	0.007094861683435738	0.0030278530892817123	0.014465717040002346	0.011359040415845812
C[T>G]A	2.802901672112057e-05	0.0030904941922801576	0.004948025988414884	0.003210737216224402	0.004061194655469081	0.00310781396051425	0.003400122420862317	0.00635780980810523	0.003835231804987416	0.0029637157676515313	0.001238404646158804	0.004304353380575776	0.0012368959025479854	0.0032765780575573443	0.004464662633836269
C[T>G]C	0.0003115753032034263	0.00048507993173028117	0.0019281153072370216	0.006822010711766779	0.005240864388179034	0.007985573634505272	0.0023833390803335045	0.007982047880068422	0.002554578952185693	0.0029115081998150345	0.0017879744525885143	0.0059691881761445385	0.002134220896914485	0.0038737754366593435	0.004854257963597774
C[T>G]G	7.796920544933617e-05	0.009417646611109377	0.013080268260091543	0.005729205068200826	0.004900702089071274	0.005003167835820932	0.007227383833378553	0.01081026839092374	0.004948795785730908	0.002835329214576632	0.0007490327136392595	0.009163202926184597	0.0006859647226537499	0.008658535592257977	0.00812228354625404
C[T>G]T	0.00024295177718159166	0.0028271697657956452	0.010898688808087467	0.00026527466640589674	0.00686167679229366	0.019565304927527904	0.003910747371519377	0.01454317192610688	0.009338502776563474	0.004669341074570459	0.00694615356187569	0.01589233435249753	0.002702392393257538	0.002924998363206623	0.02416637830901891
G[C>A]A	0.0015943733742460608	0.007637143611393782	0.010640242091102436	0.02620275542140007	0.017548886965960263	0.015288538674940354	0.00843674773350358	0.004671314812730998	0.004037414488539071	0.008807269204407931	0.02702771984040737	0.01858593593219666	0.01430188026279211	0.00840374368586927	0.006624519964680076
G[C>A]C	0.00021642985586236562	0.003940149373374879	0.016575365839526058	0.006803212947405912	0.01034745848737657	0.011786078289151191	0.01060710190795362	0.0037411828726817476	0.0058926668563799465	0.009248575620586053	0.0072502945666201414	0.004348423512590216	0.009766429383307695	0.01612244136726971	0.010630146128096384
G[C>A]G	7.912522341939621e-05	0.0013869089434076637	0.0017785294447094375	0.0006995108691227325	0.0021106490020597057	0.0011288693690085338	0.001464484306057779	0.0011210499128642194	0.0025682054372737186	0.0009938530623912812	0.002992795500904322	0.0010812971624545753	0.004057270381599665	0.004037141799926758	0.0010347567265853483
G[C>A]T	0.0002626202811370604	0.005248138844035566	0.01683345325291157	0.012260291452644623	0.011391049530357123	0.015377081744372845	0.007998494943603874	0.006617866886881529	0.006965707187356074	0.0026304457791682	0.014724717848002911	0.011047934414818883	0.011427626479417086	0.005633296400788913	0.006630987767135018
G[C>G]A	0.0006533469010719273	0.004067953044207799	0.00963073639799461	0.011572451144456864	0.003065464785322547	0.003960719518363476	0.006318656587973237	0.005675437394531332	0.002579292801419797	0.006107731233350932	0.004758144021616317	0.0044244360578357565	0.0015281098657396797	0.009598464611917734	0.00572949115303345
G[C>G]C	0.0006425068762837327	0.0060680843191221355	0.01017204614036018	0.0039348858015728185	0.005721942672513096	0.005068235007299265	0.0047028000379214065	0.006113166268914938	0.0025622666580602527	0.005761916469782591	0.006315214326605201	0.0031790548181727246	0.0030763244052650408	0.0049541969783604145	0.0026764375157654285
G[C>G]G	0.00015975989372236655	0.00163998836933536	0.0005919063917552592	0.00453544135671109	3.5562262695948906e-17	0.00019247887667016604	0.0012489321205066517	0.0032343914906959982	0.0007799047965136197	0.0019903043818430234	0.0003878548558355455	0.001316344703593053	5.781370933305339e-14	0.002460947661344903	0.00445915109012276
G[C>G]T	0.0007330671185994345	0.009514210093766452	0.011350750597193838	0.012234474249354161	0.0031905612096938736	0.009013620670884848	0.009035109356045744	0.012030714098364115	0.008334031188860535	0.006794803869203364	0.0015454236243385821	0.007649333029985428	0.0024044617093750276	0.004311542748473585	0.007648219028487802
G[C>T]A	0.005767903849482536	0.0017668687432650563	0.011444438202306628	0.005073056998168379	0.010235293535515666	0.01540300715714693	0.012779837520793081	0.006060247853019974	0.014050794020295196	0.011226584803080187	0.016772652976214886	0.010300213191658258	0.015120113082230092	0.02421327792108059	0.01733725200756453
G[C>T]C	0.0015135754831135273	0.006063120067119598	0.006059618608560413	0.006812566798180342	0.008343711961060762	0.011405639722943306	0.009845871850861668	0.00752577974343072	0.011679872125387191	0.005280729848934833	0.017398245073854922	0.004822636013584347	0.013879731670022011	0.019316622614860536	0.00999453328549862
G[C>T]G	0.0026220633053270605	0.02187541634779836	0.003960790547601789	0.013492811587639153	0.014593341574072837	0.005276528681451964	0.0004872498551213529	0.014456154848448931	0.007988732867197944	0.028154913894832136	0.05872542336583138	0.01935631688684225	0.03762520076707006	0.015563010891236592	0.02193579371087253
G[C>T]T	0.0023510937832185164	0.007481016684323549	0.009632588997192215	0.010831357073038816	0.012330090347677469	0.010380918526789174	0.010334690846502782	0.013889303919131634	0.011853099978179672	0.014580499194562436	0.011185605451464653	0.010812373273074627	0.02132963892072439	0.014405464846640825	0.016603495739400388
G[T>A]A	0.00020117901003686886	0.0014068929944187404	0.00973420487716794	0.008936805464327336	0.005764073975583433	0.005730046611279249	0.0044126590248197315	0.003547177696600556	0.0028787674149498344	0.005860034842044115	0.0010325381808056644	0.004218961764127016	0.0023679798352532087	0.0008526759184211249	0.002407501290366554
G[T>A]C	0.00034381583726741385	0.0030485688708722634	0.01180618954822421	0.004872356163104996	0.0018071933707688003	0.006782448198646307	0.0036330083049792164	0.004168344952638847	0.0025323162553836124	0.0036119241267442703	0.004227365716360509	0.0054052541963756084	0.001751649734901356	0.002797992574059609	0.005942437052726746
G[T>A]G	0.000580419204197824	0.002186913799960166	0.007103954162448645	0.009568837378174067	0.007098555937409401	0.007081189309246838	0.005580585822463036	0.007155280443839729	0.0022518922480230684	0.004330363310873509	0.0030438829911872745	0.002225273076656059	0.0010323186630557756	0.003964041341735514	0.003915100079030951
G[T>A]T	0.000258818033762509	0.002452651344453636	0.014409284376137066	0.009141429000192148	0.007672097347740173	0.013942957296967507	0.004658859339542687	0.012751525267958641	0.007768176575036989	0.0073478294536471365	0.0015552050434052944	0.006219625286757946	0.0017441837699152536	0.004267382215039106	0.0075799156678840515
G[T>C]A	0.00013715388024173602	0.009260627382900566	0.008640665700659156	0.004980264909681864	0.006616095361258312	0.010679170570801944	0.00869264053180814	0.008349331252975389	0.0023377167015496527	0.009691526181995869	0.010763910319656133	0.012548358971253037	0.005547221307642758	0.0041682701851493585	0.012640670919790865
G[T>C]C	0.00040364435117226096	0.003958942000065219	0.008018217957909763	0.008268317114561797	0.004549958440475166	0.00040294445628964737	0.005336308565256331	0.006547070993110538	0.004625028363079982	0.004601792234461754	0.008937227353453637	0.008537689177319407	0.002712050220057173	0.003809628894956063	0.010103747341781854
G[T>C]G	0.0005129612401447189	0.007352888777586905	0.0074827488977462055	0.008978067059069872	0.0052968922657738605	0.004683777899481356	0.004402741510601846	0.0053084492683410645	0.003725115443525087	0.007473750831832149	0.006060723942312052	0.00893185012973845	0.004131959844380617	0.0035563041921705028	0.0064051006454974415
G[T>C]T	0.00024279572867423675	0.005108173586631892	0.009939702786505222	0.0024837684747581077	0.004983157154845231	0.01239240551367402	0.007774744415655732	0.0072700094750871355	0.008025587845440895	0.018322132155299188	0.007079788716509938	0.01717193443328142	0.006786292965130364	0.008682070206850767	0.017376331612467766
G[T>G]A	0.00029442453233059497	0.00037780584684412856	0.0033292886801069878	0.0061859091278165575	0.0014367665720783408	0.002235944225959004	0.001816821051814968	0.010801522620022297	0.0007102028592498755	0.0017181638164055738	0.0008853496634401381	0.004818264860659838	0.0008014866441953934	0.006027096509933471	0.005225274005217824
G[T>G]C	6.194848909725564e-05	0.0025501459545921533	0.0035259705968316768	0.0038732229731976986	0.0028085531045007883	0.0038387637119740247	0.0041428860276937485	0.0050073705147951845	0.0008696011558640748	0.0015994246583431958	0.0015922603663057137	0.0011708818492479625	0.000927564493031241	0.0026415509171783926	0.0005105043244480371
G[T>G]G	0.0009841636288911125	0.004736310821973832	0.009135381132364274	0.012460227590054274	0.007063364377245307	0.0064339210046455274	0.00550509849563241	0.004686382925137877	0.0014786325372140089	0.005071539647245177	0.0002745454869000241	0.007827998511493513	0.0038163173478096757	0.0032420375744361568	0.015178252570331096
G[T>G]T	0.0004861295325099491	0.005685779452329438	0.010936713218688965	0.009142243559472263	0.0025092380674323067	0.006515849102291543	0.001654227468695102	0.0074848021264187995	0.001807059960410743	0.002412329477120068	0.0027001382530002617	0.010016123577952386	0.002049093211149966	0.0034526307717897	0.013314417842775584
T[C>A]A	0.02479047328233719	0.02111020786687732	0.012578710517882317	0.005850747028307524	0.04104316607117653	0.0182016097009182	0.033216409757733344	0.012077708210685323	0.021225607395172118	0.028996483981609346	0.01818240210413933	0.008492732949079863	0.029970692284405232	0.01992802256718278	0.0071443964360360015
T[C>A]C	0.006635504716553697	0.020204700715839862	0.013486591912806035	0.01699658762663603	0.014263956248760224	0.017576197162270546	0.020497407729271798	0.007259726499835218	0.019202270731329917	0.01154311904683709	0.024911119043827055	0.009452707378916615	0.009225048422297277	0.022213181667029857	0.0060517730198426985
T[C>A]G	0.0011854175663756905	0.0014689475763589143	0.0012659044819884001	0.002867658925242722	0.0021929307322167803	0.00048238001763822923	0.001791618189921984	0.00022027608938515186	0.002102416520938277	0.006558543629944324	0.0015316775035945085	0.0027290830621495843	0.003842260455712676	0.0006022905685654223	0.0033027041855348215
T[C>A]T	0.010711812321096659	0.022307863147580063	0.019500780571252107	0.007968021091074173	0.046356809325516224	0.023635005904361607	0.02580681968855174	0.0157465379469954	0.031196613050997257	0.019068826641887426	0.03321519191376865	0.031181332049891354	0.015116708213463425	0.02277598031796515	0.011921714390337002
T[C>G]A	0.1396997705101967	0.11565603613853455	0.013707859018904856	0.002905121487219731	0.0005475339976820124	0.007148267436535604	0.03564387243241072	0.05090467631816864	0.07255092116655253	0.001436816308231688	0.005228135150886715	0.004867402900708839	0.015567939922675359	0.01733781276270747	0.007225299475248903
T[C>G]C	0.02579559925943613	0.052055295929312705	0.009683057665825152	0.009145129083208303	0.008128824760206044	0.013462953362613916	0.01287031820975244	0.03350820057094097	0.019228155900100317	0.002643807843560353	0.007333604204177391	0.01987341389199373	0.009102738322690129	0.019503144919872283	0.010134887484334859
T[C>G]G	0.003959124069660902	0.003509259328711778	0.0011870077694766223	0.0036565274000928127	0.00027054464480631447	0.0001402911191689782	0.00352961178869009	0.005031844788040156	0.004342265118975774	0.00015409364132210613	0.00033303974196314813	0.0021183491917349763	0.0036763557287835978	0.002185810822993517	0.0054243732243776325
T[C>G]T	0.17471048831939698	0.1461999997496605	0.018470674009336108	0.026547233015298842	0.011002549668774009	0.019692196731921286	0.05102958120405674	0.08678469359874726	0.1050031054764986	0.012960754980213096	0.0013088227862533884	0.012541161632179864	0.03123793603590457	0.04116386324167252	0.0064071965646235185
T[C>T]A	0.29858789443969724	0.05904550027839832	0.018484006242942996	0.006191957331503772	0.032038869056850675	0.008316346798437735	0.02975225877016783	0.013210813127807341	0.0721883197362331	0.021869856957346202	0.02672801851294935	0.007690680527969107	0.10592834874987603	0.0038772166890339577	0.017907345737330615
T[C>T]C	0.05985173210501671	0.012520982697606087	0.01401879510573428	0.006224234639525506	0.024217484472319483	0.006143699535891755	0.019613645458593964	0.006549165413980517	0.02405160650378093	0.019263934716582297	0.020391663908958434	0.020417076556466896	0.05247675329446792	0.04218198284506798	0.030943046137690545
T[C>T]G	0.032142529636621474	0.01785150235518813	0.0006022237076543333	0.002594854234880922	0.003581041821185437	0.007397428460152611	0.0028149117467297867	0.008307192273787223	0.013337253872305155	0.01816644518330577	0.0485573872923851	0.011418620077893137	0.03741226606070995	0.008010041554553027	0.013983923615984346
T[C>T]T	0.14467734098434448	0.04423328163102269	0.020924024109262973	0.01412184073124081	0.035662378370761874	0.006520792332526071	0.02869822354405187	0.0011432183856452754	0.04875662657432258	0.019628347436992044	0.02532090600579977	0.024110141769051553	0.05949820764362812	0.02493622377514839	0.00680242243791597
T[T>A]A	0.00045249781076108777	0.002458159121817971	0.008674589187138305	0.002744565396668075	0.009797838649910772	0.017339913919568063	0.011468746885685981	0.007052014250407773	0.01251411623088643	0.03890342079102993	0.009204219561070204	0.022872458049096166	0.017462522350251676	0.012728437304031105	0.015260687843059612
T[T>A]C	0.0002146473748553035	0.004280941642355174	0.012197304144501686	0.004682998789940029	0.006353162974119186	0.009968893555924296	0.006809952505864203	0.005433903262019158	0.0037800409831106664	0.006042965021333657	0.004178624739870429	0.0064932330511510376	0.0029754560906440465	0.006458185661937432	0.0016783716826353156
T[T>A]G	0.0003020033850134496	0.0023892866913229225	0.0025850842706859113	0.007903109397739172	0.0020373204320447537	0.008027263814119579	0.003586407343391329	0.007882886170409619	0.00179543537088177	0.0018303611534065567	0.0025905730872182176	0.00923624779097736	0.0045876698568463326	0.009448405634611846	0.004326785697467947
T[T>A]T	0.0002648365517645246	0.003284500702272908	0.015290233958512544	0.027264683693647384	0.01563950295990253	0.014723005658015608	0.014321511797606944	0.009991446128140069	0.0086108030541169	0.01575518837198615	0.0059358317770602294	0.022691123746335508	0.005179826152743772	0.0127679449506104	0.009644922056372176
T[T>C]A	0.00021220593043835834	0.004438256216235459	0.008707930333912373	0.006823683733819053	0.012662648875266313	0.011768801230937242	0.009223504271358252	0.007699913214593501	0.007821544026955961	0.018124376051127912	0.007697032997384667	0.013608338567428291	0.0065832210249027415	0.00392053728516828	0.006034718830031016
T[T>C]C	0.0004668263305546816	0.008816846436820925	0.012976846378296613	0.014383104629814625	0.005751919173790661	0.0014422404066160217	0.005905475933104754	0.006235579289144427	0.0019243778327879043	0.015354796499036483	0.006918329362310493	0.014098440124919166	0.008796556297511415	0.002906657420680858	0.008977492665871977
T[T>C]G	0.0002567749994341284	0.0035128034845016186	0.005375063698738814	0.003854001022409663	0.00792432427406311	0.010407815221697092	0.005916028283536434	0.0038527749151398894	0.004662942502181977	0.006468813447281718	0.004474452545400709	0.0068177953362464905	0.00636217761784792	0.0037028536207123993	0.007380689959973097
T[T>C]T	0.0006179182266350836	0.005323366055949919	0.012848724517971278	0.008693767013028264	0.01367711964994669	0.007827614201232791	0.0056097619374668286	0.008509874809533358	0.011976332977820369	0.013684824471410218	0.010875393450260163	0.01606065738014877	0.00802438813370827	0.009578020218759776	0.0205758074298501
T[T>G]A	8.946817106865741e-05	0.0027695910298745964	0.009556922689080238	0.008143820893019437	0.003608950268244371	0.0030149767175332858	0.005117773037636652	0.00797406816855073	0.0027205141378063417	0.0062871412606909875	0.0030640294251497837	0.005259303911589086	0.0009750716117441271	0.0035557142924517392	0.008015638450160623
T[T>G]C	8.31221965199802e-05	0.002367060629330808	0.005361774377524853	0.007049500662833452	0.008078772900626063	3.5833232564730405e-06	0.004019576357677579	0.006259888969361782	0.0029684439301490783	0.0052560393698514035	0.0030877721321303396	0.003136126013530727	0.0019922269973903896	0.002636758959852159	0.00622379932267858
T[T>G]G	6.374262750854532e-05	0.003083617362426594	0.009142859186977149	0.015363236330449581	0.0024011369212530555	0.007271568110445515	0.0062109573744237425	0.013663899898529053	0.0038659255835227667	0.00727182028349489	0.004967039288021624	0.0070668991655111315	0.0018496404554213086	0.003193345044746821	0.008761176699772477
T[T>G]T	0.0002516330947912218	0.007821089518256486	0.008670145339056034	0.015999647416174413	0.008419227186823263	0.01992139406502247	0.012424203391068997	0.015450919978320599	0.008895661984570324	0.015454902872443199	0.007883253321051598	0.01437485907226801	0.009223405085515678	0.007916690083220601	0.013774661347270012
