MutationType	DBS78A	DBS78B	DBS78C	DBS78D	DBS78E	DBS78F	DBS78G	DBS78H	DBS78I	DBS78J	DBS78K	DBS78L
AC>CA	5.531903661905595e-06	1.6851089823497783e-05	8.564233285142109e-05	5.724803340854123e-05	0.20382802462713698	0.02651480448330403	5.180815933272243e-05	1.7150482199213003e-05	1.1708446102794886e-05	3.2764589559519666e-05	5.186584057383925e-05	0.079891603664521
AC>CG	1.2738522491417825e-05	3.1017161381896587e-05	8.80122825037688e-05	7.291986839845777e-05	2.2049240214983e-05	5.389561192714609e-05	6.827912948210723e-05	2.7437828975962475e-05	3.975775653088931e-05	5.477193044498563e-05	9.040229051606729e-05	4.38523362390697e-05
AC>CT	1.273858106287662e-05	3.101707043242641e-05	8.801238654996269e-05	7.291998917935416e-05	2.35603849432664e-05	5.258275650703581e-05	6.827925972174853e-05	2.7437880999059416e-05	3.975763065682259e-05	5.4771763825556266e-05	9.040242584887893e-05	4.3852064845850694e-05
AC>GA	1.2738662553601898e-05	3.10169460135512e-05	8.801252915873193e-05	7.2920154343592e-05	2.5630458185332828e-05	5.078431458969135e-05	6.827943798271008e-05	2.7437952303444037e-05	3.975745821662713e-05	5.477153536048718e-05	9.04026150237769e-05	4.3851692316820846e-05
AC>GG	8.887340415966034e-06	9.524881716060917e-06	4.158563114975422e-05	3.994256021542242e-05	9.630262450207559e-06	0.39860852857927964	8.156948552482391e-05	0.039910274507059286	1.276961669418597e-05	3.28308115172149e-05	6.0726078913120316e-05	2.3374320153379814e-05
AC>GT	1.2738638906739652e-05	3.1016982393339274e-05	8.801248768577352e-05	7.29201070498675e-05	2.503209143469576e-05	5.130416502652224e-05	6.827938632341102e-05	2.7437932658358477e-05	3.9757508420734664e-05	5.4771601571701464e-05	9.04025582713075e-05	4.3851800000993535e-05
AC>TA	1.273856105399318e-05	3.101710135524627e-05	8.801235162536614e-05	7.29199469788e-05	2.3048089133226313e-05	5.30278299265774e-05	6.827921606600285e-05	2.743786390055902e-05	3.975767358497251e-05	5.4771820578025655e-05	9.040238073794171e-05	4.385215652291663e-05
AC>TG	1.2738433724734932e-05	3.101729635091033e-05	8.801212752587161e-05	7.291968649951741e-05	1.979410026251571e-05	5.5854836682556196e-05	6.827893448644318e-05	2.7437751487013885e-05	3.9757944250595756e-05	5.477217928273603e-05	9.040208824444562e-05	4.385274223750457e-05
AC>TT	8.179271571864894e-06	1.3730908268731637e-05	4.899052564724116e-05	4.4979260565014556e-05	6.104275964590886e-06	4.645440058084209e-05	2.8809423611164675e-05	1.2512724448275472e-05	1.7618052167304998e-05	4.704119128291495e-05	6.0813445088570006e-05	0.39877945067200926
AT>CA	1.2738578152493574e-05	3.101707588939462e-05	8.801238291198388e-05	7.291998190339655e-05	2.3477515424019656e-05	5.2654752653324974e-05	6.827925244579092e-05	2.7437878816272133e-05	3.97576379327802e-05	5.47717725567054e-05	9.040242002811283e-05	4.385207939776592e-05
AT>CC	1.2738669465761631e-05	3.101693582721055e-05	8.801254152785986e-05	7.2920169623103e-05	2.5803945391089655e-05	5.063359312771354e-05	6.827945326222107e-05	2.7437959215603768e-05	3.975744439230766e-05	5.4771516442997384e-05	9.040262957569212e-05	4.3851661757798865e-05
AT>CG	1.273858651984483e-05	3.1017063156468795e-05	8.801239600870758e-05	7.291999936569482e-05	2.3686306667514147e-05	5.247335848252987e-05	6.82792699080892e-05	2.7437886092229747e-05	3.9757619742886166e-05	5.4771750001236796e-05	9.040243894560262e-05	4.385204301797785e-05
AT>GA	1.2738668010570109e-05	3.101693837379571e-05	8.801253861747682e-05	7.292016525752842e-05	2.5759882919373923e-05	5.067187285021646e-05	6.827944962424226e-05	2.7437957396614365e-05	3.975744803028647e-05	5.477152080857195e-05	9.040262521011754e-05	4.385166903375648e-05
AT>GC	1.2738507939502597e-05	3.1017181754577905e-05	8.801225922070444e-05	7.291984074981883e-05	2.170276202377863e-05	5.4196625933400354e-05	6.82790981954895e-05	2.7437817698228174e-05	3.975778563471977e-05	5.477196827996522e-05	9.040225995704532e-05	4.385239808470942e-05
AT>TA	1.273851412406657e-05	3.101717375102453e-05	8.801226867944933e-05	7.291985020856373e-05	2.1843193826498465e-05	5.40746212209342e-05	6.827911056461744e-05	2.743782170000486e-05	3.975777472078335e-05	5.4771953000454235e-05	9.04022715985775e-05	4.385237261885777e-05
CC>AA	3.6292866113285526e-06	0.5728740930557251	1.862335953455984e-06	8.793118961658575e-06	0.24107560093374883	0.0040378583104484275	7.925371029493532e-06	0.0998364965894569	0.1330401342282131	1.9713932423215396e-05	4.629076153067624e-06	0.3986089632956009
CC>AG	3.891634733332872e-06	0.04989787656934084	4.873785461487756e-05	0.1986986762970197	0.056986694531917695	2.725199998803787e-05	4.038477527501527e-05	9.473853075725458e-06	0.09952570029450669	0.09950844331495894	6.006652643293364e-05	1.9545748055005418e-05
CC>AT	0.05710266449823394	0.059869412525949885	8.69659626914654e-05	6.963285050005652e-05	2.0370164929778886e-05	4.883940631568995e-05	6.105225184001028e-05	2.5463320707785896e-05	1.314171308931405e-05	4.9770249825087375e-05	8.668540540384129e-05	3.7885509664192794e-05
CC>GA	1.2738640725729055e-05	3.101697984675411e-05	8.80124920513481e-05	7.292011141544208e-05	2.507164354028646e-05	5.126980249769986e-05	6.827938996138983e-05	2.743793374975212e-05	3.9757504782755856e-05	5.477159647853114e-05	9.040256263688206e-05	4.385179272503592e-05
CC>GG	1.2738563600578346e-05	3.101709771726746e-05	8.80123559909407e-05	7.291995279956609e-05	2.311447969987057e-05	5.297015159158036e-05	6.827922115917317e-05	2.7437866083346308e-05	3.975766776420642e-05	5.477181330206804e-05	9.04023865587078e-05	4.3852144153788684e-05
CC>GT	0.03329622144678886	1.4819468274403311e-05	2.59168324419079e-05	0.09933852802658123	1.7467365836409954e-05	0.19866227927714136	0.1327701864831469	1.6594715179962805e-05	1.5836377788192025e-05	3.22816114021407e-05	5.688497413984806e-05	1.7530975860435838e-05
CC>TA	0.0556221447146427	2.289952499268111e-05	4.536787835846962e-05	4.832404847547878e-05	0.12892484297117335	0.04692695621488383	3.944414370442573e-05	1.7751911304852984e-05	2.8942619246663524e-05	3.46771932726142e-05	7.066980833769776e-05	2.308122390198722e-05
CC>TG	4.971431892350498e-06	1.753478645696305e-05	4.514064223570813e-05	3.981764465833408e-05	1.323736546952805e-05	4.7865035412542056e-05	5.603967365459539e-05	0.24961535713810007	2.5850558449747042e-05	4.4806433359667607e-05	6.684777701195798e-05	3.8675611904182006e-05
CC>TT	0.22846516792678812	9.892785309018048e-06	0.9941769003868103	4.640649189069073e-05	0.0856432740928054	3.134616513280619e-05	0.19853761046895407	8.082698593270266e-06	1.1344716477958497e-05	2.0826548638108733e-05	6.652740412391723e-05	1.825662781485063e-05
CG>AT	1.2738661462208256e-05	3.1016947832540606e-05	8.80125277035404e-05	7.292015143320896e-05	2.56024348345818e-05	5.080866194475675e-05	6.827943579992279e-05	2.7437951575848275e-05	3.975746112701017e-05	5.4771538270870226e-05	9.040261065820231e-05	4.3851698137586936e-05
CG>GC	1.2738553414237685e-05	3.1017114088172094e-05	8.801233852864243e-05	7.291993097169325e-05	2.284275360580068e-05	5.320622185536195e-05	6.827919787610881e-05	2.743785698839929e-05	3.9757691047270784e-05	5.4771843133494257e-05	9.040236473083496e-05	4.385219363030046e-05
CG>GT	1.2738503573928029e-05	3.101718866673764e-05	8.80122504895553e-05	7.291982983588241e-05	2.158914430765435e-05	5.429533521237317e-05	6.827909019193611e-05	2.7437812968855722e-05	3.9757795093464665e-05	5.4771981376688926e-05	9.040225122589619e-05	4.385241845739074e-05
CG>TA	1.2738594887196086e-05	3.1017049695947205e-05	8.801241056062281e-05	7.29200168279931e-05	2.390916233707685e-05	5.2279745068517515e-05	6.827928955317475e-05	2.743789373198524e-05	3.975760155299213e-05	5.4771725262980905e-05	9.040245931828395e-05	4.385200227261521e-05
CG>TC	1.2738525401800872e-05	3.1017155561130497e-05	8.801228905213066e-05	7.291987349162809e-05	2.2143146270536818e-05	5.381402843340766e-05	6.827913748566061e-05	2.7437832613941282e-05	3.9757749982527456e-05	5.4771919531049205e-05	9.040230215759948e-05	4.3852318776771425e-05
CG>TT	1.2738566874759272e-05	3.101709226029925e-05	8.801236108411104e-05	7.291995934792795e-05	2.319654704479035e-05	5.2898853027727455e-05	6.827922770753503e-05	2.7437868993729353e-05	3.975766121584456e-05	5.4771803843323144e-05	9.040239383466542e-05	4.385213032946922e-05
CT>AA	2.5507770486044024e-06	1.4640739209426101e-05	5.311153108777944e-05	2.4668741593103503e-05	0.028492948416538866	2.1291939992806876e-05	0.33859502452542073	7.70680132776655e-06	6.649495886406121e-06	2.784325863558479e-05	0.039818795928647434	0.11986333969198312
CT>AC	0.028555443455661588	0.0904316484604351	8.556680477340705e-05	7.137927823350765e-05	1.8081223061017226e-05	4.9750596946388645e-05	6.830720085417851e-05	2.3947090085130185e-05	1.701761721072451e-05	5.181643646210432e-05	8.852241589920595e-05	3.2863794149307066e-05
CT>AG	1.2738409714074805e-05	3.1017333822092044e-05	8.80120845977217e-05	7.291963484021836e-05	1.9170787800248946e-05	5.6396359286736694e-05	6.82788813719526e-05	2.743773002293892e-05	3.9757995909894814e-05	5.477224767673761e-05	9.04020358575508e-05	4.385285355965607e-05
CT>GA	1.2738612713292242e-05	3.1017023502499796e-05	8.80124411196448e-05	7.292005175258964e-05	2.4343424956896343e-05	5.19024659297429e-05	6.827932738815435e-05	2.743790792010259e-05	3.975756590079982e-05	5.4771677241660655e-05	9.040249860845507e-05	4.3851924419868735e-05
CT>GC	6.73973684358476e-06	1.440899489529024e-05	4.3417779227183925e-05	4.059767197759356e-05	1.980378438020125e-05	2.3443083851537593e-05	3.074422183999559e-05	8.490951832311445e-06	1.0523169052668867e-05	0.6476465419567831	3.2475507607898636e-05	2.1649346172237084e-05
CT>GG	1.27386738313362e-05	3.101692855125293e-05	8.801254953141324e-05	7.292017980944365e-05	2.5926512535079382e-05	5.052710866948473e-05	6.827946344856173e-05	2.7437963217380458e-05	3.9757434205967004e-05	5.4771502618677914e-05	9.040263976203277e-05	4.385163992992602e-05
CT>TA	1.2738608347717673e-05	3.1017029687063766e-05	8.801243384368718e-05	7.292004447663203e-05	2.424576596240513e-05	5.1987310143886134e-05	6.827931938460096e-05	2.7437904645921662e-05	3.975757390435319e-05	5.4771688155597076e-05	9.040248987730592e-05	4.385194115457125e-05
CT>TC	1.2738490477204323e-05	3.101720940321684e-05	8.801222720649094e-05	7.291980145964771e-05	2.1241769354674032e-05	5.459712847368792e-05	6.827905963291414e-05	2.743780096352566e-05	3.975782419729512e-05	5.477201993926428e-05	9.04022206668742e-05	4.385248030303046e-05
CT>TG	1.273848938581068e-05	3.101721122220624e-05	8.80122257512994e-05	7.291980000445619e-05	2.121673751389608e-05	5.461887558340095e-05	6.827905672253109e-05	2.7437800235929898e-05	3.9757825652486646e-05	5.477202212205157e-05	9.040221775649115e-05	4.385248539620079e-05
GC>AA	0.027898555344381747	2.5695837167397094e-06	4.453082823547838e-05	6.684369800495915e-05	0.02286159332375607	4.9748523451853544e-05	4.166520961446096e-05	1.5965348572422046e-05	0.5032073736190796	4.816129512619227e-05	8.319205735460856e-05	2.404682399799185e-05
GC>AG	1.2738556688418611e-05	3.101710753981024e-05	8.801234507700428e-05	7.291993824765086e-05	2.294725309184287e-05	5.311543427524157e-05	6.827920806244947e-05	2.7437859898782335e-05	3.9757682316121645e-05	5.4771831491962077e-05	9.040237200679258e-05	4.3852175440406424e-05
GC>AT	1.2738537043333053e-05	3.10171384626301e-05	8.801230942481197e-05	7.291990041267127e-05	2.243196140625514e-05	5.356311157811433e-05	6.82791622239165e-05	2.743784207268618e-05	3.975772524427157e-05	5.4771888244431466e-05	9.040232689585536e-05	4.385226711747237e-05
GC>CA	1.2738426448777318e-05	3.101730726484675e-05	8.801211442914792e-05	7.291967049241065e-05	1.9612285814218922e-05	5.601279408438131e-05	6.827891993452795e-05	2.7437745302449912e-05	3.975795953010674e-05	5.477219965541735e-05	9.040207223733887e-05	4.3852774979313836e-05
GC>CG	1.273853013117332e-05	3.1017147921374996e-05	8.801229778327979e-05	7.291988440556451e-05	2.2271844500210136e-05	5.3702217337558976e-05	6.827914839959703e-05	2.743783661571797e-05	3.9757738340995276e-05	5.477190570672974e-05	9.040231234394013e-05	4.385229549370706e-05
GC>TA	1.2738441364490427e-05	3.101728398178238e-05	8.801214207778684e-05	7.29197017790284e-05	2.0003159079351462e-05	5.567321059061214e-05	6.827895267633722e-05	2.74377587629715e-05	3.975792678829748e-05	5.477215672726743e-05	9.040210716193542e-05	4.385270294733345e-05
TA>AT	1.1596197409113884e-05	7.860088576394642e-06	3.999574475734846e-05	3.5684475233210836e-05	1.0781460031428777e-05	0.19931761175961354	0.07973912731831093	0.03991026042645681	1.1662024742780703e-05	3.83461168780741e-05	4.588861137386838e-05	2.07155102316392e-05
TA>CG	1.2738643999909981e-05	3.101697511738166e-05	8.801249714451842e-05	7.292011505342089e-05	2.515108681109268e-05	5.1200784582761116e-05	6.827939723734744e-05	2.7437935932539405e-05	3.9757498961989766e-05	5.477158847497776e-05	9.040257282322273e-05	4.385177890071645e-05
TA>CT	1.2738614532281645e-05	3.101702059211675e-05	8.801244548521936e-05	7.292005539056845e-05	2.439673007756937e-05	5.185615555092227e-05	6.827933248132467e-05	2.7437910466687755e-05	3.975756080762949e-05	5.4771671420894565e-05	9.04025015188381e-05	4.385191496112384e-05
TA>GC	1.2738558507408015e-05	3.101710499322508e-05	8.801234653219581e-05	7.291994261322543e-05	2.299082261743024e-05	5.3077582560945305e-05	6.827920951764099e-05	2.7437862081569618e-05	3.975767795054708e-05	5.4771826398791745e-05	9.040237491717563e-05	4.385216743685305e-05
TA>GG	1.2738599980366417e-05	3.101704241998959e-05	8.801241856417618e-05	7.292002628673799e-05	2.4029305859585292e-05	5.2175367272866424e-05	6.827929901191965e-05	2.743789773376193e-05	3.975759136665147e-05	5.47717121662572e-05	9.040246950462461e-05	4.3851980444742365e-05
TA>GT	9.20192505873274e-06	2.180895489800605e-05	7.945382316023596e-05	4.963101382600143e-05	0.1393597755981318	0.12244856678444194	5.019307125735395e-05	1.6127434832924337e-05	2.2379452158039065e-05	4.2850498721236364e-05	6.4257068970619e-05	1.8441794964019274e-05
TC>AA	7.204617384104495e-06	2.2092960716690867e-05	6.404198684322182e-05	4.615166690200567e-05	1.0520844441419541e-05	4.622710112016648e-05	9.82320649200119e-05	0.18968431450120987	3.289751439297106e-05	4.574862359731924e-05	7.511121439165435e-05	3.2175773594644855e-05
TC>AG	1.2738439909298905e-05	3.101728725596331e-05	8.801213771221228e-05	7.29196981410496e-05	1.9947936380049214e-05	5.572118679992854e-05	6.827894831076264e-05	2.7437756216386333e-05	3.975793115387205e-05	5.477216254803352e-05	9.040210134116932e-05	4.3852713861269874e-05
TC>AT	0.3919308394193649	0.15861987855769258	3.61666191238344e-05	4.6072786426520905e-05	0.04570543533010228	4.571066304663637e-05	2.8477245512092964e-05	1.0365015805352935e-05	0.26173629137774695	3.358136657993782e-05	6.547078337462153e-05	1.4773662252443049e-05
TC>CA	1.2738474106299691e-05	3.101723377767485e-05	8.801219810266048e-05	7.291976944543422e-05	2.083423223666614e-05	5.495118894032203e-05	6.827902543591336e-05	2.7437787503004073e-05	3.9757857666700144e-05	5.477206432260573e-05	9.040218283189461e-05	4.385255451779813e-05
TC>CG	1.273854031751398e-05	3.101713336945977e-05	8.801231524557807e-05	7.291990623343736e-05	2.2516696117236278e-05	5.348949489416555e-05	6.827916949987411e-05	2.7437844983069228e-05	3.975771796831396e-05	5.477187878568657e-05	9.040233562700451e-05	4.385225183796137e-05
TC>CT	1.2738505392917433e-05	3.1017186847748236e-05	8.801225339993834e-05	7.291983347386121e-05	2.162413511541672e-05	5.4264935897663236e-05	6.827909310231916e-05	2.7437814060249367e-05	3.975779218308162e-05	5.477197701111436e-05	9.040225413627922e-05	4.3852411909028885e-05
TC>GA	1.2738538498524576e-05	3.101713591604494e-05	8.801231160759926e-05	7.291990186786279e-05	2.247519987577107e-05	5.352554653654806e-05	6.827916658949106e-05	2.7437844255473465e-05	3.9757721606292765e-05	5.4771883151261135e-05	9.040233271662146e-05	4.385225984151475e-05
TC>GG	1.2738593795802444e-05	3.101705115113873e-05	8.801240910543129e-05	7.29200168279931e-05	2.388658540439792e-05	5.229935977695277e-05	6.827928809798323e-05	2.743789227679372e-05	3.9757603735779413e-05	5.4771727445768195e-05	9.04024564079009e-05	4.385200663818978e-05
TC>GT	2.185437004098567e-06	0.06637224034211613	4.356376994110178e-05	0.16572311001400522	1.2674226127273869e-05	3.413974866445513e-05	0.03987005441949805	1.807914250093745e-05	2.1843631043338973e-05	3.531145753186138e-05	0.03983449623920023	1.914577642310178e-05
TG>AA	1.2738571967929602e-05	3.101708498434164e-05	8.801237054285593e-05	7.291997026186437e-05	2.331688519916497e-05	5.2794305338466076e-05	6.827923716627993e-05	2.7437873359303922e-05	3.9757651029503906e-05	5.477179074659943e-05	9.04024054761976e-05	4.3852107774000614e-05
TG>AC	1.2738536679535172e-05	3.10171384626301e-05	8.801230869721621e-05	7.291989895747974e-05	2.2434702259488404e-05	5.356072979338933e-05	6.827916440670379e-05	2.743784280028194e-05	3.975772524427157e-05	5.4771888244431466e-05	9.040232689585536e-05	4.385226711747237e-05
TG>AT	7.81278466318678e-06	1.4836268114866614e-05	3.794099221188772e-05	2.3562316680884226e-05	8.536640387566334e-06	2.8181054347836222e-05	0.00013366770654101856	0.3793044927882875	1.3431945733800284e-05	4.8328837874578315e-05	4.318732902390821e-05	2.2093269255987444e-05
TG>CA	1.2738487930619158e-05	3.1017212313599886e-05	8.801222356851213e-05	7.291979854926467e-05	2.1192912208789493e-05	5.463957422762178e-05	6.827905599493533e-05	2.743779950833414e-05	3.975782783527393e-05	5.477202503243461e-05	9.040221630129963e-05	4.385248976177536e-05
TG>CC	3.1434050231461865e-07	1.2450574630307187e-05	1.1895282741081203e-05	3.638310716473914e-05	8.726492797705987e-07	1.0834364010392505e-05	2.1636794629076306e-05	6.224420788647489e-06	2.179781131327746e-07	4.091598530067131e-05	0.7749452233314514	1.801808153913953e-05
TG>CT	1.5729453480162192e-05	2.1949729030664236e-05	5.827944121463702e-05	5.810615002701525e-05	1.531708344799654e-05	4.5384888653643427e-05	5.288611064315774e-05	1.8463940801360935e-05	3.0679399075950185e-05	0.2490923425568326	6.230784497773811e-05	3.171570792772152e-05
TG>GA	4.781131610798184e-06	2.0163137378403917e-05	5.99776569970345e-05	4.302779598219786e-05	3.757233217770367e-06	2.852163142961217e-05	0.20589108326312272	1.5184271387624903e-05	2.3276724037704644e-05	4.266636206011754e-05	0.039836570980594385	2.8034688148181887e-05
TG>GC	3.952710082444381e-06	1.4846495555820293e-05	1.990122168656627e-05	0.5314206322116661	9.626826365178448e-06	3.929663989765686e-05	4.324312176322565e-05	1.6508575973261942e-05	1.1287740434258711e-05	3.978163949795999e-05	0.09954764289353993	2.629314515381065e-05
TG>GT	1.2738649456878192e-05	3.101696638623253e-05	8.801250587566755e-05	7.292012742254883e-05	2.529460434743669e-05	5.107609877086361e-05	6.827940960647538e-05	2.7437941025709733e-05	3.975748659286182e-05	5.477157246787101e-05	9.040258300956339e-05	4.38517534348648e-05
TT>AA	0.17634688379675936	1.8219290116880568e-05	5.081348174015199e-05	5.6884377772803416e-05	0.045724791887550964	4.675206906874507e-05	4.210320771484977e-05	2.0423288879101166e-05	4.40476680543884e-05	3.920351059605309e-05	7.970472870511003e-05	4.3551769340410826e-05
TT>AC	1.2738522127619944e-05	3.1017161381896587e-05	8.801228323136456e-05	7.291986839845777e-05	2.2050679399399085e-05	5.389436191762798e-05	6.827912948210723e-05	2.7437828975962475e-05	3.975775653088931e-05	5.477193044498563e-05	9.040229051606729e-05	4.38523362390697e-05
TT>AG	1.2738569057546557e-05	3.1017089349916203e-05	8.801236690487712e-05	7.291996444109827e-05	2.3254702682606876e-05	5.2848328414256686e-05	6.827923352830112e-05	2.7437870448920877e-05	3.975765612267424e-05	5.477179729496129e-05	9.04023996554315e-05	4.3852118687937035e-05
TT>CA	1.2738534132950008e-05	3.1017142464406786e-05	8.801230578683316e-05	7.291989313671366e-05	2.236756990896538e-05	5.361905277823098e-05	6.827915713074617e-05	2.7437839889898896e-05	3.9757730337441896e-05	5.477189552038908e-05	9.040232107508928e-05	4.385227875900455e-05
TT>CC	1.2738597797579132e-05	3.101704460277688e-05	8.801241710898466e-05	7.292002410395071e-05	2.399362638243474e-05	5.220636467129225e-05	6.827929682913236e-05	2.7437896642368285e-05	3.9757594277034516e-05	5.477171580423601e-05	9.040246804943308e-05	4.385198699310422e-05
TT>CG	1.2738592704408803e-05	3.10170536977239e-05	8.801240765023976e-05	7.2920011007227e-05	2.3845314353820866e-05	5.2335215514176525e-05	6.827928518760018e-05	2.7437891549197958e-05	3.975760737375822e-05	5.477173181134276e-05	9.040245204232633e-05	4.3852013914147395e-05
TT>GA	1.2738564691971987e-05	3.101709626207594e-05	8.801235744613223e-05	7.291995352716185e-05	2.3134200819185936e-05	5.2953018166590485e-05	6.827922334196046e-05	2.743786717473995e-05	3.975766630901489e-05	5.477181039168499e-05	9.040238801389932e-05	4.385214051580988e-05
TT>GC	1.2738567602355032e-05	3.101709116890561e-05	8.801236326689832e-05	7.291996153071522e-05	2.3217674970510417e-05	5.2880497605656274e-05	6.827923061791807e-05	2.7437868993729353e-05	3.975765903305728e-05	5.4771801660535854e-05	9.040239674504847e-05	4.385212741908617e-05
TT>GG	1.2738665463984945e-05	3.101694164797664e-05	8.801253497949801e-05	7.292016089195385e-05	2.5709074179758318e-05	5.071601544841542e-05	6.827944453107193e-05	2.7437955941422844e-05	3.975745239586104e-05	5.477152662933804e-05	9.040262084454298e-05	4.38516799476929e-05
