MutationType	SBS96A	SBS96B	SBS96C	SBS96D	SBS96E	SBS96F	SBS96G	SBS96H	SBS96I
A[C>A]A	2.59E-04	2.21E-03	3.98E-03	2.92E-03	2.22E-03	3.96E-03	2.68E-03	3.19E-03	5.50E-03
A[C>A]C	5.46E-05	4.42E-03	1.99E-03	5.98E-04	2.94E-03	2.70E-03	3.20E-03	4.39E-03	1.84E-03
A[C>A]G	7.15E-05	6.97E-04	1.69E-03	7.32E-04	6.30E-04	3.29E-04	6.53E-04	8.19E-04	1.17E-03
A[C>A]T	1.08E-04	2.73E-03	1.89E-03	2.23E-03	2.16E-03	1.60E-03	2.21E-03	2.31E-03	2.98E-03
A[C>G]A	1.71E-04	2.05E-03	3.95E-03	1.49E-03	3.45E-03	2.03E-03	1.54E-03	1.51E-03	1.40E-03
A[C>G]C	5.72E-05	2.02E-03	1.65E-03	1.16E-03	7.63E-04	5.18E-04	3.55E-04	2.07E-03	1.78E-03
A[C>G]G	1.98E-05	5.95E-04	2.20E-03	1.10E-03	2.38E-03	8.96E-04	8.98E-04	1.51E-04	5.91E-04
A[C>G]T	4.29E-04	1.68E-03	1.66E-03	1.17E-03	1.41E-03	8.68E-04	1.61E-03	1.86E-03	1.50E-03
A[C>T]A	1.73E-04	3.45E-03	2.07E-03	1.25E-03	4.49E-03	3.24E-03	2.58E-03	2.88E-03	2.25E-03
A[C>T]C	1.41E-04	2.43E-03	1.70E-03	1.57E-03	1.73E-03	1.48E-03	1.92E-03	2.28E-03	1.85E-03
A[C>T]G	4.43E-04	1.61E-03	9.65E-03	9.06E-03	7.91E-03	6.82E-03	6.80E-03	1.77E-02	1.18E-02
A[C>T]T	2.66E-04	4.72E-03	3.07E-03	1.76E-03	3.50E-03	1.41E-03	2.72E-03	3.57E-03	3.30E-03
A[T>A]A	6.11E-05	2.64E-03	3.21E-03	1.35E-03	1.62E-03	1.56E-03	1.58E-03	3.52E-03	3.43E-03
A[T>A]C	9.10E-05	2.74E-03	1.50E-03	1.60E-03	1.46E-03	1.77E-03	2.45E-03	2.91E-03	2.96E-03
A[T>A]G	9.10E-05	1.11E-03	1.40E-03	2.19E-03	1.01E-03	5.23E-04	1.26E-03	3.69E-03	3.07E-03
A[T>A]T	7.38E-05	4.25E-03	4.70E-03	2.72E-03	5.11E-03	1.67E-03	4.87E-03	6.47E-03	4.68E-03
A[T>C]A	5.72E-05	1.54E-03	2.59E-03	9.82E-04	3.64E-03	3.14E-03	2.25E-03	3.53E-03	2.02E-03
A[T>C]C	6.29E-05	1.65E-03	8.05E-04	7.12E-04	9.93E-04	8.56E-04	1.13E-03	2.39E-03	2.17E-03
A[T>C]G	1.82E-04	2.46E-03	3.31E-03	8.74E-04	2.49E-03	1.74E-03	1.11E-03	2.65E-03	1.56E-03
A[T>C]T	2.29E-04	3.92E-03	2.99E-03	3.92E-03	4.06E-03	2.94E-03	4.77E-03	2.67E-03	3.31E-03
A[T>G]A	3.42E-05	7.81E-04	3.27E-03	1.35E-03	1.71E-03	8.52E-04	1.93E-03	1.36E-03	1.69E-03
A[T>G]C	4.34E-05	1.44E-03	1.41E-03	6.89E-04	9.66E-04	2.84E-04	1.87E-03	1.62E-03	2.70E-03
A[T>G]G	6.53E-05	1.59E-03	1.83E-03	8.65E-04	2.63E-03	1.03E-03	3.59E-04	1.60E-03	1.39E-03
A[T>G]T	9.23E-05	1.13E-03	3.13E-03	1.83E-03	8.29E-04	2.59E-03	3.45E-03	2.00E-03	4.34E-03
C[C>A]A	2.27E-04	4.76E-03	4.15E-03	9.14E-04	4.52E-03	2.45E-03	1.33E-03	6.54E-03	4.04E-03
C[C>A]C	1.46E-04	3.03E-03	1.71E-03	3.02E-03	2.75E-03	1.12E-03	1.21E-03	5.74E-03	3.67E-03
C[C>A]G	3.74E-05	2.96E-04	9.83E-04	4.77E-04	8.43E-04	4.11E-11	1.29E-03	8.51E-04	1.53E-03
C[C>A]T	1.27E-04	4.90E-03	2.93E-03	2.19E-03	3.56E-03	2.60E-03	2.94E-03	3.98E-03	3.10E-03
C[C>G]A	8.57E-05	1.65E-03	1.86E-03	1.34E-03	3.46E-03	2.29E-03	3.90E-04	2.70E-03	2.18E-03
C[C>G]C	9.63E-05	1.37E-03	2.15E-03	1.47E-03	1.47E-03	2.51E-03	1.14E-03	1.66E-03	1.47E-03
C[C>G]G	4.65E-05	3.32E-04	1.72E-03	6.35E-04	1.38E-03	7.98E-04	1.32E-03	1.60E-03	5.23E-04
C[C>G]T	1.92E-04	2.99E-03	3.00E-03	1.43E-03	4.09E-03	3.81E-03	1.02E-03	3.04E-03	8.91E-04
C[C>T]A	2.24E-04	5.98E-03	1.36E-03	2.23E-03	3.05E-03	9.77E-04	1.90E-03	3.92E-03	1.73E-03
C[C>T]C	1.98E-04	2.69E-03	1.12E-03	2.35E-03	1.77E-03	1.78E-03	2.87E-03	4.54E-03	3.65E-03
C[C>T]G	3.63E-04	7.11E-04	6.62E-03	5.75E-03	2.00E-03	2.24E-03	6.09E-03	1.03E-02	6.01E-03
C[C>T]T	2.38E-04	3.10E-03	3.53E-03	1.73E-03	1.90E-03	2.82E-03	1.24E-03	4.41E-03	1.72E-03
C[T>A]A	5.90E-05	1.29E-03	2.46E-03	1.65E-03	2.89E-03	1.09E-03	9.63E-04	3.13E-03	3.47E-03
C[T>A]C	7.98E-05	1.37E-03	3.03E-03	1.46E-03	1.06E-03	1.39E-03	5.74E-04	1.33E-03	1.87E-03
C[T>A]G	9.89E-05	1.64E-03	1.92E-03	1.46E-03	1.62E-03	1.98E-03	5.56E-05	3.45E-03	3.12E-03
C[T>A]T	4.19E-05	2.91E-03	3.79E-03	2.09E-03	3.92E-03	1.70E-03	1.94E-03	3.22E-03	1.84E-03
C[T>C]A	4.18E-05	2.41E-03	1.41E-03	1.91E-03	1.70E-03	2.87E-03	9.53E-04	9.58E-04	1.31E-03
C[T>C]C	5.36E-05	1.23E-03	1.21E-03	1.12E-03	2.87E-03	1.17E-03	1.33E-03	2.60E-03	1.99E-03
C[T>C]G	1.63E-04	6.80E-04	2.05E-03	1.07E-03	3.07E-03	1.80E-03	2.04E-03	1.78E-03	2.56E-03
C[T>C]T	1.27E-04	3.07E-03	1.44E-03	1.71E-03	3.27E-03	1.61E-03	1.19E-03	2.53E-03	3.15E-03
C[T>G]A	0.00E+00	8.98E-04	1.66E-03	9.31E-04	9.15E-04	5.93E-04	1.26E-03	4.96E-04	8.68E-04
C[T>G]C	5.93E-05	6.25E-04	2.64E-03	1.26E-03	1.05E-03	1.17E-03	1.26E-03	1.43E-03	1.22E-03
C[T>G]G	3.77E-05	2.31E-03	1.19E-03	1.74E-03	1.08E-03	1.64E-03	9.26E-04	1.06E-03	6.52E-04
C[T>G]T	1.11E-04	3.86E-03	2.82E-03	1.75E-03	3.11E-03	2.45E-03	2.51E-03	4.39E-03	2.37E-03
G[C>A]A	1.21E-04	1.65E-03	2.88E-03	3.49E-03	2.89E-03	1.42E-03	3.92E-03	4.11E-03	1.43E-03
G[C>A]C	1.26E-04	2.30E-03	9.93E-04	1.64E-03	1.58E-03	1.72E-03	2.00E-03	2.61E-03	1.76E-03
G[C>A]G	5.48E-05	6.48E-04	3.48E-04	6.32E-04	9.04E-04	3.90E-04	9.38E-04	1.54E-03	5.45E-04
G[C>A]T	1.24E-04	2.90E-03	1.88E-03	1.56E-03	2.11E-03	2.03E-03	1.62E-03	1.27E-03	1.25E-03
G[C>G]A	3.83E-05	1.40E-03	1.62E-03	6.69E-04	8.36E-04	1.18E-03	9.97E-04	2.19E-03	1.07E-03
G[C>G]C	7.69E-05	6.93E-04	1.01E-03	1.27E-03	1.57E-03	1.04E-03	1.27E-03	1.73E-03	1.56E-03
G[C>G]G	3.53E-05	6.41E-04	8.61E-04	8.39E-08	1.01E-03	4.75E-04	5.58E-04	6.66E-04	7.13E-04
G[C>G]T	7.62E-05	1.18E-03	1.80E-03	4.89E-04	2.73E-03	1.38E-03	1.16E-03	4.62E-03	9.16E-04
G[C>T]A	2.09E-04	3.81E-03	1.57E-03	2.84E-03	2.15E-03	2.06E-03	3.39E-03	4.07E-03	3.50E-03
G[C>T]C	2.71E-04	3.21E-03	1.11E-03	1.95E-03	1.20E-03	1.16E-03	2.99E-03	3.64E-03	1.98E-03
G[C>T]G	2.21E-04	4.07E-04	5.56E-03	4.74E-03	4.75E-03	3.27E-03	3.55E-03	9.76E-03	8.56E-03
G[C>T]T	1.67E-04	4.04E-03	9.79E-04	1.58E-03	8.09E-04	1.86E-03	3.88E-03	3.00E-03	1.59E-03
G[T>A]A	5.36E-05	1.60E-03	8.54E-04	9.27E-04	2.11E-03	2.78E-04	7.54E-04	1.91E-03	2.01E-03
G[T>A]C	6.37E-05	9.43E-04	2.24E-03	1.08E-03	9.14E-04	8.71E-04	7.68E-04	1.42E-03	1.27E-03
G[T>A]G	1.16E-04	3.08E-04	1.97E-03	1.58E-03	9.64E-04	8.27E-04	8.22E-04	1.64E-03	1.06E-03
G[T>A]T	9.83E-05	1.82E-03	2.55E-03	1.57E-03	2.44E-03	1.51E-03	1.26E-03	2.17E-03	1.43E-03
G[T>C]A	1.04E-04	1.41E-03	1.71E-03	1.70E-03	1.20E-03	1.80E-03	1.29E-03	1.87E-03	1.39E-03
G[T>C]C	3.19E-05	2.01E-03	3.02E-04	5.66E-04	1.83E-03	1.03E-03	6.99E-04	1.74E-03	1.31E-03
G[T>C]G	7.64E-05	1.13E-03	6.64E-04	1.07E-03	1.16E-03	7.79E-04	1.15E-03	3.12E-03	1.59E-03
G[T>C]T	8.75E-05	1.80E-03	1.73E-03	1.22E-03	1.22E-03	1.05E-03	1.33E-03	1.59E-03	2.41E-03
G[T>G]A	4.71E-05	6.41E-04	1.32E-03	1.64E-04	8.10E-04	1.00E-03	8.73E-05	1.08E-03	7.27E-04
G[T>G]C	4.77E-05	7.81E-04	6.13E-04	1.10E-04	7.49E-04	2.52E-04	1.20E-03	9.00E-04	7.76E-04
G[T>G]G	5.22E-05	2.87E-03	3.00E-03	2.09E-03	1.71E-03	1.80E-03	1.18E-03	2.09E-03	2.69E-03
G[T>G]T	4.11E-05	2.05E-03	2.36E-03	1.23E-03	1.77E-03	1.22E-03	8.87E-04	9.15E-04	1.51E-03
T[C>A]A	1.75E-04	5.99E-03	2.68E-03	3.63E-03	4.65E-03	3.19E-03	2.46E-03	3.37E-03	2.97E-03
T[C>A]C	3.78E-04	2.03E-03	2.62E-03	2.32E-03	1.60E-03	3.84E-03	1.30E-03	3.08E-03	2.30E-03
T[C>A]G	6.32E-05	2.79E-04	7.97E-04	1.19E-03	2.52E-04	6.09E-04	1.16E-03	1.14E-03	1.20E-03
T[C>A]T	5.95E-04	5.78E-03	3.80E-03	3.03E-03	2.64E-03	4.71E-03	5.17E-03	9.13E-03	6.98E-03
T[C>G]A	9.30E-04	4.56E-03	1.21E-02	1.01E-03	2.83E-03	1.25E-02	1.42E-03	5.74E-03	2.48E-03
T[C>G]C	9.22E-04	3.46E-03	5.66E-03	1.27E-03	3.50E-03	3.89E-03	1.96E-03	3.41E-03	1.77E-03
T[C>G]G	2.74E-04	4.28E-04	1.20E-03	4.17E-09	1.16E-03	1.31E-03	8.05E-04	2.40E-03	1.22E-03
T[C>G]T	1.85E-03	7.15E-03	1.99E-02	4.18E-03	3.87E-03	1.75E-02	2.41E-03	8.60E-03	5.20E-03
T[C>T]A	3.10E-03	2.06E-03	3.85E-03	9.31E-03	4.23E-03	7.29E-03	3.69E-03	2.99E-03	8.03E-03
T[C>T]C	3.94E-04	3.06E-03	8.12E-04	4.10E-03	2.78E-03	5.06E-03	2.42E-03	3.75E-03	5.41E-03
T[C>T]G	7.07E-04	1.72E-03	5.56E-03	6.48E-03	4.44E-03	2.59E-03	3.77E-03	8.44E-03	8.13E-03
T[C>T]T	1.84E-03	5.85E-03	2.30E-03	2.86E-03	5.61E-03	4.38E-03	6.44E-03	4.47E-03	6.98E-03
T[T>A]A	1.06E-04	4.08E-03	7.90E-03	3.78E-03	1.46E-03	2.68E-03	3.62E-03	4.09E-03	6.00E-03
T[T>A]C	7.23E-05	2.18E-03	8.86E-04	1.55E-03	1.48E-03	5.61E-04	1.38E-03	2.48E-03	2.51E-03
T[T>A]G	4.34E-05	1.16E-03	1.13E-03	9.67E-04	8.17E-04	1.55E-03	9.68E-04	9.32E-04	1.24E-03
T[T>A]T	5.04E-05	3.64E-03	3.64E-03	2.18E-03	1.96E-03	3.28E-03	1.58E-03	3.62E-03	3.33E-03
T[T>C]A	7.06E-05	1.78E-03	1.92E-03	6.15E-04	1.60E-03	9.92E-04	1.02E-03	2.75E-03	3.27E-03
T[T>C]C	6.01E-05	1.73E-03	4.30E-03	1.84E-03	2.19E-03	2.74E-03	1.98E-03	2.57E-03	4.42E-03
T[T>C]G	4.24E-05	7.28E-04	1.31E-03	8.45E-04	1.48E-03	1.20E-03	8.01E-04	1.94E-03	7.67E-04
T[T>C]T	7.42E-05	2.87E-03	1.13E-03	2.13E-03	2.82E-03	1.81E-03	1.87E-03	1.44E-03	3.24E-03
T[T>G]A	7.03E-05	1.61E-03	2.09E-03	1.55E-03	1.38E-03	1.33E-03	1.37E-03	1.37E-03	1.37E-03
T[T>G]C	3.43E-05	1.09E-03	1.92E-03	1.65E-03	1.29E-03	1.18E-03	2.16E-03	1.06E-03	1.39E-03
T[T>G]G	6.42E-05	1.61E-03	2.20E-03	8.42E-04	1.58E-03	1.07E-03	1.53E-03	8.27E-04	2.13E-03
T[T>G]T	1.10E-04	3.05E-03	3.75E-03	1.11E-03	4.26E-03	1.29E-03	2.16E-03	1.42E-03	2.82E-03
