MutationType	SBS1	SBS2	SBS3	SBS5	SBS6	SBS7a	SBS10b	SBS13	SBS18	SBS26
A[C>A]A	0.00088616	0.00000058	0.02080832	0.01199760	0.00042523	0.00006700	0.00018200	0.00181992	0.05153386	0.00087312
A[C>A]C	0.00228041	0.00014800	0.01650660	0.00943811	0.00052429	0.00017912	0.00653991	0.00072097	0.01581039	0.00052807
A[C>A]G	0.00017703	0.00005230	0.00175070	0.00184963	0.00005200	0.00007120	0.00005350	0.00026399	0.00243160	0.00011401
A[C>A]T	0.00128023	0.00009780	0.01220488	0.00660868	0.00018010	0.00024816	0.00001630	0.00034798	0.02141407	0.00061908
A[C>G]A	0.00186033	0.00000000	0.01970788	0.01009798	0.00047126	0.00006490	0.00030500	0.00386983	0.00173114	0.00042706
A[C>G]C	0.00122022	0.00013300	0.01170468	0.00569886	0.00028916	0.00002160	0.00013400	0.00095096	0.00259170	0.00037805
A[C>G]G	0.00011502	0.00001520	0.00025310	0.00171966	0.00000000	0.00005080	0.00000000	0.00026399	0.00192126	0.00006830
A[C>G]T	0.00114020	0.00009120	0.01740696	0.01009798	0.00025414	0.00009570	0.00000000	0.00399982	0.00408268	0.00072810
A[C>T]A	0.02500444	0.00006110	0.01420568	0.03259348	0.06413516	0.00012208	0.00054899	0.00717968	0.00920605	0.00266036
A[C>T]C	0.00632112	0.00138004	0.01240496	0.01789642	0.02291256	0.01771150	0.00524993	0.00000000	0.00465306	0.00254034
A[C>T]G	0.36506483	0.00003270	0.00257103	0.00617876	0.12006582	0.00000000	0.00041399	0.00030299	0.01220802	0.00533072
A[C>T]T	0.00958170	0.00186005	0.01210484	0.02199560	0.02131168	0.00742482	0.00792989	0.00031799	0.00797524	0.00279038
A[T>A]A	0.00080014	0.00009590	0.00549220	0.00737852	0.00009830	0.00194126	0.00181997	0.00000000	0.00249164	0.00152020
A[T>A]C	0.00223040	0.00087803	0.00721288	0.00692861	0.00054630	0.00067044	0.00033699	0.00006520	0.00087858	0.00352048
A[T>A]G	0.00114020	0.00002550	0.00964386	0.00911818	0.00000000	0.00058738	0.00002340	0.00058997	0.00260171	0.00062508
A[T>A]T	0.00018303	0.00000000	0.00611245	0.00619876	0.00166091	0.00371241	0.00284996	0.00060597	0.00784515	0.00307041
A[T>C]A	0.00109019	0.00006170	0.01650660	0.04619076	0.00221121	0.00049032	0.00934987	0.00190992	0.00202133	0.08481146
A[T>C]C	0.00304054	0.00002150	0.00776311	0.01339732	0.00113062	0.00022715	0.00050999	0.00014199	0.00209137	0.02610353
A[T>C]G	0.00010602	0.00001320	0.01230492	0.03819236	0.00424233	0.00018712	0.00053099	0.00042798	0.00208137	0.07851061
A[T>C]T	0.00574102	0.00015500	0.01730692	0.03829234	0.00050228	0.00061540	0.00015000	0.00095896	0.00424279	0.03720503
A[T>G]A	0.00017203	0.00023801	0.00395158	0.00385923	0.00002570	0.00047331	0.00003470	0.00006140	0.00072147	0.00292040
A[T>G]C	0.00020704	0.00007460	0.00260104	0.00259948	0.00020411	0.00024716	0.00005330	0.00000000	0.00085856	0.00253034
A[T>G]G	0.00026805	0.00000205	0.00630252	0.00793841	0.00010706	0.00027618	0.00052299	0.00008250	0.00199131	0.00229031
A[T>G]T	0.00011202	0.00000376	0.00397159	0.00482903	0.00038621	0.00030920	0.00000000	0.00031999	0.00184121	0.00593080
C[C>A]A	0.00031205	0.00020801	0.02250900	0.00742851	0.00182100	0.00045529	0.00052099	0.00139994	0.07404865	0.00141019
C[C>A]C	0.00179032	0.00009530	0.02531012	0.00613877	0.00409224	0.00024016	0.00317995	0.00096796	0.01961289	0.00151020
C[C>A]G	0.00009320	0.00000000	0.00251100	0.00345931	0.00165091	0.00000000	0.00008380	0.00000433	0.01200789	0.00036205
C[C>A]T	0.00000000	0.00042101	0.01540616	0.00648870	0.00960526	0.00037224	0.00832988	0.00000000	0.03632387	0.00714096
C[C>G]A	0.00002410	0.00000000	0.01930772	0.00695861	0.00004110	0.00000000	0.00002990	0.00560975	0.00061340	0.00036405
C[C>G]C	0.00007680	0.00035101	0.01410564	0.00906819	0.00003720	0.00013108	0.00000000	0.00064797	0.00226149	0.00032204
C[C>G]G	0.00035206	0.00004870	0.00150060	0.00248950	0.00008430	0.00007760	0.00000000	0.00048798	0.00358235	0.00004170
C[C>G]T	0.00000000	0.00006360	0.02230892	0.00952809	0.00001440	0.00009570	0.00000000	0.00639972	0.00379249	0.00062508
C[C>T]A	0.00200036	0.00432013	0.01610644	0.01939612	0.01360746	0.05003248	0.00015100	0.00001930	0.01170769	0.00169023
C[C>T]C	0.00027005	0.00017001	0.02020808	0.01899620	0.01480812	0.05533592	0.00008440	0.00134994	0.00676444	0.00283038
C[C>T]G	0.19603481	0.00277008	0.00224090	0.01749650	0.12206692	0.00671436	0.00369995	0.00198991	0.01681105	0.00334045
C[C>T]T	0.00019604	0.00145004	0.02300920	0.02309538	0.01380757	0.05663676	0.00059499	0.00144994	0.00665437	0.00165022
C[T>A]A	0.00004300	0.00024301	0.00794318	0.00353929	0.00006660	0.00017711	0.00007090	0.00020899	0.00054236	0.00094413
C[T>A]C	0.00039307	0.00024401	0.01780712	0.00518896	0.00055130	0.00026117	0.00010600	0.00034198	0.00306201	0.00145020
C[T>A]G	0.00032406	0.00014900	0.01320528	0.00500900	0.00011506	0.00011207	0.00000000	0.00022599	0.00321211	0.00114015
C[T>A]T	0.00026005	0.00000000	0.01270508	0.00429914	0.00017910	0.00037124	0.00023400	0.00052298	0.00226149	0.00064209
C[T>C]A	0.00000000	0.00030201	0.00883353	0.01329734	0.00166091	0.00045129	0.00131998	0.00004740	0.00038625	0.05200703
C[T>C]C	0.00250044	0.00002850	0.01450580	0.01039792	0.00103056	0.00025917	0.00012400	0.00012200	0.00246162	0.03120422
C[T>C]G	0.00036006	0.00000000	0.01010404	0.02079584	0.00532292	0.00010407	0.00002530	0.00000000	0.00162107	0.07871064
C[T>C]T	0.00004260	0.00018600	0.01580632	0.01489702	0.00127070	0.00182118	0.00081499	0.00011200	0.00256168	0.05550750
C[T>G]A	0.00003550	0.00015300	0.00437175	0.00258948	0.00004950	0.00008430	0.00022700	0.00004140	0.00011107	0.00142019
C[T>G]C	0.00021204	0.00015500	0.00704282	0.00460908	0.00078443	0.00017211	0.00114998	0.00000282	0.00199131	0.00494067
C[T>G]G	0.00012802	0.00012100	0.01070428	0.00612877	0.00092451	0.00000000	0.00047899	0.00000000	0.00293193	0.00556075
C[T>G]T	0.00017103	0.00020301	0.00703281	0.00729854	0.00130071	0.00002650	0.00522993	0.00005550	0.00414272	0.00780105
G[C>A]A	0.00158028	0.00008620	0.00713285	0.01019796	0.00042723	0.00004060	0.00073099	0.00094896	0.10907166	0.00049607
G[C>A]C	0.00033906	0.00000000	0.01090436	0.00764847	0.00091350	0.00013809	0.00254996	0.00045098	0.01731137	0.00066609
G[C>A]G	0.00058710	0.00001390	0.00143057	0.00233953	0.00035720	0.00004250	0.00008520	0.00016399	0.00756497	0.00012902
G[C>A]T	0.00000000	0.00005120	0.01000400	0.00681864	0.00123067	0.00000000	0.00279996	0.00006150	0.06234096	0.00081711
G[C>G]A	0.00000959	0.00006540	0.01270508	0.00467906	0.00001940	0.00001960	0.00001720	0.00149993	0.00063542	0.00039505
G[C>G]C	0.00016403	0.00026101	0.00863345	0.00507898	0.00068538	0.00003320	0.00013600	0.00047898	0.00134088	0.00057908
G[C>G]G	0.00016603	0.00000000	0.00242097	0.00150970	0.00000000	0.00004510	0.00000000	0.00024099	0.00063942	0.00007380
G[C>G]T	0.00000000	0.00013400	0.01470588	0.00671866	0.00032118	0.00004200	0.00011300	0.00269988	0.00123081	0.00030504
G[C>T]A	0.00444079	0.00000000	0.01640656	0.01939612	0.09365134	0.00008500	0.00036300	0.00717968	0.00968636	0.00275037
G[C>T]C	0.00009280	0.00000013	0.01340536	0.02159568	0.11106088	0.01170760	0.01509979	0.00092096	0.00817537	0.00545074
G[C>T]G	0.21803872	0.00000000	0.00052821	0.01229754	0.17809764	0.00000552	0.01259982	0.00017799	0.01480973	0.00668090
G[C>T]T	0.00003840	0.00005040	0.01130452	0.01859628	0.07444081	0.01611046	0.03189955	0.00126994	0.00669440	0.00498067
G[T>A]A	0.00008120	0.00000000	0.00706283	0.00366927	0.00005100	0.00040126	0.00000000	0.00000670	0.00160105	0.00078311
G[T>A]C	0.00012902	0.00013100	0.00748299	0.00290942	0.00048927	0.00022415	0.00012300	0.00012999	0.00195128	0.00115015
G[T>A]G	0.00024604	0.00006380	0.01160464	0.00410918	0.00019511	0.00029019	0.00000000	0.00004700	0.00183120	0.00060808
G[T>A]T	0.00025805	0.00006280	0.01230492	0.00321936	0.00024814	0.00030620	0.00010800	0.00035798	0.00346227	0.00083411
G[T>C]A	0.00105019	0.00000000	0.00998399	0.01409718	0.00257141	0.00010107	0.01469979	0.00028699	0.00070847	0.08351129
G[T>C]C	0.00190034	0.00002740	0.00564226	0.00793841	0.00111061	0.00007410	0.00532993	0.00018199	0.00226149	0.02480335
G[T>C]G	0.00117021	0.00010700	0.01090436	0.01499700	0.00245134	0.00007250	0.00137998	0.00019499	0.00398262	0.07120962
G[T>C]T	0.00007130	0.00001250	0.01020408	0.01369726	0.00090650	0.00081153	0.01149984	0.00000000	0.00315207	0.05520746
G[T>G]A	0.00000000	0.00020901	0.00442177	0.00251950	0.00004350	0.00009070	0.00048099	0.00008770	0.00087057	0.00137018
G[T>G]C	0.00000000	0.00013300	0.00234094	0.00170966	0.00021312	0.00012108	0.00094199	0.00000000	0.00003700	0.00121016
G[T>G]G	0.00034806	0.00003710	0.01090436	0.00529894	0.00027415	0.00032521	0.00172998	0.00042598	0.00583383	0.00235032
G[T>G]T	0.00001460	0.00000000	0.00583233	0.00234953	0.00078743	0.00083554	0.00515993	0.00000289	0.00214141	0.00605082
T[C>A]A	0.00006580	0.00063902	0.00841337	0.00785843	0.00035620	0.00039025	0.00044599	0.07899652	0.07384852	0.00093813
T[C>A]C	0.00253045	0.00017001	0.01680672	0.00916817	0.00049827	0.00063641	0.00379995	0.02939870	0.04362866	0.00063008
T[C>A]G	0.00000000	0.00008530	0.00141056	0.00229954	0.00020011	0.00003440	0.00057299	0.01209947	0.01270835	0.00012302
T[C>A]T	0.00000588	0.00044001	0.00997399	0.01269746	0.00074741	0.00061340	0.08159886	0.03549844	0.12208021	0.00140019
T[C>G]A	0.00000000	0.00000000	0.01330532	0.00780844	0.00004970	0.00000000	0.00000000	0.31698603	0.00214141	0.00131018
T[C>G]C	0.00020304	0.00009870	0.02030812	0.00759848	0.00011306	0.00005090	0.00000000	0.06349720	0.00464305	0.00074510
T[C>G]G	0.00006940	0.00004120	0.00052021	0.00170966	0.00000195	0.00000635	0.00000000	0.01379939	0.00089959	0.00009410
T[C>G]T	0.00156028	0.00118003	0.02350940	0.01249750	0.00012807	0.00028118	0.00004340	0.36898374	0.00318209	0.00221030
T[C>T]A	0.00111020	0.53601551	0.00576230	0.02029594	0.01200658	0.23815459	0.00272996	0.00692969	0.01140750	0.00329044
T[C>T]C	0.00003730	0.09730282	0.01330532	0.02299540	0.01050576	0.33121500	0.04849932	0.00447980	0.01140750	0.00253034
T[C>T]G	0.11001954	0.04420128	0.00098940	0.01589682	0.05202852	0.07414813	0.43699388	0.00118995	0.01180776	0.00263036
T[C>T]T	0.00000000	0.30000868	0.00817327	0.02099580	0.00699383	0.10706950	0.12799821	0.00141994	0.00375246	0.00213029
T[T>A]A	0.00672119	0.00042201	0.00651261	0.00630874	0.00045425	0.00035623	0.00305996	0.00029599	0.01080710	0.00113015
T[T>A]C	0.00000000	0.00019201	0.01050420	0.00413917	0.00011406	0.00038925	0.00066499	0.00023199	0.00273179	0.00126017
T[T>A]G	0.00002800	0.00005010	0.00671269	0.00478904	0.00002950	0.00000000	0.00007060	0.00018799	0.00179118	0.00027804
T[T>A]T	0.00225040	0.00020501	0.01300520	0.00874825	0.00042623	0.00079852	0.00151998	0.00006200	0.00710467	0.00131018
T[T>C]A	0.00025505	0.00000000	0.01520608	0.01799640	0.00148081	0.00215140	0.00885988	0.00002210	0.00180118	0.04230572
T[T>C]C	0.00339060	0.00004350	0.00899360	0.00970806	0.00109060	0.00059639	0.00008100	0.00002490	0.00618406	0.03140424
T[T>C]G	0.00041607	0.00011700	0.00693277	0.01269746	0.00213117	0.00031921	0.00066799	0.00009980	0.00326214	0.03030409
T[T>C]T	0.00433077	0.00003580	0.01390556	0.01849630	0.00174095	0.00081253	0.00002510	0.00053098	0.00337222	0.05740776
T[T>G]A	0.00000000	0.00001670	0.00725290	0.00521896	0.00010506	0.00012808	0.01129984	0.00018399	0.00069646	0.00143019
T[T>G]C	0.00005510	0.00007040	0.00628251	0.00655869	0.00028716	0.00011608	0.00554992	0.00000000	0.00210138	0.00172023
T[T>G]G	0.00058310	0.00009540	0.00805322	0.00693861	0.00032418	0.00000000	0.00275996	0.00003670	0.00145095	0.00284038
T[T>G]T	0.00000000	0.00000000	0.01050420	0.01349730	0.00101055	0.00008300	0.09089873	0.00001890	0.00516339	0.00945128
