MutationType	SBS1	SBS2	SBS5	SBS6	SBS8	SBS10b	SBS13	SBS26	SBS31	SBS36	SBS39	SBS42	SBS50	SBS58	SBS96C	SBS96K
A[C>A]A	0.00088616	0.00000058	0.01199760	0.00042523	0.04409822	0.00018200	0.00181992	0.00087312	0.00953498	0.02519378	0.01170152	0.00116025	0.11900027	0.05887462	0.00418447	0.00864858
A[C>A]C	0.00228041	0.00014800	0.00943811	0.00052429	0.04779807	0.00653991	0.00072097	0.00052807	0.01849027	0.00831795	0.00715093	0.02060448	0.12700029	0.00674709	0.00658703	0.01100460
A[C>A]G	0.00017703	0.00005230	0.00184963	0.00005200	0.00461981	0.00005350	0.00026399	0.00011401	0.00165913	0.00223945	0.00267035	0.00003340	0.00577001	0.00082464	0.00232390	0.00318352
A[C>A]T	0.00128023	0.00009780	0.00660868	0.00018010	0.04699810	0.00001630	0.00034798	0.00061908	0.00627670	0.01789558	0.00740096	0.00797173	0.08320019	0.00557760	0.00164453	0.00978875
A[C>G]A	0.00186033	0.00000000	0.01009798	0.00047126	0.00432982	0.00030500	0.00386983	0.00042706	0.00831563	0.00183955	0.04730615	0.00040609	0.00385001	0.02059112	0.00459211	0.00324246
A[C>G]C	0.00122022	0.00013300	0.00569886	0.00028916	0.00294988	0.00013400	0.00095096	0.00037805	0.00315834	0.00166959	0.02250293	0.00050611	0.00110000	0.00173925	0.00279663	0.00908430
A[C>G]G	0.00011502	0.00001520	0.00171966	0.00000000	0.00028599	0.00000000	0.00026399	0.00006830	0.00299842	0.00049988	0.01360177	0.00001770	0.00082700	0.00168927	0.00302063	0.00097440
A[C>G]T	0.00114020	0.00009120	0.01009798	0.00025414	0.00570977	0.00000000	0.00399982	0.00072810	0.00377801	0.00190953	0.04340564	0.00043109	0.00197000	0.00202913	0.00514499	0.00213695
A[C>T]A	0.02500444	0.00006110	0.03259348	0.06413516	0.00680972	0.00054899	0.00717968	0.00266036	0.01769069	0.00595853	0.00960125	0.02240487	0.00352001	0.08046531	0.01359419	0.01696289
A[C>T]C	0.00632112	0.00138004	0.01789642	0.02291256	0.00281989	0.00524993	0.00000000	0.00254034	0.00927512	0.00327919	0.00404052	0.03980865	0.00180000	0.00675709	0.02261388	0.01177046
A[C>T]G	0.36506483	0.00003270	0.00617876	0.12006582	0.00322987	0.00041399	0.00030299	0.00533072	0.00758601	0.00706825	0.00600078	0.00044010	0.01390003	0.00862628	0.00981919	0.02330228
A[C>T]T	0.00958170	0.00186005	0.02199560	0.02131168	0.01249949	0.00792989	0.00031799	0.00279038	0.01009469	0.00430894	0.01280166	0.03520765	0.00692002	0.00730685	0.00706259	0.01581301
A[T>A]A	0.00080014	0.00009590	0.00737852	0.00009830	0.01949921	0.00181997	0.00000000	0.00152020	0.00785587	0.00243940	0.00531069	0.01330289	0.00536001	0.02448944	0.00461701	0.00310583
A[T>A]C	0.00223040	0.00087803	0.00692861	0.00054630	0.02129914	0.00033699	0.00006520	0.00352048	0.00606681	0.00142965	0.00288037	0.00401087	0.00394001	0.00145937	0.00954079	0.01093756
A[T>A]G	0.00114020	0.00002550	0.00911818	0.00000000	0.02279908	0.00002340	0.00058997	0.00062508	0.00502736	0.00252937	0.00694090	0.00501109	0.00057300	0.00468798	0.00883024	0.01091419
A[T>A]T	0.00018303	0.00000000	0.00619876	0.00166091	0.02499899	0.00284996	0.00060597	0.00307041	0.00415781	0.00306924	0.00612080	0.00685149	0.00241001	0.00876622	0.00570785	0.00296827
A[T>C]A	0.00109019	0.00006170	0.04619076	0.00221121	0.00976961	0.00934987	0.00190992	0.08481146	0.02038927	0.00524870	0.01120146	0.01160252	0.00263001	0.08046531	0.00904580	0.01341446
A[T>C]C	0.00304054	0.00002150	0.01339732	0.00113062	0.00500980	0.00050999	0.00014199	0.02610353	0.00739611	0.00168958	0.00564073	0.00351076	0.00928002	0.00492788	0.00806124	0.00238075
A[T>C]G	0.00010602	0.00001320	0.03819236	0.00424233	0.00697972	0.00053099	0.00042798	0.07851061	0.00811573	0.00383905	0.00964125	0.00856186	0.00113000	0.00674709	0.01902807	0.00842347
A[T>C]T	0.00574102	0.00015500	0.03829234	0.00050228	0.01489940	0.00015000	0.00095896	0.03720503	0.00846555	0.00511874	0.01360177	0.00270059	0.00492001	0.00815648	0.01177124	0.02101704
A[T>G]A	0.00017203	0.00023801	0.00385923	0.00002570	0.00163993	0.00003470	0.00006140	0.00292040	0.00367806	0.00108973	0.00388050	0.00120026	0.00074300	0.01349418	0.00231318	0.00146790
A[T>G]C	0.00020704	0.00007460	0.00259948	0.00020411	0.00066797	0.00005330	0.00000000	0.00253034	0.00247870	0.00062285	0.00297039	0.00040509	0.00060700	0.00078766	0.00340048	0.00291315
A[T>G]G	0.00026805	0.00000205	0.00793841	0.00010706	0.00476981	0.00052299	0.00008250	0.00229031	0.00401789	0.00093577	0.00766100	0.00063714	0.00394001	0.00270883	0.00353944	0.00186701
A[T>G]T	0.00011202	0.00000376	0.00482903	0.00038621	0.00073997	0.00000000	0.00031999	0.00593080	0.00078259	0.00098376	0.00642083	0.00091120	0.00010300	0.00207910	0.00397345	0.00262238
C[C>A]A	0.00031205	0.00020801	0.00742851	0.00182100	0.04009838	0.00052099	0.00139994	0.00141019	0.01069438	0.05578622	0.01010131	0.01160252	0.02250005	0.00617734	0.00554575	0.01285489
C[C>A]C	0.00179032	0.00009530	0.00613877	0.00409224	0.03879843	0.00317995	0.00096796	0.00151020	0.01159390	0.02019501	0.00906118	0.03280713	0.00289001	0.00182921	0.00422156	0.00565977
C[C>A]G	0.00009320	0.00000000	0.00345931	0.00165091	0.00340986	0.00008380	0.00000433	0.00036205	0.00032883	0.00709825	0.00574075	0.00188041	0.00000000	0.00145937	0.00545526	0.00677667
C[C>A]T	0.00000000	0.00042101	0.00648870	0.00960526	0.03299867	0.00832988	0.00000000	0.00714096	0.02788533	0.06048506	0.00603078	0.02110459	0.00115000	0.00195916	0.00794150	0.00516174
C[C>G]A	0.00002410	0.00000000	0.00695861	0.00004110	0.00499980	0.00002990	0.00560975	0.00036405	0.00204892	0.00123969	0.02880374	0.00426093	0.00006560	0.00079366	0.00579016	0.00466571
C[C>G]C	0.00007680	0.00035101	0.00906819	0.00003720	0.00545978	0.00000000	0.00064797	0.00032204	0.00185902	0.00136966	0.03770490	0.00662144	0.00028900	0.00127945	0.00395280	0.00656472
C[C>G]G	0.00035206	0.00004870	0.00248950	0.00008430	0.00001050	0.00000000	0.00048798	0.00004170	0.00085355	0.00041890	0.01230160	0.00047010	0.00142000	0.00005110	0.00374456	0.00605226
C[C>G]T	0.00000000	0.00006360	0.00952809	0.00001440	0.00548978	0.00000000	0.00639972	0.00062508	0.00341820	0.00208948	0.04020523	0.00684149	0.00051200	0.00124946	0.00381357	0.00377449
C[C>T]A	0.00200036	0.00432013	0.01939612	0.01360746	0.00266989	0.00015100	0.00001930	0.00169023	0.04117834	0.00674833	0.00911118	0.01870407	0.00384001	0.00808651	0.01982595	0.01881337
C[C>T]C	0.00027005	0.00017001	0.01899620	0.01480812	0.00401984	0.00008440	0.00134994	0.00283038	0.16391378	0.00667835	0.00386050	0.04811046	0.00425001	0.00991573	0.01590830	0.02994032
C[C>T]G	0.19603481	0.00277008	0.01749650	0.12206692	0.00148994	0.00369995	0.00198991	0.00334045	0.00819569	0.00532868	0.00757098	0.00192042	0.00108000	0.00798656	0.04349800	0.01848397
C[C>T]T	0.00019604	0.00145004	0.02309538	0.01380757	0.01449941	0.00059499	0.00144994	0.00165022	0.14492377	0.00574858	0.00699091	0.03290716	0.01190003	0.02768806	0.01647295	0.01516967
C[T>A]A	0.00004300	0.00024301	0.00353929	0.00006660	0.01899923	0.00007090	0.00020899	0.00094413	0.02058917	0.00125969	0.00494064	0.01260274	0.00019300	0.00247893	0.00240551	0.00071658
C[T>A]C	0.00039307	0.00024401	0.00518896	0.00055130	0.02919882	0.00010600	0.00034198	0.00145020	0.02108891	0.00145964	0.00644084	0.00172037	0.00053500	0.02229039	0.00434108	0.00377743
C[T>A]G	0.00032406	0.00014900	0.00500900	0.00011506	0.02759889	0.00000000	0.00022599	0.00114015	0.01869017	0.00213947	0.00680088	0.01490324	0.00051600	0.00085763	0.01221055	0.00209013
C[T>A]T	0.00026005	0.00000000	0.00429914	0.00017910	0.04179831	0.00023400	0.00052298	0.00064209	0.03098370	0.00195952	0.00827107	0.00757165	0.00020900	0.00129944	0.00309890	0.00279069
C[T>C]A	0.00000000	0.00030201	0.01329734	0.00166091	0.00238990	0.00131998	0.00004740	0.05200703	0.00814571	0.00149963	0.00734095	0.00354077	0.00083900	0.00391831	0.00274992	0.00102709
C[T>C]C	0.00250044	0.00002850	0.01039792	0.00103056	0.00699972	0.00012400	0.00012200	0.03120422	0.00990479	0.00187954	0.00791103	0.00313068	0.01770004	0.00949591	0.00693878	0.00525624
C[T>C]G	0.00036006	0.00000000	0.02079584	0.00532292	0.00125995	0.00002530	0.00000000	0.07871064	0.00445765	0.00184954	0.00777101	0.00356077	0.00242001	0.00592744	0.00004534	0.00000116
C[T>C]T	0.00004260	0.00018600	0.01489702	0.00127070	0.00645974	0.00081499	0.00011200	0.05550750	0.01379275	0.00215947	0.00859112	0.00324070	0.00138000	0.02818785	0.00633231	0.00330087
C[T>G]A	0.00003550	0.00015300	0.00258948	0.00004950	0.00121995	0.00022700	0.00004140	0.00142019	0.00196896	0.00047788	0.00530069	0.00087019	0.00089400	0.00050278	0.00231971	0.00287764
C[T>G]C	0.00021204	0.00015500	0.00460908	0.00078443	0.00194992	0.00114998	0.00000282	0.00494067	0.00142925	0.00056586	0.00739096	0.00075316	0.00006180	0.00103955	0.00359034	0.00376407
C[T>G]G	0.00012802	0.00012100	0.00612877	0.00092451	0.00469981	0.00047899	0.00000000	0.00556075	0.00149921	0.00088678	0.00983128	0.00568123	0.00366001	0.00069870	0.00363089	0.00130598
C[T>G]T	0.00017103	0.00020301	0.00729854	0.00130071	0.00057398	0.00522993	0.00005550	0.00780105	0.00094850	0.00106974	0.00494064	0.00348076	0.00047100	0.00047280	0.00279774	0.00642248
G[C>A]A	0.00158028	0.00008620	0.01019796	0.00042723	0.02419902	0.00073099	0.00094896	0.00049607	0.01309311	0.06768328	0.00688089	0.00771168	0.01420003	0.00273882	0.00388138	0.02979746
G[C>A]C	0.00033906	0.00000000	0.00764847	0.00091350	0.02619894	0.00254996	0.00045098	0.00066609	0.02148870	0.01919526	0.00695090	0.02680583	0.00758002	0.00107953	0.01230987	0.01796643
G[C>A]G	0.00058710	0.00001390	0.00233953	0.00035720	0.00273989	0.00008520	0.00016399	0.00012902	0.00097149	0.00482881	0.00453059	0.00106023	0.00024400	0.00272882	0.00398013	0.00814696
G[C>A]T	0.00000000	0.00005120	0.00681864	0.00123067	0.02689891	0.00279996	0.00006150	0.00081711	0.00350816	0.06898296	0.00589077	0.01810394	0.00204001	0.00034985	0.00863224	0.00859478
G[C>G]A	0.00000959	0.00006540	0.00467906	0.00001940	0.00257990	0.00001720	0.00149993	0.00039505	0.00182904	0.00088578	0.02400312	0.00240052	0.02670006	0.00211909	0.00107728	0.00524130
G[C>G]C	0.00016403	0.00026101	0.00507898	0.00068538	0.00238990	0.00013600	0.00047898	0.00057908	0.00750605	0.00107973	0.02130277	0.00142031	0.03300008	0.00148936	0.00207558	0.00746504
G[C>G]G	0.00016603	0.00000000	0.00150970	0.00000000	0.00048798	0.00000000	0.00024099	0.00007380	0.00045676	0.00017196	0.00986128	0.00022305	0.00280001	0.00170926	0.00066814	0.00213722
G[C>G]T	0.00000000	0.00013400	0.00671866	0.00032118	0.00485980	0.00011300	0.00269988	0.00030504	0.00335823	0.00104974	0.03240421	0.00277060	0.01430003	0.00107953	0.00389608	0.00505908
G[C>T]A	0.00444079	0.00000000	0.01939612	0.09365134	0.00027599	0.00036300	0.00717968	0.00275037	0.00679643	0.00371908	0.00803104	0.03360731	0.00242001	0.00677708	0.01713656	0.01420348
G[C>T]C	0.00009280	0.00000013	0.02159568	0.11106088	0.00024499	0.01509979	0.00092096	0.00545074	0.01139401	0.00339916	0.00450058	0.15203306	0.00158000	0.00314864	0.00701622	0.00381122
G[C>T]G	0.21803872	0.00000000	0.01229754	0.17809764	0.00190992	0.01259982	0.00017799	0.00668090	0.00196896	0.00569859	0.00548071	0.00455099	0.00550001	0.00735683	0.01368984	0.01062491
G[C>T]T	0.00003840	0.00005040	0.01859628	0.07444081	0.00460981	0.03189955	0.00126994	0.00498067	0.00569700	0.00362910	0.00861112	0.08651881	0.01630004	0.00502783	0.01183212	0.00457670
G[T>A]A	0.00008120	0.00000000	0.00366927	0.00005100	0.01279948	0.00000000	0.00000670	0.00078311	0.00189900	0.00087978	0.00496064	0.01200261	0.00073200	0.00206911	0.00163350	0.00208487
G[T>A]C	0.00012902	0.00013100	0.00290942	0.00048927	0.01349946	0.00012300	0.00012999	0.00115015	0.00290847	0.00063084	0.00352046	0.00184040	0.00105000	0.00062573	0.00354112	0.00215715
G[T>A]G	0.00024604	0.00006380	0.00410918	0.00019511	0.01559937	0.00000000	0.00004700	0.00060808	0.00576697	0.00116971	0.00667087	0.00777169	0.00019900	0.02039121	0.00807746	0.00226542
G[T>A]T	0.00025805	0.00006280	0.00321936	0.00024814	0.02809887	0.00010800	0.00035798	0.00083411	0.00078858	0.00111972	0.00409053	0.00325071	0.00078600	0.00276881	0.00512876	0.00080836
G[T>C]A	0.00105019	0.00000000	0.01409718	0.00257141	0.00259990	0.01469979	0.00028699	0.08351129	0.00452762	0.00233942	0.00747097	0.00582127	0.00138000	0.00217906	0.00000526	0.00000244
G[T>C]C	0.00190034	0.00002740	0.00793841	0.00111061	0.00261989	0.00532993	0.00018199	0.02480335	0.00656655	0.00139965	0.00689090	0.00331072	0.00538001	0.00077966	0.00129851	0.00446294
G[T>C]G	0.00117021	0.00010700	0.01499700	0.00245134	0.00280989	0.00137998	0.00019499	0.07120962	0.00512730	0.00183955	0.00574075	0.00321070	0.00371001	0.01109522	0.00088862	0.00000925
G[T>C]T	0.00007130	0.00001250	0.01369726	0.00090650	0.00628975	0.01149984	0.00000000	0.05520746	0.00468753	0.00264935	0.00751098	0.00239052	0.00117000	0.00201913	0.00311630	0.00617984
G[T>G]A	0.00000000	0.00020901	0.00251950	0.00004350	0.00130995	0.00048099	0.00008770	0.00137018	0.00030384	0.00018495	0.00333043	0.00114025	0.00867002	0.00806652	0.00030707	0.00045257
G[T>G]C	0.00000000	0.00013300	0.00170966	0.00021312	0.00065597	0.00094199	0.00000000	0.00121016	0.00087154	0.00031292	0.00580075	0.00007050	0.00959002	0.00268884	0.00115528	0.00113188
G[T>G]G	0.00034806	0.00003710	0.00529894	0.00027415	0.00396984	0.00172998	0.00042598	0.00235032	0.00254866	0.00152962	0.00772100	0.00041009	0.03510008	0.02338992	0.00167546	0.00329544
G[T>G]T	0.00001460	0.00000000	0.00234953	0.00078743	0.00128995	0.00515993	0.00000289	0.00605082	0.00280852	0.00048888	0.00594077	0.00092020	0.03650008	0.01689272	0.00249697	0.00046824
T[C>A]A	0.00006580	0.00063902	0.00785843	0.00035620	0.02979880	0.00044599	0.07899652	0.00093813	0.00185902	0.14096518	0.00598078	0.00510111	0.01900004	0.00736682	0.03545157	0.01781386
T[C>A]C	0.00253045	0.00017001	0.00916817	0.00049827	0.02509899	0.00379995	0.02939870	0.00063008	0.00937507	0.07718094	0.00786102	0.05401174	0.00088600	0.00042881	0.02265712	0.06035606
T[C>A]G	0.00000000	0.00008530	0.00229954	0.00020011	0.00189992	0.00057299	0.01209947	0.00012302	0.00095450	0.01469637	0.00301039	0.00090420	0.00004190	0.00272882	0.00940856	0.01337963
T[C>A]T	0.00000588	0.00044001	0.01269746	0.00074741	0.03189871	0.08159886	0.03549844	0.00140019	0.00448764	0.20794864	0.00655085	0.02730594	0.00185000	0.01469367	0.00744706	0.01812494
T[C>G]A	0.00000000	0.00000000	0.00780844	0.00004970	0.00146994	0.00000000	0.31698603	0.00131018	0.00039579	0.00397902	0.03470451	0.00055912	0.00093200	0.00212908	0.27904318	0.00250237
T[C>G]C	0.00020304	0.00009870	0.00759848	0.00011306	0.00133995	0.00000000	0.06349720	0.00074510	0.00291846	0.00240940	0.03670477	0.00187041	0.00049300	0.00179922	0.05776806	0.00301724
T[C>G]G	0.00006940	0.00004120	0.00170966	0.00000195	0.00007820	0.00000000	0.01379939	0.00009410	0.00041578	0.00030192	0.00962125	0.00020704	0.00010300	0.00062973	0.02453918	0.00193537
T[C>G]T	0.00156028	0.00118003	0.01249750	0.00012807	0.00024899	0.00004340	0.36898374	0.00221030	0.00423777	0.00758813	0.05070659	0.00038108	0.00042100	0.01809220	0.01150134	0.00000100
T[C>T]A	0.00111020	0.53601551	0.02029594	0.01200658	0.00503980	0.00272996	0.00692969	0.00329044	0.00747607	0.01069736	0.00388050	0.00482105	0.01940005	0.00428815	0.00887065	0.00019479
T[C>T]C	0.00003730	0.09730282	0.02299540	0.01050576	0.00025199	0.04849932	0.00447980	0.00253034	0.02458707	0.00685831	0.00528069	0.03270711	0.10400024	0.01529341	0.01389726	0.27806875
T[C>T]G	0.11001954	0.04420128	0.01589682	0.05202852	0.00004170	0.43699388	0.00118995	0.00263036	0.00840558	0.00388904	0.00486063	0.00036408	0.00397001	0.00333856	0.00539669	0.03641326
T[C>T]T	0.00000000	0.30000868	0.02099580	0.00699383	0.00526979	0.12799821	0.00141994	0.00213029	0.01948975	0.00832794	0.00423055	0.01510328	0.08180019	0.17892286	0.00456891	0.01301351
T[T>A]A	0.00672119	0.00042201	0.00630874	0.00045425	0.01149953	0.00305996	0.00029599	0.00113015	0.00669648	0.00245939	0.00669087	0.00850185	0.00169000	0.01189487	0.00221943	0.00842344
T[T>A]C	0.00000000	0.00019201	0.00413917	0.00011406	0.01949921	0.00066499	0.00023199	0.00126017	0.00374803	0.00101975	0.00369048	0.00226049	0.00066400	0.00089761	0.00412899	0.00550675
T[T>A]G	0.00002800	0.00005010	0.00478904	0.00002950	0.01289948	0.00007060	0.00018799	0.00027804	0.00326828	0.00087179	0.00546071	0.00533116	0.00007540	0.00082864	0.00168111	0.00185593
T[T>A]T	0.00225040	0.00020501	0.00874825	0.00042623	0.03789847	0.00151998	0.00006200	0.00131018	0.00887533	0.00269933	0.01070139	0.00352076	0.00295001	0.01459371	0.00591681	0.00663132
T[T>C]A	0.00025505	0.00000000	0.01799640	0.00148081	0.00207992	0.00885988	0.00002210	0.04230572	0.00458759	0.00296927	0.00594077	0.00682148	0.00109000	0.00330857	0.00477830	0.00164413
T[T>C]C	0.00339060	0.00004350	0.00970806	0.00109060	0.00263989	0.00008100	0.00002490	0.03140424	0.01029459	0.00227944	0.00644084	0.00303066	0.02900007	0.01959155	0.00522291	0.00477934
T[T>C]G	0.00041607	0.00011700	0.01269746	0.00213117	0.00000000	0.00066799	0.00009980	0.03030409	0.00400789	0.00137966	0.00498065	0.00341074	0.00102000	0.00215907	0.00426804	0.00177453
T[T>C]T	0.00433077	0.00003580	0.01849630	0.00174095	0.00456981	0.00002510	0.00053098	0.05740776	0.01209364	0.00279931	0.00948123	0.00236051	0.00511001	0.03198621	0.00189291	0.00569897
T[T>G]A	0.00000000	0.00001670	0.00521896	0.00010506	0.00000000	0.01129984	0.00018399	0.00143019	0.00224882	0.00078781	0.00839109	0.00115025	0.00032700	0.00079766	0.00208516	0.00170240
T[T>G]C	0.00005510	0.00007040	0.00655869	0.00028716	0.00113995	0.00554992	0.00000000	0.00172023	0.00237875	0.00074382	0.00508066	0.00027406	0.00065500	0.00158931	0.00288301	0.00342596
T[T>G]G	0.00058310	0.00009540	0.00693861	0.00032418	0.00308988	0.00275996	0.00003670	0.00284038	0.00534719	0.00090178	0.00728095	0.00293064	0.00872002	0.00673710	0.00210277	0.00366925
T[T>G]T	0.00000000	0.00000000	0.01349730	0.00101055	0.00099596	0.09089873	0.00001890	0.00945128	0.00729616	0.00180955	0.01090142	0.00174038	0.00160000	0.02169065	0.00690688	0.00393210
