MutationType	SBS96A	SBS96B	SBS96C	SBS96D	SBS96E	SBS96F	SBS96G	SBS96H	SBS96I	SBS96J
A[C>A]A	5.01E-04	4.05E-03	3.36E-03	4.71E-03	5.45E-03	3.35E-03	2.60E-03	6.29E-03	4.23E-03	9.42E-03
A[C>A]C	8.99E-05	1.54E-03	5.16E-03	3.93E-03	5.84E-03	3.46E-03	3.29E-03	3.11E-03	5.24E-03	3.62E-03
A[C>A]G	2.29E-04	5.49E-08	2.39E-03	5.68E-03	2.13E-03	1.15E-03	1.53E-03	3.43E-04	1.45E-03	5.34E-03
A[C>A]T	1.50E-04	2.42E-03	7.12E-03	4.58E-03	6.33E-03	6.00E-03	3.38E-03	4.46E-03	7.28E-04	3.52E-08
A[C>G]A	7.50E-04	1.65E-03	3.51E-03	4.73E-03	4.20E-03	3.91E-03	4.76E-04	4.17E-03	3.39E-03	5.38E-03
A[C>G]C	4.63E-04	7.69E-04	1.87E-03	6.51E-03	7.23E-03	4.42E-03	0.00E+00	1.76E-03	1.60E-03	4.23E-03
A[C>G]G	2.60E-04	5.13E-04	2.05E-03	4.43E-03	4.58E-03	1.62E-03	3.50E-03	9.68E-04	1.09E-03	1.79E-05
A[C>G]T	4.33E-04	3.26E-03	5.06E-03	9.65E-03	7.22E-03	8.97E-03	5.03E-03	5.59E-03	2.42E-03	2.24E-04
A[C>T]A	1.55E-03	5.56E-03	3.56E-03	2.96E-03	3.71E-03	3.11E-03	7.23E-03	6.58E-03	3.87E-03	2.24E-03
A[C>T]C	5.81E-04	4.00E-03	1.00E-03	3.38E-03	2.72E-03	3.95E-03	2.12E-03	3.97E-03	5.56E-03	3.36E-03
A[C>T]G	8.01E-04	1.03E-02	5.72E-03	1.13E-02	4.20E-03	1.10E-02	1.09E-02	6.38E-03	6.99E-03	1.63E-02
A[C>T]T	3.04E-04	3.78E-03	2.21E-03	4.22E-03	5.58E-03	5.42E-03	9.19E-03	7.77E-03	2.31E-03	2.05E-03
A[T>A]A	1.31E-04	2.27E-03	2.92E-03	5.73E-03	2.82E-03	1.28E-03	1.98E-03	1.08E-03	4.13E-04	3.60E-03
A[T>A]C	1.80E-04	8.61E-04	1.02E-03	2.15E-03	1.69E-03	2.72E-03	3.68E-03	9.16E-04	5.27E-03	5.09E-03
A[T>A]G	2.42E-04	2.74E-03	3.84E-03	2.57E-03	5.32E-03	4.49E-03	4.04E-03	4.15E-03	2.78E-03	7.73E-03
A[T>A]T	0.00E+00	1.72E-03	1.73E-03	2.49E-03	4.25E-03	1.92E-03	5.05E-03	1.02E-07	2.09E-03	5.37E-03
A[T>C]A	2.07E-04	3.05E-03	2.54E-03	7.27E-03	6.48E-03	6.82E-03	3.50E-03	5.33E-03	2.18E-03	7.15E-03
A[T>C]C	2.01E-04	2.73E-03	4.96E-03	1.72E-03	4.36E-03	3.44E-03	2.34E-03	2.58E-03	1.43E-03	1.34E-03
A[T>C]G	1.89E-04	2.01E-03	5.99E-03	1.14E-03	7.17E-03	4.76E-03	2.41E-03	5.62E-03	3.91E-03	4.67E-03
A[T>C]T	3.13E-04	4.58E-03	3.37E-03	1.40E-03	4.28E-03	6.91E-03	2.57E-03	5.48E-03	3.24E-03	2.33E-03
A[T>G]A	6.54E-05	4.49E-03	7.57E-04	2.64E-03	3.44E-03	2.81E-03	1.74E-03	3.30E-03	3.34E-03	3.73E-03
A[T>G]C	9.14E-05	6.67E-08	9.39E-04	2.42E-03	3.87E-03	1.15E-03	7.54E-08	4.96E-04	2.77E-03	2.25E-03
A[T>G]G	8.25E-05	2.21E-03	5.72E-04	4.73E-03	2.03E-03	2.47E-03	1.07E-03	1.10E-03	3.00E-03	1.06E-03
A[T>G]T	2.68E-04	4.54E-03	3.13E-03	1.27E-04	1.13E-03	1.44E-03	3.16E-03	1.10E-03	1.72E-03	1.88E-03
C[C>A]A	1.46E-04	2.02E-03	1.65E-03	2.50E-03	1.26E-03	3.54E-03	6.31E-03	5.76E-03	3.74E-03	2.03E-03
C[C>A]C	2.88E-04	9.04E-03	4.46E-03	5.73E-03	3.61E-03	8.99E-03	5.31E-03	4.60E-03	2.93E-03	4.50E-03
C[C>A]G	4.51E-04	4.69E-07	1.81E-03	2.60E-03	9.64E-04	5.61E-46	1.45E-03	1.03E-04	1.98E-03	3.83E-03
C[C>A]T	1.63E-04	3.51E-03	4.22E-03	7.91E-03	7.45E-03	6.51E-03	1.54E-03	4.21E-03	3.39E-03	4.89E-03
C[C>G]A	1.29E-03	3.50E-03	2.23E-03	2.73E-03	7.43E-03	3.15E-03	5.12E-03	6.61E-03	1.98E-03	2.55E-03
C[C>G]C	3.87E-04	9.31E-04	5.01E-03	4.58E-03	2.64E-03	4.21E-03	5.06E-03	3.99E-03	4.36E-03	1.28E-03
C[C>G]G	4.01E-04	1.26E-03	1.50E-03	2.07E-03	8.87E-03	4.53E-03	4.19E-05	1.44E-03	4.18E-03	2.91E-03
C[C>G]T	9.48E-04	3.44E-03	2.81E-03	6.54E-03	3.59E-03	7.48E-03	9.50E-03	8.41E-03	3.87E-03	4.49E-03
C[C>T]A	1.17E-03	3.89E-03	4.62E-03	2.71E-03	3.35E-03	8.76E-03	3.83E-03	5.14E-03	6.03E-03	2.47E-03
C[C>T]C	9.39E-04	4.45E-03	1.86E-03	2.90E-03	6.75E-03	5.64E-03	5.74E-03	1.07E-02	4.83E-03	1.73E-03
C[C>T]G	1.67E-03	2.52E-03	4.82E-03	3.49E-03	9.25E-03	8.23E-03	6.72E-03	2.19E-03	1.01E-02	1.44E-02
C[C>T]T	1.21E-03	6.33E-03	5.34E-03	3.86E-03	1.84E-03	4.17E-03	4.94E-03	4.35E-03	3.96E-03	4.36E-03
C[T>A]A	1.98E-04	3.77E-04	1.03E-03	3.51E-03	3.42E-03	2.21E-03	2.34E-08	4.55E-03	1.74E-03	1.07E-07
C[T>A]C	3.42E-04	4.10E-04	5.55E-03	2.80E-03	5.01E-03	2.15E-03	2.05E-03	5.31E-03	3.15E-03	6.60E-04
C[T>A]G	2.20E-04	1.77E-03	3.39E-03	3.38E-03	4.00E-03	4.30E-03	2.61E-04	2.61E-03	4.70E-03	4.01E-03
C[T>A]T	0.00E+00	5.07E-03	2.91E-03	2.94E-03	0.00E+00	2.89E-03	5.40E-03	2.69E-03	1.34E-03	3.17E-03
C[T>C]A	1.07E-04	1.71E-03	1.59E-03	1.87E-03	1.72E-03	2.06E-03	8.30E-08	3.25E-03	1.47E-03	1.22E-03
C[T>C]C	3.16E-04	3.99E-03	1.41E-03	2.13E-03	3.35E-03	4.28E-03	5.54E-03	4.90E-03	3.84E-03	1.36E-03
C[T>C]G	4.82E-04	1.94E-03	5.85E-03	7.10E-03	3.06E-03	4.52E-03	4.02E-04	8.38E-03	1.24E-03	2.29E-03
C[T>C]T	1.46E-04	9.84E-04	4.26E-03	3.09E-03	6.94E-03	2.42E-03	4.98E-03	5.70E-03	2.69E-03	2.80E-03
C[T>G]A	5.28E-09	1.11E-03	1.29E-03	1.02E-03	2.19E-03	3.98E-03	1.01E-03	2.25E-03	3.19E-03	1.47E-07
C[T>G]C	3.55E-04	1.21E-03	1.63E-03	1.27E-03	2.34E-03	5.06E-03	6.28E-03	4.65E-03	2.04E-03	8.55E-03
C[T>G]G	3.03E-04	2.26E-03	2.00E-03	4.48E-03	4.45E-03	3.13E-03	4.16E-03	2.27E-03	1.55E-03	1.42E-03
C[T>G]T	0.00E+00	5.12E-03	2.94E-03	3.49E-03	6.60E-03	4.17E-03	1.56E-03	4.16E-03	3.26E-03	3.49E-03
G[C>A]A	5.09E-04	2.48E-03	2.02E-03	4.05E-03	2.72E-03	3.81E-03	4.51E-03	2.17E-03	2.88E-03	5.43E-03
G[C>A]C	4.93E-04	2.17E-03	5.27E-03	4.60E-03	4.06E-03	3.33E-03	1.10E-03	2.83E-03	2.41E-03	4.38E-03
G[C>A]G	1.56E-04	1.12E-03	1.05E-03	3.35E-04	3.25E-03	2.40E-03	1.30E-03	5.11E-03	1.85E-03	4.87E-06
G[C>A]T	3.83E-04	4.66E-03	2.92E-03	3.85E-03	3.30E-03	5.65E-03	4.63E-03	1.95E-03	6.49E-03	2.86E-03
G[C>G]A	4.22E-04	8.96E-04	2.98E-03	6.04E-03	5.93E-03	2.14E-03	1.26E-03	7.22E-03	4.94E-04	1.59E-03
G[C>G]C	1.87E-04	1.07E-03	5.83E-03	1.58E-03	1.41E-03	3.46E-03	1.81E-03	2.84E-03	2.09E-03	3.27E-03
G[C>G]G	4.13E-04	7.27E-04	5.22E-04	4.98E-03	1.17E-03	4.27E-04	5.39E-08	2.88E-03	5.10E-04	1.16E-07
G[C>G]T	8.92E-04	4.40E-03	4.41E-03	8.79E-03	1.03E-02	4.96E-03	3.05E-03	3.23E-03	0.00E+00	1.18E-03
G[C>T]A	1.49E-03	9.41E-03	2.79E-03	1.06E-02	2.71E-03	7.28E-03	8.42E-04	6.34E-03	2.97E-03	7.09E-03
G[C>T]C	9.67E-04	3.26E-03	5.22E-03	5.29E-03	3.12E-03	6.72E-03	5.05E-03	3.91E-03	4.47E-03	5.01E-03
G[C>T]G	7.66E-04	4.97E-03	2.03E-03	5.43E-03	4.25E-03	6.43E-03	3.05E-03	5.19E-03	1.14E-02	3.82E-03
G[C>T]T	9.61E-04	4.07E-03	1.12E-03	1.65E-03	2.67E-03	3.92E-03	4.71E-03	2.79E-03	4.06E-03	3.92E-03
G[T>A]A	1.06E-04	1.74E-03	3.71E-03	2.29E-03	1.15E-03	2.12E-03	2.19E-03	2.63E-03	2.70E-03	2.62E-03
G[T>A]C	0.00E+00	1.39E-03	2.13E-03	1.74E-03	3.78E-03	2.31E-03	2.88E-03	1.27E-03	1.38E-03	1.77E-03
G[T>A]G	1.56E-04	4.69E-08	1.55E-03	7.15E-04	1.80E-03	2.93E-03	6.89E-04	3.50E-03	5.31E-03	2.80E-03
G[T>A]T	6.44E-05	2.58E-03	2.50E-03	2.03E-03	2.66E-03	5.49E-03	2.60E-03	1.72E-03	3.48E-03	3.93E-03
G[T>C]A	1.78E-04	3.00E-03	3.49E-03	3.23E-03	3.21E-03	6.97E-03	3.77E-03	3.16E-03	1.23E-03	2.05E-03
G[T>C]C	1.03E-04	2.15E-07	1.92E-03	2.78E-03	6.41E-03	3.82E-03	2.37E-03	3.78E-03	2.13E-03	8.21E-04
G[T>C]G	2.07E-04	1.12E-03	1.85E-03	2.23E-03	3.45E-03	1.15E-03	2.75E-03	2.74E-03	1.92E-03	5.55E-03
G[T>C]T	7.99E-05	4.19E-03	4.71E-03	2.43E-03	3.67E-03	4.06E-03	2.66E-03	2.65E-03	2.27E-03	4.36E-03
G[T>G]A	0.00E+00	3.50E-03	3.46E-03	2.25E-03	1.33E-03	7.65E-04	2.41E-03	3.27E-03	8.46E-04	3.06E-03
G[T>G]C	1.13E-04	9.22E-04	1.96E-03	1.66E-03	1.61E-03	1.66E-03	4.94E-03	1.53E-03	1.73E-07	1.12E-03
G[T>G]G	2.82E-04	3.35E-03	4.56E-03	2.69E-03	3.58E-03	2.98E-03	3.84E-03	3.93E-03	5.76E-04	1.32E-07
G[T>G]T	2.84E-04	4.78E-03	1.85E-03	2.53E-03	1.23E-03	2.89E-03	2.85E-03	3.92E-03	2.08E-03	1.38E-06
T[C>A]A	1.58E-03	5.18E-03	2.65E-03	3.32E-03	3.74E-03	4.21E-03	3.61E-03	4.25E-03	4.80E-03	1.16E-02
T[C>A]C	1.54E-03	5.08E-03	7.26E-03	6.01E-03	9.04E-03	2.64E-03	1.29E-02	7.08E-03	1.97E-03	2.13E-03
T[C>A]G	4.09E-04	1.24E-03	1.13E-03	8.95E-04	1.94E-03	8.09E-04	7.38E-04	6.61E-04	1.45E-03	5.05E-03
T[C>A]T	2.49E-03	1.07E-02	9.97E-03	3.16E-03	9.21E-03	9.61E-03	6.20E-03	5.53E-03	3.85E-03	8.87E-03
T[C>G]A	3.18E-03	8.43E-03	4.99E-03	8.53E-03	5.74E-05	6.86E-03	2.40E-02	9.27E-03	7.29E-03	5.76E-03
T[C>G]C	3.91E-03	1.49E-02	1.37E-03	1.06E-02	4.41E-03	6.44E-03	6.48E-03	1.45E-02	4.92E-03	8.88E-03
T[C>G]G	1.90E-03	6.23E-03	2.09E-03	8.52E-04	1.08E-03	1.09E-03	1.44E-03	3.98E-03	4.59E-07	3.00E-07
T[C>G]T	6.10E-03	2.36E-02	9.53E-03	1.15E-02	3.03E-03	5.09E-03	2.24E-02	7.83E-03	5.60E-03	5.58E-03
T[C>T]A	1.20E-02	1.94E-02	2.72E-03	9.89E-03	2.80E-03	5.62E-03	3.91E-02	9.29E-03	1.17E-02	1.50E-02
T[C>T]C	3.55E-03	7.24E-03	4.20E-03	6.46E-03	1.05E-02	3.99E-03	7.24E-03	4.03E-03	4.56E-03	7.37E-03
T[C>T]G	1.30E-03	7.79E-03	3.06E-03	2.86E-03	1.17E-02	9.90E-03	8.45E-03	3.35E-03	7.93E-03	1.42E-02
T[C>T]T	3.88E-03	1.86E-02	5.32E-03	5.76E-03	9.80E-03	5.53E-03	1.09E-02	1.47E-02	4.65E-03	1.41E-02
T[T>A]A	3.26E-04	1.82E-03	1.98E-03	2.25E-03	7.70E-03	6.14E-03	1.27E-03	7.46E-03	5.92E-03	6.11E-03
T[T>A]C	1.45E-04	1.51E-07	3.34E-03	1.69E-03	2.19E-03	4.57E-03	1.40E-03	2.29E-03	6.06E-03	4.98E-03
T[T>A]G	1.47E-04	1.47E-03	2.06E-03	6.83E-03	4.99E-03	1.95E-03	5.39E-03	1.82E-04	6.96E-04	4.14E-03
T[T>A]T	1.32E-04	5.07E-03	4.00E-03	3.05E-03	2.58E-03	5.27E-03	3.77E-03	2.93E-03	9.84E-04	3.36E-03
T[T>C]A	0.00E+00	1.20E-08	2.66E-03	3.71E-03	2.57E-03	5.16E-03	3.15E-03	3.01E-03	1.31E-02	3.02E-03
T[T>C]C	9.44E-05	1.24E-03	4.02E-03	2.16E-03	2.32E-03	1.54E-03	7.29E-04	5.05E-03	2.25E-03	2.77E-03
T[T>C]G	2.58E-04	9.23E-04	1.22E-03	2.13E-03	2.00E-03	3.94E-04	1.18E-03	3.69E-03	2.00E-03	2.22E-03
T[T>C]T	1.04E-04	1.54E-03	3.64E-03	7.02E-03	3.99E-03	5.54E-03	2.06E-03	8.63E-03	3.62E-03	5.98E-03
T[T>G]A	2.03E-04	3.07E-05	3.83E-03	6.53E-03	4.48E-03	1.77E-03	1.64E-07	8.92E-03	2.97E-03	1.45E-03
T[T>G]C	1.20E-04	9.76E-04	1.17E-03	3.32E-03	1.85E-03	5.06E-04	1.21E-03	3.56E-03	2.22E-03	1.46E-03
T[T>G]G	0.00E+00	1.27E-07	3.64E-03	2.59E-03	3.23E-03	1.31E-03	2.90E-03	1.59E-03	3.52E-03	6.30E-07
T[T>G]T	2.09E-04	4.19E-03	2.05E-03	4.79E-03	4.09E-03	3.74E-03	3.23E-03	2.66E-03	2.44E-03	2.95E-03
