MutationType	SBS96A	SBS96B	SBS96C	SBS96D	SBS96E	SBS96F	SBS96G	SBS96H	SBS96I	SBS96J
A[C>A]A	0.0011787967290729285	0.009208191186189653	0.026304834708571433	0.028786436840891837	0.01027786135673523	0.011486445926129818	0.013207942619919777	0.023321176506578924	0.009331711567938328	0.014740572310984135
A[C>A]C	0.00030794640188105407	0.0031219321485767893	0.020358544029295444	0.008712216559797526	0.009273689612746239	0.021361087262630463	0.0032908134162425995	0.00382583630271256	0.016461983788758516	0.0196633773855865
A[C>A]G	0.0003642673138529062	5.4928580084379067e-08	0.004152121394872666	0.014652095921337604	0.002128258264076521	0.0016299569979310036	0.002414425741881132	0.00034335524314883515	0.004367686197451803	0.014702809788286687
A[C>A]T	0.0003543141967634851	0.004318831443425532	0.034251048043370244	0.010362322446087546	0.019650463201105594	0.01445771725848317	0.01023599337786436	0.028206520527601243	0.0007283850144062853	3.5182500823793815e-08
A[C>G]A	0.001939517074792254	0.0022009445877852534	0.006628862288411597	0.018814364355057477	0.012238932866603136	0.014177623949944974	0.0004763713106513023	0.009598578838631511	0.0062026703543324405	0.01069172602146864
A[C>G]C	0.0014365580631420017	0.0007691535119647597	0.009525260608643293	0.007995590008795262	0.01545370537787676	0.005386118148635433	0.0	0.003065148445156751	0.00869750096462667	0.00553686453777118
A[C>G]G	0.000689790426986292	0.0005129025783389806	0.008912433870136738	0.010383036127313972	0.0074607696168641265	0.0024557914750459988	0.0035009968598103567	0.0009680486297554581	0.0010910522145877622	1.794654270668161e-05
A[C>G]T	0.0009934211848303676	0.016716018319129944	0.012412016466259956	0.025009241979569198	0.023215406574308872	0.02556250486522913	0.008047232776880265	0.014978304598480463	0.008424465404823422	0.00022399728186428547
A[C>T]A	0.006015262426808476	0.011930779757176425	0.007881459593772889	0.006465292826287767	0.017786307027563453	0.008254830399528146	0.014824911765754224	0.013725054264068604	0.013258363679051399	0.004938114434977237
A[C>T]C	0.0017749220674878607	0.009538344759494066	0.008622585982084274	0.014492812007665635	0.007354857213795185	0.008525730017572642	0.008351252973079681	0.011440812237560749	0.01608960931189358	0.0036591584643474563
A[C>T]G	0.006207939609885216	0.016547427326440812	0.0117062296718359	0.039795517735183236	0.06279734373092652	0.044918662682175634	0.03492375556379557	0.012630132026970387	0.036182790994644165	0.06910029128193855
A[C>T]T	0.0009553805226460099	0.008449357561767101	0.00851029073819518	0.012573415929364274	0.008561599534004927	0.009129190910607576	0.018557353271171452	0.024478459358215333	0.007366421911865473	0.004709888901561499
A[T>A]A	0.00024002328644814191	0.007067365234252066	0.005289596109651029	0.00670988941565156	0.005381456110626459	0.00246094658423317	0.004835085570812225	0.0010825195349752903	0.0004125733394175768	0.004978838626107063
A[T>A]C	0.00040581959183327854	0.0025261304379455398	0.00607904102653265	0.006275087402468671	0.0053607670590281485	0.0056804783642292024	0.005131704748873744	0.003520310577005148	0.01418704348616302	0.009676630701869726
A[T>A]G	0.0005394582869485021	0.004225398316339124	0.01068575344979763	0.004592769267037592	0.00856310985982418	0.008851878601126373	0.006544140912592411	0.01053868094459176	0.00739673706702888	0.011152314394712448
A[T>A]T	0.0	0.0025231723673641683	0.003918590915736786	0.0034818828220863907	0.00561495702843331	0.006104551581665873	0.013997315429151058	1.5878430872362515e-07	0.007927063816134705	0.019324186125732012
A[T>C]A	0.0003319621901027858	0.010380385024473072	0.004134371317928742	0.015963413193821906	0.010181483905762434	0.020660112239420415	0.008222106657922269	0.009779735049232841	0.009063372015953064	0.029175491258502006
A[T>C]C	0.0011968000791966916	0.00631410770729417	0.021562205161899328	0.0036011856539403197	0.014586001168936491	0.004956621676683426	0.007647210545837879	0.002575999312344606	0.0042048496659845115	0.002809053845703602
A[T>C]G	0.002290455508045852	0.0029280023649334947	0.01649075299501419	0.0018322995863854885	0.02040471127256751	0.011510973144322634	0.006555127771571278	0.01394110806286335	0.008213552548068038	0.01338244481012225
A[T>C]T	0.000787961142488714	0.014118916541337966	0.008130750921554863	0.002130589398886329	0.02550735455006361	0.021035891165956853	0.01034550410695374	0.014221002534031867	0.006881757639348507	0.002326092394832813
A[T>G]A	6.543844356201589e-05	0.006783191555950907	0.0009479760259381465	0.006186339445412159	0.006730539770796895	0.0073826859981409145	0.00296994112432003	0.005139714013785124	0.01224399246275425	0.008018290935020203
A[T>G]C	0.00019530999998096377	1.0366665605943127e-07	0.006114428164437413	0.0038416390488919205	0.006982265099122742	0.001151510328352303	1.0327609345495148e-07	0.0004965542434480139	0.002770471616474879	0.0034715124762726645
A[T>G]G	0.00023218737333081664	0.0040945002217313235	0.00972529798746109	0.01288136076182127	0.00521142091602087	0.00441854065284133	0.0017340317057104927	0.0011039341799914837	0.0029957005754113197	0.001061877328902483
A[T>G]T	0.000701505079632625	0.009645740734413266	0.006209624093025922	0.00012731674878523383	0.001130311656743288	0.0014370359408758305	0.00421451423317194	0.0023156328592449428	0.002768186014145613	0.0031499174541067985
C[C>A]A	0.00023289198288694023	0.007145591080188751	0.013422380015254021	0.024155816808342934	0.009623301681131124	0.019221010617911816	0.012692724367008168	0.022360760997980834	0.01825361419469118	0.003313385881483555
C[C>A]C	0.0003500585735309869	0.025310982763767243	0.013028624653816222	0.009271765290759505	0.0079878406599164	0.020918686967343093	0.00997860715885963	0.0090703543741256	0.003903491608798504	0.00840675781309983
C[C>A]G	0.0021283867536112666	4.6937079787312543e-07	0.008810332603752613	0.00753398728556931	0.0009643904063068476	5.6051938572992686e-46	0.0023632735013961793	0.00010320496840563465	0.00565641550347209	0.007127137892427982
C[C>A]T	0.0003232993243727833	0.010220272932201624	0.01967626912519336	0.024110975861549377	0.009244086034595967	0.020772078633308412	0.0015408230014145375	0.010489626787602901	0.0064310971647501105	0.01191669895567884
C[C>G]A	0.0031514476519078015	0.010133522283285856	0.01722749024629593	0.007944272458553314	0.017817386565729974	0.007492103057211855	0.005120082199573517	0.014209765288978816	0.003109821136948997	0.005830832712499045
C[C>G]C	0.00045430086902342737	0.005506131472066045	0.01079258850829774	0.013940073731237134	0.0032314475533667063	0.009098512399941684	0.005064802712035998	0.012738990131765604	0.009025145741179585	0.0012750349180848275
C[C>G]G	0.001300604664726246	0.004092246247455478	0.003501732740551233	0.002826213004971123	0.021356788650155067	0.006760850147190922	4.196801121579612e-05	0.001436431736584609	0.009980058530345559	0.00473237896406431
C[C>G]T	0.003306786436587572	0.017018093168735503	0.0038594677112996577	0.015203429758548737	0.005927740596234798	0.017411066219210625	0.015460571646690369	0.014200734905898571	0.009137084428220987	0.0168983094394207
C[C>T]A	0.010566097125411034	0.014344086963683366	0.011943329125642776	0.011200739583000541	0.016251087374985217	0.023160190507769584	0.008261325582861901	0.016608960181474685	0.029794557578861715	0.004878248847671784
C[C>T]C	0.003713302779942751	0.02370835319161415	0.004891130607575178	0.005949025508016348	0.008890130043482714	0.021250154403969646	0.009081145375967025	0.020537094864994287	0.006629085342865437	0.0034585276152938604
C[C>T]G	0.011997340805828571	0.0033171778128137986	0.010950816795229912	0.01086064511910081	0.029374361410737036	0.015474551660008728	0.023106283880770205	0.006267097825184464	0.06394732818007469	0.04165003169327974
C[C>T]T	0.0035139845189405606	0.02764994241297245	0.020324877370148896	0.009964488679543138	0.015451237559318542	0.019760131277143954	0.012384631065651774	0.015623890422343256	0.019848759938031434	0.01223346423357725
C[T>A]A	0.0005380170709486265	0.0003770507790477495	0.0014436875469982624	0.013897821307182312	0.006484096031635999	0.006489006523042917	3.387162976764557e-08	0.008548047687042981	0.0023338366219604724	3.946326671666611e-07
C[T>A]C	0.0009002790015301798	0.0004103477487774398	0.02065077070146799	0.0045407963916659355	0.010269834753125906	0.008539206441491842	0.0036031361669301987	0.018945128098130225	0.007127753861200859	0.0014501941855996846
C[T>A]G	0.0004751358064856076	0.00334818793926388	0.011256329528987408	0.006240554386749864	0.009772909060120582	0.008127090230368594	0.0002607181202620268	0.0037665279179236676	0.023071364127099515	0.010000554751604796
C[T>A]T	0.0	0.005911929486319423	0.00928876008838415	0.006205338718723396	0.0	0.008943859681143617	0.012716198712587357	0.002688951952779917	0.004307985956484117	0.008309488743543625
C[T>C]A	0.00023977003584150225	0.00564965857192874	0.004271292546764016	0.004121966592521176	0.0026997234050384123	0.002416986161904333	1.1635238479357213e-07	0.011921887472271919	0.0032473489443390234	0.0012210584590263806
C[T>C]C	0.0005562136881053448	0.009081387375067607	0.01046093525364995	0.012994219735264777	0.010351739637553693	0.010489961225539446	0.008040508628707244	0.005621174443513155	0.011370471119880677	0.002288761659292504
C[T>C]G	0.0011476364756163094	0.004468542989343405	0.02354489527642727	0.016007559560239314	0.0030597894209449805	0.006250288894587186	0.0004023668620817489	0.013291231635957957	0.0020178742706775665	0.0026136369346204447
C[T>C]T	0.000463713362114504	0.0022248163441418002	0.014875419484451414	0.013600226771086455	0.006942559778690338	0.004157261410728097	0.010121217230334878	0.013192110881209373	0.007639851421117783	0.0030690283281728627
C[T>G]A	5.2827857643933385e-09	0.0011144809424877167	0.0012884800117717531	0.0010153884375739609	0.0035645861049658834	0.004624613219891671	0.0014214019526676224	0.003973063128069043	0.004564750752751934	8.999320812108635e-07
C[T>G]C	0.0008153550268616527	0.0019628573134383488	0.003006837237626314	0.0027955359779298305	0.005436587147414684	0.013132672384381294	0.008180894004181028	0.010947741754353046	0.00317192974542877	0.011256089510538914
C[T>G]G	0.000678893958684057	0.007560249674133957	0.012640440091490745	0.019101323559880257	0.010157282287582347	0.010825465247035027	0.004155319731182061	0.005992446375944383	0.0015495857534460812	0.0028699081722606936
C[T>G]T	0.0	0.009703222010284663	0.009232627227902412	0.00945111828224512	0.006602137779640316	0.014226015284657478	0.0025272605571672103	0.011122248927131295	0.009174539241939783	0.003487517013888919
G[C>A]A	0.0013510544202290475	0.0060152895748615265	0.01237182030454278	0.01039348947815597	0.01832578517496586	0.01569157380145043	0.011968181375414133	0.00924151628278196	0.01013402473181486	0.008656690642237664
G[C>A]C	0.0007971106545483053	0.002170808233995558	0.01745807835832238	0.020672846026718615	0.0124498251825656	0.01007286929525435	0.0025672267191112043	0.014880936406552792	0.005574034107849002	0.008756662427913398
G[C>A]G	0.0010764790349639952	0.001367906155064702	0.001339577743783593	0.000335678794829164	0.003271792590385303	0.003847767971456051	0.0031813580077141522	0.013294536247849464	0.0029675401325221173	5.0025409109366595e-06
G[C>A]T	0.0012405671062879265	0.008961308815912616	0.010829797852784396	0.0072387603111565115	0.007693439163267613	0.01328081302344799	0.015678144246339797	0.004096031002700329	0.015319548081606627	0.0031398501014336944
G[C>G]A	0.0033699982333928345	0.0014068973939174694	0.012779634865000843	0.009838503379717168	0.005930486188646	0.00402777319541201	0.003457915736362338	0.014898520468580045	0.0007792403390805447	0.0023771745610702056
G[C>G]C	0.0002423972066026181	0.0028844201820902526	0.019286750722676514	0.003771335957571864	0.0014057768248449064	0.006672769100009646	0.0021927162070539906	0.006793180434033275	0.005158853903412819	0.004800307435948526
G[C>G]G	0.0014474505791443578	0.0007281694460289145	0.0005216712597757578	0.011190060153603553	0.0015422605991830096	0.0004269161481033734	5.390758133216877e-08	0.0028770121530726557	0.0007912766669392113	4.095095334832877e-07
G[C>G]T	0.0033776274183765055	0.00792685355991125	0.010838922299444675	0.01871065413706674	0.017011564676664648	0.009661967716380105	0.011419115774333476	0.007575931493192911	0.0	0.001209091252530925
G[C>T]A	0.003546707276285166	0.013268890259033439	0.021951162070035935	0.023419392062351108	0.00469797090627253	0.022376740630716086	0.0013479873538017272	0.018195351772010326	0.009678278490900994	0.02728714346885681
G[C>T]C	0.002834954299032688	0.007611178048177665	0.01661004275083542	0.00982869453728199	0.0068180671078152955	0.014437496848404407	0.0062300967518240215	0.021915234625339508	0.01635241024196148	0.006576670861750245
G[C>T]G	0.010457978397607804	0.00715565785398804	0.0043488480150699615	0.01609130632132292	0.05846386179327965	0.01673573087900877	0.020222195610404014	0.006473695114254952	0.06681528091430664	0.05362342819571495
G[C>T]T	0.0026043127756565808	0.018745365738868713	0.004237550590497952	0.008964545838534833	0.009546284098178148	0.009339098446071148	0.01288761654868722	0.007256336882710457	0.010490855481475592	0.010378941893577576
G[T>A]A	0.00020917528308928013	0.005057437019422651	0.01287965029478073	0.0024080615025013686	0.0016866528429090976	0.004677935969084501	0.005778022413142026	0.003473791776377766	0.009884115401655435	0.007152330223470926
G[T>A]C	0.0	0.0013869144953787328	0.0037561210606327222	0.004119818463243519	0.005248751016193864	0.0045944532379508015	0.006122414860874415	0.0012718157572862766	0.0042460081362605704	0.002879621258119869
G[T>A]G	0.0008615576894953847	4.6853389790157965e-08	0.00918263364583254	0.0007153384853154421	0.004311191709712147	0.008049630746245384	0.0006893604062497616	0.010374278761446476	0.008777910305053638	0.005658761860081541
G[T>A]T	0.00033815977221820506	0.0037908876766323376	0.004871499352157116	0.0035765204464667023	0.003659991918630112	0.008071475848555564	0.005768021654424161	0.0043880662880837916	0.008605852955952287	0.01088048186082915
G[T>C]A	0.00047243310254998507	0.004499384108947965	0.014978408161550761	0.007716700388118625	0.006518216431140899	0.008246011100709438	0.0095400620251894	0.012077632918953895	0.0020016727969050406	0.004854199127294123
G[T>C]C	0.0009121118928305805	2.1541059140872677e-07	0.004612341243773699	0.005934204068034887	0.014568417309783399	0.00874748700298369	0.005598894879221916	0.008206351968857462	0.00671724327839911	0.0008679536431827728
G[T>C]G	0.0005200655839871615	0.0011238514316488147	0.003465192345902324	0.005890713534184045	0.009546282514929772	0.001990966172888875	0.00275387468938213	0.004373359307646751	0.0019167627015747256	0.013773894493351691
G[T>C]T	0.00018040603026747704	0.0053088156506419185	0.014870044915005565	0.003972332738339901	0.006001038779663759	0.00897139790467918	0.008554491745047698	0.008996800146996975	0.014139480236917735	0.010035847872495651
G[T>G]A	0.0	0.006751447543501854	0.006835808744654059	0.003675389274755503	0.0013364929458475673	0.0012042691039823694	0.003803337621300784	0.006606206297874451	0.0013769049470283789	0.0073471803218126295
G[T>G]C	0.00026190634816884993	0.0009222968481486973	0.0032822765409946443	0.003731474349541486	0.002585953512368633	0.003224429162219167	0.006555418344214558	0.0015307064684975558	2.427403444471565e-07	0.0018168629001593217
G[T>G]G	0.0015313217649236322	0.004744017591796297	0.012102032080292702	0.007190893673066512	0.005644568520597204	0.006161772459745407	0.014206004980951547	0.011949839908629656	0.000575954606756568	2.0745916913256223e-07
G[T>G]T	0.0005808200570754707	0.011650108153276051	0.00438947519287467	0.0025306526571512223	0.0012293386533031025	0.00857241814956069	0.007750102202408016	0.016920971497893334	0.005696839839220047	2.3040130741946995e-06
T[C>A]A	0.025172650814056396	0.02155326511710882	0.007444598581387532	0.006138737499713898	0.013910510297864675	0.015809698775410653	0.01026950399391353	0.010274294810369611	0.023394763469696045	0.03983397856354713
T[C>A]C	0.013380013592541217	0.01049857162870467	0.02202519029378891	0.018884894158691167	0.0194464101921767	0.003041535662487149	0.027481845673173667	0.02166105471551418	0.002911222353577614	0.005089735426008701
T[C>A]G	0.0036290131974965334	0.0012421107850968838	0.002302871970459819	0.0008945940993726253	0.003959704656153917	0.0017804322298616171	0.0028715205378830435	0.0006612286437302828	0.007130828220397234	0.014878105372190475
T[C>A]T	0.009509944915771484	0.033654185757040975	0.02872288394719603	0.008880679262802005	0.018594090081751346	0.019304201193153857	0.019756438210606575	0.01533201839774847	0.01485251672565937	0.024179419875144957
T[C>G]A	0.13889542818069459	0.07460000440478325	0.010541786253570896	0.02237930307383391	5.737222381867473e-05	0.014191338792443275	0.07098805420100689	0.014652566239237785	0.01942246234975755	0.013898598775267602
T[C>G]C	0.03354024291038513	0.0401849340647459	0.018948409892618655	0.04117346182465553	0.013891499675810336	0.010831644386053085	0.015309824598367073	0.03833242072723806	0.007898320829372096	0.015302889443557
T[C>G]G	0.012764438055455685	0.0067712957039475444	0.004097444948274642	0.0028165200536022896	0.0017336623546952978	0.001520505620339918	0.005175107624381781	0.0065066365525126455	4.5855631469748914e-07	3.036719094851037e-07
T[C>G]T	0.18042852878570556	0.12348044216632843	0.021729409880936145	0.027872651256620883	0.02084645312279463	0.020002993196249007	0.08333527594804764	0.02055904921144247	0.009674387824998121	0.012049729377031327
T[C>T]A	0.22922489941120147	0.0724884495139122	0.003448878414928913	0.016598580917343498	0.011982549913227558	0.025238132383674384	0.09362311027944088	0.02838876862078905	0.03276175091645985	0.04436622681211331
T[C>T]C	0.0629540242254734	0.03178393486887217	0.016681279195472597	0.016300052963197233	0.028124282928183676	0.020713312178850175	0.04191469475626945	0.009566097054630518	0.02877711020410061	0.01933138892054558
T[C>T]G	0.0630730427801609	0.025634406274184583	0.01295862440019846	0.008836568426340818	0.03123541548848152	0.01626710590207949	0.013502755244235231	0.012330034747719765	0.017836212133988737	0.060730939731001854
T[C>T]T	0.10950629413127899	0.053917139768600464	0.01627355981618166	0.012425491027534008	0.018931445851922062	0.01716483235359296	0.05324219949543476	0.0363689586520195	0.01687525026500225	0.038147087395191195
T[T>A]A	0.0010558870737440885	0.0027148570865392686	0.001984921842814731	0.002247772365808487	0.015016943402588367	0.0143440798856318	0.002071995008736849	0.013043226767331361	0.017222450114786625	0.018903439074711058
T[T>A]C	0.00014524286380037665	1.5220947187088995e-07	0.009114144463092088	0.004986725976527851	0.002701587835326791	0.01629759054630995	0.0039067451009827895	0.0036590588304875383	0.02019018679857254	0.01193109443411231
T[T>A]G	0.0003079096612054855	0.0026538935489952564	0.005674481019377708	0.01522447457537055	0.008908563293516636	0.004385414153767897	0.00919392315548464	0.0001822499542072368	0.001137268759566723	0.010782955400645732
T[T>A]T	0.0003958742425311357	0.0063416397664695975	0.014628581330180168	0.004976785508290504	0.0025851273706848587	0.011652629915624857	0.007055733911693096	0.004347339831292629	0.0009847171436149437	0.005464867831119591
T[T>C]A	0.0	1.1995457782632003e-08	0.006006598592861678	0.004341885984922555	0.00486964434665355	0.015602512005716562	0.003982148513443917	0.004872524365782967	0.02595971558871497	0.005569570325314998
T[T>C]C	0.0001414479047525674	0.0012399407816246822	0.00512297719567556	0.01414316864684224	0.007044554967433214	0.006929037254303693	0.001175646111369133	0.011003406532108784	0.015189433563500642	0.01583994645625353
T[T>C]G	0.0005299990880303102	0.001392006040580318	0.0024809413489604998	0.007917666546067893	0.0044478369388798455	0.0006928084972877002	0.0034235226921737194	0.014144280645996331	0.0031433867290616034	0.0065953021869063376
T[T>C]T	0.00016218625846704527	0.0036111224559135734	0.006614163516331728	0.011676063481718301	0.007148124696686864	0.009301097132265568	0.006675880495458841	0.020179584994912146	0.027805347740650178	0.010670494753867388
T[T>G]A	0.00038495037879329177	3.068744029651183e-05	0.008092116191983223	0.013705072505399585	0.0059027421928021795	0.0027413757517933844	2.009616451914553e-07	0.013168611424043774	0.005705476714445013	0.0031738687169308834
T[T>G]C	0.00019561445052431736	0.0009759494648392319	0.0030250658630393444	0.005825433367863298	0.002492500146763632	0.0005065817800868899	0.001521551622664674	0.011351011365195517	0.003669717154107843	0.0019470049730216487
T[T>G]G	0.0	1.2655730188271264e-07	0.016268563643097877	0.004012686836808399	0.004284680731007029	0.0018315818157844887	0.004311284165873985	0.001587982205114713	0.009077487420290709	1.2098470620003355e-06
T[T>G]T	0.00032924120353432506	0.007572172512300313	0.009069509105756879	0.017223880025107975	0.009075692924670874	0.008227135101537896	0.0043851595937216105	0.0052052437327802185	0.007817467395216226	0.004430972575238457
