MutationType	DBS78A	DBS78B	DBS78C	DBS78D	DBS78E	DBS78F
AC>CA	0.00098672	0.00393216	0.00000521	0.01036519	0.00000378	0.03084145
AC>CG	0.00000079	0.00469793	0.00243465	0.00000213	0.00000379	0.00000577
AC>CT	0.00495477	0.01086013	0.00000116	0.00225304	0.00258330	0.00327341
AC>GA	0.02171812	0.00000076	0.00000076	0.00227209	0.01475661	0.00240002
AC>GG	0.00000163	0.00000178	0.00000176	0.00000262	0.00000477	0.00000592
AC>GT	0.00087849	0.00195490	0.00000132	0.00000455	0.00000585	0.00452544
AC>TA	0.00189507	0.03214414	0.00000072	0.02644006	0.00580160	0.00000265
AC>TG	0.00316196	0.00000150	0.00000137	0.00322887	0.00000437	0.00000501
AC>TT	0.00098837	0.00862094	0.00746708	0.00628117	0.00160383	0.01019487
AT>CA	0.00098886	0.01129865	0.00000085	0.00000114	0.01135328	0.00904466
AT>CC	0.00000163	0.00000178	0.00000176	0.00000262	0.00000477	0.00000592
AT>CG	0.00000163	0.00000178	0.00000176	0.00000262	0.00000477	0.00000592
AT>GA	0.00707300	0.00000115	0.00275564	0.00606183	0.00293065	0.00034620
AT>GC	0.00000163	0.00000178	0.00000176	0.00000262	0.00000477	0.00000592
AT>TA	0.00333229	0.00664583	0.00000097	0.00215268	0.00433503	0.00242741
CC>AA	0.25968922	0.13113711	0.01757525	0.06707051	0.18036087	0.05048962
CC>AG	0.02974193	0.04077251	0.01188347	0.07513362	0.00997310	0.01460088
CC>AT	0.11453062	0.02047251	0.02228181	0.07893360	0.01460976	0.02550471
CC>GA	0.01733115	0.04322302	0.00418600	0.05312813	0.01556890	0.02619953
CC>GG	0.00000268	0.01224034	0.00000119	0.00832639	0.00183929	0.00000412
CC>GT	0.00000143	0.00380793	0.04285072	0.00000190	0.01065314	0.13815965
CC>TA	0.01883012	0.00000060	0.05364286	0.01863786	0.00500788	0.00000433
CC>TG	0.00652609	0.00000121	0.00391616	0.00000153	0.00000314	0.00000417
CC>TT	0.00928000	0.01390435	0.27027415	0.05774530	0.00574043	0.01475494
CG>AT	0.00098934	0.00195679	0.00000131	0.00000205	0.00000404	0.00226550
CG>GC	0.00000163	0.00000178	0.00000176	0.00000262	0.00000477	0.00000592
CG>GT	0.00287521	0.00000115	0.00000105	0.00000193	0.01568724	0.00325826
CG>TA	0.00479303	0.00676271	0.00243726	0.00641178	0.00801947	0.00452815
CG>TC	0.00000163	0.00000178	0.00000176	0.00000262	0.00000477	0.00000592
CG>TT	0.00000163	0.00000178	0.00000176	0.00000262	0.00000477	0.00000592
CT>AA	0.02490030	0.00757198	0.02139534	0.02881735	0.02870742	0.00888264
CT>AC	0.00671403	0.00144156	0.00000106	0.00165567	0.00108903	0.00451401
CT>AG	0.00000027	0.03089025	0.00000092	0.04078168	0.01969849	0.00678381
CT>GA	0.00387568	0.01930560	0.00000079	0.00139381	0.00000216	0.00242751
CT>GC	0.00197297	0.00271490	0.00473276	0.00000108	0.00072975	0.00176420
CT>GG	0.00079772	0.00262145	0.00244470	0.00000237	0.00000307	0.00741852
CT>TA	0.01395096	0.00111106	0.09163739	0.02438517	0.00349433	0.00000551
CT>TC	0.00000018	0.00000073	0.00561229	0.00854839	0.01818575	0.02894335
CT>TG	0.00000092	0.02495466	0.00000084	0.00000070	0.00520928	0.01017763
GC>AA	0.06514260	0.02656778	0.02534301	0.03040687	0.07208117	0.02613173
GC>AG	0.04656182	0.00000031	0.02282108	0.03896543	0.01927851	0.01068525
GC>AT	0.00154673	0.00224011	0.00279361	0.02622679	0.01720277	0.02129185
GC>CA	0.00000042	0.01933985	0.00465051	0.00213797	0.00099821	0.02729091
GC>CG	0.00000163	0.00000178	0.00000176	0.00000262	0.00000477	0.00000592
GC>TA	0.00601127	0.00173700	0.00000114	0.00332342	0.01181374	0.00178974
TA>AT	0.00471034	0.00713389	0.00897858	0.01121542	0.01655596	0.02273551
TA>CG	0.00000093	0.01639796	0.00000084	0.00000210	0.00787588	0.00000622
TA>CT	0.00618356	0.02626821	0.00000022	0.01098568	0.00207472	0.04964552
TA>GC	0.00000163	0.00000178	0.00000176	0.00000262	0.00000477	0.00000592
TA>GG	0.00000143	0.00000169	0.00000156	0.00000236	0.00000421	0.00904628
TA>GT	0.01265759	0.00000184	0.00000105	0.00273810	0.00787756	0.00000499
TC>AA	0.04397528	0.15078012	0.00169342	0.05700904	0.11370240	0.11958186
TC>AG	0.00365119	0.01085508	0.04397484	0.04703933	0.01196042	0.00000558
TC>AT	0.05923973	0.00903741	0.18659624	0.02901015	0.04149067	0.03402040
TC>CA	0.02322890	0.04606029	0.00601624	0.01781203	0.02251107	0.01915298
TC>CG	0.00375900	0.00922949	0.00000141	0.00915170	0.00520066	0.01143477
TC>CT	0.02929664	0.02525629	0.04800163	0.01709004	0.00495575	0.00000121
TC>GA	0.01941085	0.02055336	0.00000080	0.01887531	0.02952532	0.00000357
TC>GG	0.00074946	0.00412740	0.00391400	0.00315869	0.00000328	0.00000429
TC>GT	0.00811261	0.00000135	0.00251669	0.00782161	0.01725572	0.02841623
TG>AA	0.00184831	0.01367627	0.00000074	0.00868757	0.00648827	0.00000362
TG>AC	0.00000146	0.00000143	0.00000141	0.00229677	0.00173006	0.00000558
TG>AT	0.02751936	0.02517459	0.00000009	0.01968220	0.00961894	0.04733062
TG>CA	0.00908924	0.00869051	0.00987559	0.02019539	0.08612746	0.01445311
TG>CC	0.00328110	0.00366948	0.01143680	0.00107652	0.00133638	0.00780452
TG>CT	0.04343709	0.06110836	0.00000028	0.05846385	0.07353294	0.04018916
TG>GA	0.00000119	0.00557773	0.00000140	0.00000223	0.00000397	0.00000544
TG>GC	0.00000067	0.01243339	0.00000062	0.00000240	0.00000292	0.00565856
TG>GT	0.00679894	0.01590438	0.02242474	0.00809294	0.00996184	0.00862867
TT>AA	0.00624402	0.01902160	0.00738814	0.00000034	0.00858370	0.04201668
TT>AC	0.00000108	0.01014646	0.00000125	0.00000217	0.00000371	0.00000510
TT>AG	0.00236410	0.00262139	0.00000102	0.01070076	0.00000333	0.02005629
TT>CA	0.00000109	0.00000146	0.00507473	0.00000208	0.00000377	0.00000538
TT>CC	0.00080309	0.00000082	0.01519549	0.00229595	0.00172880	0.00000370
TT>CG	0.00000106	0.00000148	0.00000100	0.00000182	0.01048198	0.00897534
TT>GA	0.00000163	0.00000178	0.00000176	0.00000262	0.00000477	0.00000592
TT>GC	0.00000076	0.00131120	0.00372390	0.00437717	0.00000323	0.00978706
TT>GG	0.00156846	0.00000175	0.00000126	0.00107800	0.00000439	0.00000517
