MutationType	SBS1	SBS2	SBS3	SBS5	SBS10b	SBS13	SBS15	SBS21	SBS26	SBS29	SBS31	SBS36	SBS42	SBS44	SBS54	SBS96	SBS96C	SBS96E	SBS96J	SBS96K
A[C>A]A	0.00088616	0.00000058	0.02080832	0.01199760	0.00018200	0.00181992	0.00094420	0.00015699	0.00087312	0.06320926	0.00953498	0.02519378	0.00116025	0.00000000	0.00216036	0.01143060	0.00066907	0.00201077	0.00506787	0.00787726
A[C>A]C	0.00228041	0.00014800	0.01650660	0.00943811	0.00653991	0.00072097	0.00049711	0.00235989	0.00052807	0.05120751	0.01849027	0.00831795	0.02060448	0.00015004	0.00079613	0.00777073	0.00459219	0.00104714	0.01301947	0.00519085
A[C>A]G	0.00017703	0.00005230	0.00175070	0.00184963	0.00005350	0.00026399	0.00004610	0.00029399	0.00011401	0.01920282	0.00165913	0.00223945	0.00003340	0.00000092	0.00164027	0.00199720	0.00205245	0.00041644	0.00752736	0.00520238
A[C>A]T	0.00128023	0.00009780	0.01220488	0.00660868	0.00001630	0.00034798	0.00111024	0.00062097	0.00061908	0.03560522	0.00627670	0.01789558	0.00797173	0.00578147	0.00041407	0.01180926	0.00701495	0.00048255	0.00780604	0.00004864
A[C>G]A	0.00186033	0.00000000	0.01970788	0.01009798	0.00030500	0.00386983	0.00011302	0.00001690	0.00042706	0.00314046	0.00831563	0.00183955	0.00040609	0.00318081	0.00155026	0.00929459	0.00911764	0.00108628	0.04403341	0.00365482
A[C>G]C	0.00122022	0.00013300	0.01170468	0.00569886	0.00013400	0.00095096	0.00026906	0.00071897	0.00037805	0.00263038	0.00315834	0.00166959	0.00050611	0.00023306	0.00049608	0.00253208	0.00325609	0.00295198	0.02631116	0.01027690
A[C>G]G	0.00011502	0.00001520	0.00025310	0.00171966	0.00000000	0.00026399	0.00003070	0.00000000	0.00006830	0.00089613	0.00299842	0.00049988	0.00001770	0.00003140	0.00170028	0.00162454	0.00069617	0.00121773	0.02377065	0.00117186
A[C>G]T	0.00114020	0.00009120	0.01740696	0.01009798	0.00000000	0.00399982	0.00032507	0.00006190	0.00072810	0.00249037	0.00377801	0.00190953	0.00043109	0.00329083	0.00518086	0.00637619	0.00314833	0.00209913	0.04003369	0.00382162
A[C>T]A	0.02500444	0.00006110	0.01420568	0.03259348	0.00054899	0.00717968	0.00505108	0.00216990	0.00266036	0.00509075	0.01769069	0.00595853	0.02240487	0.08992278	0.00148025	0.02248792	0.00042412	0.00520766	0.01345910	0.00910681
A[C>T]C	0.00632112	0.00138004	0.01240496	0.01789642	0.00524993	0.00000000	0.00691148	0.00391982	0.00254034	0.00431063	0.00927512	0.00327919	0.03980865	0.01690428	0.00052909	0.00381491	0.01815330	0.00395114	0.00783143	0.00818616
A[C>T]G	0.36506483	0.00003270	0.00257103	0.00617876	0.00041399	0.00030299	0.07451597	0.00739965	0.00533072	0.02010295	0.00758601	0.00706825	0.00044010	0.01430362	0.00034306	0.01618469	0.00218757	0.00355510	0.00102885	0.00062990
A[C>T]T	0.00958170	0.00186005	0.01210484	0.02199560	0.00792989	0.00031799	0.00178038	0.00004170	0.00279038	0.00183027	0.01009469	0.00430894	0.03520765	0.03030768	0.00499083	0.01979989	0.00371717	0.00737438	0.01436274	0.02357302
A[T>A]A	0.00080014	0.00009590	0.00549220	0.00737852	0.00181997	0.00000000	0.00204044	0.00345984	0.00152020	0.00061909	0.00785587	0.00243940	0.01330289	0.00478121	0.00095616	0.01103979	0.00264374	0.00168403	0.00399913	0.00100587
A[T>A]C	0.00223040	0.00087803	0.00721288	0.00692861	0.00033699	0.00006520	0.00084118	0.00564974	0.00352048	0.00200029	0.00606681	0.00142965	0.00401087	0.00260066	0.00319053	0.02883257	0.00197882	0.00131546	0.00265247	0.00766045
A[T>A]G	0.00114020	0.00002550	0.00964386	0.00911818	0.00002340	0.00058997	0.00054012	0.00024799	0.00062508	0.00248036	0.00502736	0.00252937	0.00501109	0.00000108	0.00423070	0.02630489	0.00456404	0.00637774	0.00170964	0.00064158
A[T>A]T	0.00018303	0.00000000	0.00611245	0.00619876	0.00284996	0.00060597	0.00954204	0.00159993	0.00307041	0.00196029	0.00415781	0.00306924	0.00685149	0.03080781	0.00030105	0.02294802	0.00286714	0.00438628	0.00117449	0.00154492
A[T>C]A	0.00109019	0.00006170	0.01650660	0.04619076	0.00934987	0.00190992	0.00389083	0.01669921	0.08481146	0.00196029	0.02038927	0.00524870	0.01160252	0.01930489	0.02920483	0.03187304	0.02208351	0.00450346	0.00030884	0.00054405
A[T>C]C	0.00304054	0.00002150	0.00776311	0.01339732	0.00050999	0.00014199	0.00196042	0.00999953	0.02610353	0.00229034	0.00739611	0.00168958	0.00351076	0.00324082	0.00775128	0.03962390	0.00361027	0.00168602	0.00591985	0.00060959
A[T>C]G	0.00010602	0.00001320	0.01230492	0.03819236	0.00053099	0.00042798	0.00024005	0.00387982	0.07851061	0.00275040	0.00811573	0.00383905	0.00856186	0.02720689	0.20203345	0.04095939	0.00179096	0.00009452	0.00217889	0.00102291
A[T>C]T	0.00574102	0.00015500	0.01730692	0.03829234	0.00015000	0.00095896	0.00092920	0.02559880	0.03720503	0.00115017	0.00846555	0.00511874	0.00270059	0.00026707	0.00783130	0.03224177	0.00695846	0.00317579	0.00429346	0.00350542
A[T>G]A	0.00017203	0.00023801	0.00395158	0.00385923	0.00003470	0.00006140	0.00046810	0.00039198	0.00292040	0.00040706	0.00367806	0.00108973	0.00120026	0.00000002	0.00003870	0.01367663	0.00056133	0.00231892	0.00194368	0.00281910
A[T>G]C	0.00020704	0.00007460	0.00260104	0.00259948	0.00005330	0.00000000	0.00041509	0.00043698	0.00253034	0.00081712	0.00247870	0.00062285	0.00040509	0.00003260	0.00158026	0.00639338	0.00236840	0.00068970	0.00345303	0.00093725
A[T>G]G	0.00026805	0.00000205	0.00630252	0.00793841	0.00052299	0.00008250	0.00018504	0.00018699	0.00229031	0.00042006	0.00401789	0.00093577	0.00063714	0.00000747	0.00115019	0.03132343	0.00019241	0.00130164	0.01115932	0.00285195
A[T>G]T	0.00011202	0.00000376	0.00397159	0.00482903	0.00000000	0.00031999	0.00363078	0.00006950	0.00593080	0.00081012	0.00078259	0.00098376	0.00091120	0.00142036	0.00034006	0.00860384	0.00187628	0.00012377	0.00337267	0.00204713
C[C>A]A	0.00031205	0.00020801	0.02250900	0.00742851	0.00052099	0.00139994	0.04180896	0.00000000	0.00141019	0.05420795	0.01069438	0.05578622	0.01160252	0.00002840	0.00006320	0.00926674	0.00378508	0.00017301	0.02602392	0.00749332
C[C>A]C	0.00179032	0.00009530	0.02531012	0.00613877	0.00317995	0.00096796	0.00505108	0.00259988	0.00151020	0.03690541	0.01159390	0.02019501	0.03280713	0.03030768	0.00257042	0.00265305	0.00566471	0.00258172	0.02194991	0.00550046
C[C>A]G	0.00009320	0.00000000	0.00251100	0.00345931	0.00008380	0.00000433	0.00006620	0.00197991	0.00036205	0.01480217	0.00032883	0.00709825	0.00188041	0.00374095	0.00593098	0.00144252	0.00046072	0.00241005	0.01137924	0.00222042
C[C>A]T	0.00000000	0.00042101	0.01540616	0.00648870	0.00832988	0.00000000	0.02870615	0.01909910	0.00714096	0.05190761	0.02788533	0.06048506	0.02110459	0.08672197	0.00553091	0.00259868	0.00158364	0.00932889	0.00423356	0.00385003
C[C>G]A	0.00002410	0.00000000	0.01930772	0.00695861	0.00002990	0.00560975	0.00008360	0.00001970	0.00036405	0.00329048	0.00204892	0.00123969	0.00426093	0.00005360	0.00113019	0.00235307	0.01052364	0.00234536	0.03063069	0.00380617
C[C>G]C	0.00007680	0.00035101	0.01410564	0.00906819	0.00000000	0.00064797	0.00001700	0.00027299	0.00032204	0.00634093	0.00185902	0.00136966	0.00662144	0.00002490	0.00088315	0.00097230	0.00089871	0.00699323	0.03014059	0.00658726
C[C>G]G	0.00035206	0.00004870	0.00150060	0.00248950	0.00000000	0.00048798	0.00005020	0.00001010	0.00004170	0.00130019	0.00085355	0.00041890	0.00047010	0.00000000	0.00043407	0.00128017	0.00000001	0.00065631	0.03238191	0.00459005
C[C>G]T	0.00000000	0.00006360	0.02230892	0.00952809	0.00000000	0.00639972	0.00008450	0.00017299	0.00062508	0.00669098	0.00341820	0.00208948	0.00684149	0.00008640	0.00133022	0.00153277	0.00607603	0.00114425	0.07467552	0.00331084
C[C>T]A	0.00200036	0.00432013	0.01610644	0.01939612	0.00015100	0.00001930	0.01080231	0.00134994	0.00169023	0.00761111	0.04117834	0.00674833	0.01870407	0.00357090	0.00337056	0.00476202	0.00926361	0.03379651	0.00400520	0.04619881
C[C>T]C	0.00027005	0.00017001	0.02020808	0.01899620	0.00008440	0.00134994	0.01110238	0.00515976	0.00283038	0.00164024	0.16391378	0.00667835	0.04811046	0.00286073	0.00022604	0.00231786	0.00555330	0.00532460	0.00499716	0.01519121
C[C>T]G	0.19603481	0.00277008	0.00224090	0.01749650	0.00369995	0.00198991	0.02480532	0.00621971	0.00334045	0.01530224	0.00819569	0.00532868	0.00192042	0.01550393	0.02830468	0.00676975	0.01002974	0.00925747	0.00444063	0.02483547
C[C>T]T	0.00019604	0.00145004	0.02300920	0.02309538	0.00059499	0.00144994	0.01560334	0.00032499	0.00165022	0.00067310	0.14492377	0.00574858	0.03290716	0.00504128	0.00371061	0.00686030	0.01428297	0.01214852	0.01561252	0.01120519
C[T>A]A	0.00004300	0.00024301	0.00794318	0.00353929	0.00007090	0.00020899	0.00034807	0.00000619	0.00094413	0.00195029	0.02058917	0.00125969	0.01260274	0.00001240	0.00000000	0.00943043	0.00040458	0.00239922	0.00572683	0.00028084
C[T>A]C	0.00039307	0.00024401	0.01780712	0.00518896	0.00010600	0.00034198	0.00024405	0.00068797	0.00145020	0.00141021	0.02108891	0.00145964	0.00172037	0.00325082	0.00073212	0.03702058	0.00103486	0.00477104	0.02259296	0.00170820
C[T>A]G	0.00032406	0.00014900	0.01320528	0.00500900	0.00000000	0.00022599	0.00008200	0.00012499	0.00114015	0.00198029	0.01869017	0.00213947	0.01490324	0.00058215	0.00192032	0.02366919	0.00050166	0.00010576	0.02653384	0.00135253
C[T>A]T	0.00026005	0.00000000	0.01270508	0.00429914	0.00023400	0.00052298	0.00105022	0.00000000	0.00064209	0.00198029	0.03098370	0.00195952	0.00757165	0.00001380	0.00006660	0.02726031	0.00013769	0.00285715	0.01846918	0.00389259
C[T>C]A	0.00000000	0.00030201	0.00883353	0.01329734	0.00131998	0.00004740	0.00075016	0.01149946	0.05200703	0.00118017	0.00814571	0.00149963	0.00354077	0.01460370	0.01140189	0.00177160	0.00014190	0.00048924	0.00161736	0.00139899
C[T>C]C	0.00250044	0.00002850	0.01450580	0.01039792	0.00012400	0.00012200	0.00215046	0.00281987	0.03120422	0.00184027	0.00990479	0.00187954	0.00313068	0.00320081	0.01700282	0.05368971	0.00008586	0.00419564	0.00601696	0.00631168
C[T>C]G	0.00036006	0.00000000	0.01010404	0.02079584	0.00002530	0.00000000	0.00139030	0.01439932	0.07871064	0.00391057	0.00445765	0.00184954	0.00356077	0.03380857	0.19303196	0.00724403	0.00152829	0.00000055	0.00316084	0.00000332
C[T>C]T	0.00004260	0.00018600	0.01580632	0.01489702	0.00081499	0.00011200	0.00175037	0.02169898	0.05550750	0.00178026	0.01379275	0.00215947	0.00324070	0.00771195	0.02690445	0.00259832	0.00478325	0.00086954	0.00793089	0.00896431
C[T>G]A	0.00003550	0.00015300	0.00437175	0.00258948	0.00022700	0.00004140	0.00020604	0.00000435	0.00142019	0.00078111	0.00196896	0.00047788	0.00087019	0.00023406	0.00436072	0.00558090	0.00061204	0.00103596	0.00428228	0.00021028
C[T>G]C	0.00021204	0.00015500	0.00704282	0.00460908	0.00114998	0.00000282	0.00015703	0.00005440	0.00494067	0.00000569	0.00142925	0.00056586	0.00075316	0.00253064	0.01890313	0.00638533	0.00336995	0.00358724	0.00293356	0.00120698
C[T>G]G	0.00012802	0.00012100	0.01070428	0.00612877	0.00047899	0.00000000	0.00027206	0.00002010	0.00556075	0.00033205	0.00149921	0.00088678	0.00568123	0.00347088	0.02210366	0.02863697	0.00361872	0.00324744	0.02589005	0.00206747
C[T>G]T	0.00017103	0.00020301	0.00703281	0.00729854	0.00522993	0.00005550	0.00249053	0.00018499	0.00780105	0.00076711	0.00094850	0.00106974	0.00348076	0.00038410	0.00088615	0.00260663	0.00111998	0.00072846	0.01518515	0.00143567
G[C>A]A	0.00158028	0.00008620	0.00713285	0.01019796	0.00073099	0.00094896	0.00229049	0.00213990	0.00049607	0.09711423	0.01309311	0.06768328	0.00771168	0.00000000	0.00519086	0.00606669	0.00652245	0.00552386	0.01046968	0.00783376
G[C>A]C	0.00033906	0.00000000	0.01090436	0.00764847	0.00254996	0.00045098	0.00249053	0.00706967	0.00066609	0.09031324	0.02148870	0.01919526	0.02680583	0.00467118	0.00913151	0.00415612	0.00275498	0.00283843	0.01307441	0.00811154
G[C>A]G	0.00058710	0.00001390	0.00143057	0.00233953	0.00008520	0.00016399	0.00040409	0.00168992	0.00012902	0.02300337	0.00097149	0.00482881	0.00106023	0.00060515	0.00564093	0.00067586	0.00069177	0.00007916	0.00074022	0.00549068
G[C>A]T	0.00000000	0.00005120	0.01000400	0.00681864	0.00279996	0.00006150	0.01820390	0.00889958	0.00081711	0.08461240	0.00350816	0.06898296	0.01810394	0.01130286	0.00673111	0.00130170	0.01300991	0.00231188	0.01256861	0.00818465
G[C>G]A	0.00000959	0.00006540	0.01270508	0.00467906	0.00001720	0.00149993	0.00099421	0.00038798	0.00039505	0.00227033	0.00182904	0.00088578	0.00240052	0.00021906	0.00219036	0.00217751	0.00433396	0.00035699	0.02249327	0.00288283
G[C>G]C	0.00016403	0.00026101	0.00863345	0.00507898	0.00013600	0.00047898	0.00060813	0.00141993	0.00057908	0.00164024	0.00750605	0.00107973	0.00142031	0.00119030	0.00022004	0.00164092	0.00048201	0.00558956	0.01797753	0.00311792
G[C>G]G	0.00016603	0.00000000	0.00242097	0.00150970	0.00000000	0.00024099	0.00001010	0.00011700	0.00007380	0.00000688	0.00045676	0.00017196	0.00022305	0.00000000	0.00159026	0.00195058	0.00170622	0.00057130	0.00958749	0.00170564
G[C>G]T	0.00000000	0.00013400	0.01470588	0.00671866	0.00011300	0.00269988	0.00045110	0.00020699	0.00030504	0.00321047	0.00335823	0.00104974	0.00277060	0.00185047	0.00494082	0.00129635	0.00186633	0.00271868	0.04791745	0.00616330
G[C>T]A	0.00444079	0.00000000	0.01640656	0.01939612	0.00036300	0.00717968	0.07371579	0.00931956	0.00275037	0.01040152	0.00679643	0.00371908	0.03360731	0.09552420	0.00022204	0.00496062	0.01824173	0.00431997	0.00526946	0.03083022
G[C>T]C	0.00009280	0.00000013	0.01340536	0.02159568	0.01509979	0.00092096	0.12902764	0.01959908	0.00545074	0.00796117	0.01139401	0.00339916	0.15203306	0.08142063	0.01310217	0.00256818	0.00242858	0.00443967	0.00531235	0.00413254
G[C>T]G	0.21803872	0.00000000	0.00052821	0.01229754	0.01259982	0.00017799	0.27705936	0.00004340	0.00668090	0.01830268	0.00196896	0.00569859	0.00455099	0.04961257	0.01910316	0.01011153	0.00631506	0.00040289	0.00405770	0.00578962
G[C>T]T	0.00003840	0.00005040	0.01130452	0.01859628	0.03189955	0.00126994	0.07721654	0.00804962	0.00498067	0.00512075	0.00569700	0.00362910	0.08651881	0.06661688	0.00024804	0.00173468	0.00117937	0.00509559	0.00967543	0.00627215
G[T>A]A	0.00008120	0.00000000	0.00706283	0.00366927	0.00000000	0.00000670	0.00051111	0.00116994	0.00078311	0.00343050	0.00189900	0.00087978	0.01200261	0.00116029	0.00233039	0.00246188	0.00033755	0.00101367	0.00391781	0.00273464
G[T>A]C	0.00012902	0.00013100	0.00748299	0.00290942	0.00012300	0.00012999	0.00058913	0.00325985	0.00115015	0.00078912	0.00290847	0.00063084	0.00184040	0.00236060	0.00899149	0.00728602	0.00374307	0.00291143	0.00740590	0.00035992
G[T>A]G	0.00024604	0.00006380	0.01160464	0.00410918	0.00000000	0.00004700	0.00018704	0.00074197	0.00060808	0.00366054	0.00576697	0.00116971	0.00777169	0.00221056	0.00264044	0.00854887	0.00195478	0.00050397	0.01585365	0.00039848
G[T>A]T	0.00025805	0.00006280	0.01230492	0.00321936	0.00010800	0.00035798	0.00084018	0.00093696	0.00083411	0.00107016	0.00078858	0.00111972	0.00325071	0.00318081	0.00185031	0.00527822	0.00569114	0.00169450	0.00339362	0.00366076
G[T>C]A	0.00105019	0.00000000	0.00998399	0.01409718	0.01469979	0.00028699	0.01290276	0.22298952	0.08351129	0.00108016	0.00452762	0.00233942	0.00582127	0.02700684	0.01140189	0.00201206	0.00004806	0.00005219	0.00000055	0.00000038
G[T>C]C	0.00190034	0.00002740	0.00564226	0.00793841	0.00532993	0.00018199	0.01160249	0.06629688	0.02480335	0.00359053	0.00656655	0.00139965	0.00331072	0.00116029	0.00443073	0.01348124	0.00104522	0.00000458	0.00463060	0.00075613
G[T>C]G	0.00117021	0.00010700	0.01090436	0.01499700	0.00137998	0.00019499	0.00595127	0.11699450	0.07120962	0.00299044	0.00512730	0.00183955	0.00321070	0.01730438	0.12102003	0.00425535	0.00025869	0.00379276	0.00005650	0.00002620
G[T>C]T	0.00007130	0.00001250	0.01020408	0.01369726	0.01149984	0.00000000	0.00586126	0.13299375	0.05520746	0.00155023	0.00468753	0.00264935	0.00239052	0.01110281	0.00541090	0.00390868	0.00060563	0.00134392	0.00180532	0.01265304
G[T>G]A	0.00000000	0.00020901	0.00442177	0.00251950	0.00048099	0.00008770	0.00020304	0.00028599	0.00137018	0.00004490	0.00030384	0.00018495	0.00114025	0.00000000	0.00017003	0.00529110	0.00170308	0.00011553	0.00404651	0.00163926
G[T>G]C	0.00000000	0.00013300	0.00234094	0.00170966	0.00094199	0.00000000	0.00058012	0.00053297	0.00121016	0.00009170	0.00087154	0.00031292	0.00007050	0.00001830	0.00153025	0.00335324	0.00059081	0.00066195	0.00524963	0.00084154
G[T>G]G	0.00034806	0.00003710	0.01090436	0.00529894	0.00172998	0.00042598	0.00034707	0.00021299	0.00235032	0.00077011	0.00254866	0.00152962	0.00041009	0.00010303	0.00000000	0.02141329	0.00000025	0.00105896	0.01915074	0.00107335
G[T>G]T	0.00001460	0.00000000	0.00583233	0.00234953	0.00515993	0.00000289	0.00139030	0.00258988	0.00605082	0.00115017	0.00280852	0.00048888	0.00092020	0.00280071	0.00001210	0.00126852	0.00080140	0.00226692	0.00258541	0.00018720
T[C>A]A	0.00006580	0.00063902	0.00841337	0.00785843	0.00044599	0.07899652	0.01720368	0.00145993	0.00093813	0.04520663	0.00185902	0.14096518	0.00510111	0.00085322	0.00066911	0.00789756	0.04872713	0.02638175	0.00507596	0.01748944
T[C>A]C	0.00253045	0.00017001	0.01680672	0.00916817	0.00379995	0.02939870	0.00581124	0.00023599	0.00063008	0.04110602	0.00937507	0.07718094	0.05401174	0.00222056	0.00004050	0.00297069	0.02304769	0.01497507	0.01869830	0.06369291
T[C>A]G	0.00000000	0.00008530	0.00141056	0.00229954	0.00057299	0.01209947	0.00007690	0.00006830	0.00012302	0.01740255	0.00095450	0.01469637	0.00090420	0.00000032	0.00082814	0.00020054	0.00256114	0.00998952	0.00040322	0.01993556
T[C>A]T	0.00000588	0.00044001	0.00997399	0.01269746	0.08159886	0.03549844	0.00805172	0.00000000	0.00140019	0.04110602	0.00448764	0.20794864	0.02730594	0.01660421	0.00720119	0.00960611	0.01543760	0.01395389	0.00334733	0.03503407
T[C>G]A	0.00000000	0.00000000	0.01330532	0.00780844	0.00000000	0.31698603	0.00021405	0.00065397	0.00131018	0.00010702	0.00039579	0.00397902	0.00055912	0.00067317	0.00469078	0.00154858	0.45420873	0.00075661	0.00000161	0.00253912
T[C>G]C	0.00020304	0.00009870	0.02030812	0.00759848	0.00000000	0.06349720	0.00006120	0.00063097	0.00074510	0.00683100	0.00291846	0.00240940	0.00187041	0.00000940	0.00051709	0.00125301	0.04978564	0.02016483	0.01543220	0.03358010
T[C>G]G	0.00006940	0.00004120	0.00052021	0.00170966	0.00000000	0.01379939	0.00005840	0.00006270	0.00009410	0.00089713	0.00041578	0.00030192	0.00020704	0.00000000	0.00123020	0.00059808	0.04398096	0.00176138	0.01580242	0.00045887
T[C>G]T	0.00156028	0.00118003	0.02350940	0.01249750	0.00004340	0.36898374	0.00017404	0.00068697	0.00221030	0.00033605	0.00423777	0.00758813	0.00038108	0.00259066	0.00031105	0.00393070	0.04228582	0.00029818	0.00071658	0.00138737
T[C>T]A	0.00111020	0.53601551	0.00576230	0.02029594	0.00272996	0.00692969	0.02650568	0.00359983	0.00329044	0.00639094	0.00747607	0.01069736	0.00482105	0.00140036	0.00000000	0.00711978	0.00207411	0.00200901	0.00000294	0.00170733
T[C>T]C	0.00003730	0.09730282	0.01330532	0.02299540	0.04849932	0.00447980	0.00956205	0.00008070	0.00253034	0.00000000	0.02458707	0.00685831	0.03270711	0.00225057	0.00066111	0.00284525	0.01420518	0.06327628	0.00440586	0.35914719
T[C>T]G	0.11001954	0.04420128	0.00098940	0.01589682	0.43699388	0.00118995	0.02120454	0.00031698	0.00263036	0.01440211	0.00840558	0.00388904	0.00036408	0.00000000	0.00000000	0.00417231	0.00363820	0.06097249	0.00009652	0.02786501
T[C>T]T	0.00000000	0.30000868	0.00817327	0.02099580	0.12799821	0.00141994	0.00174037	0.00007310	0.00213029	0.00428063	0.01948975	0.00832794	0.01510328	0.00302076	0.00023604	0.01106841	0.00325089	0.53869831	0.00000351	0.02601007
T[T>A]A	0.00672119	0.00042201	0.00651261	0.00630874	0.00305996	0.00029599	0.00109023	0.00025699	0.00113015	0.00076411	0.00669648	0.00245939	0.00850185	0.00696176	0.00155026	0.01170839	0.00327758	0.00004887	0.00158339	0.00128730
T[T>A]C	0.00000000	0.00019201	0.01050420	0.00413917	0.00066499	0.00023199	0.00015703	0.00079496	0.00126017	0.00193028	0.00374803	0.00101975	0.00226049	0.00002070	0.00017903	0.02058293	0.00371730	0.00220250	0.00295564	0.00241475
T[T>A]G	0.00002800	0.00005010	0.00671269	0.00478904	0.00007060	0.00018799	0.00014903	0.00009850	0.00027804	0.00092413	0.00326828	0.00087179	0.00533116	0.00000502	0.00032905	0.00770872	0.00021388	0.00163345	0.00942947	0.00168545
T[T>A]T	0.00225040	0.00020501	0.01300520	0.00874825	0.00151998	0.00006200	0.00047510	0.00007640	0.00131018	0.00120018	0.00887533	0.00269933	0.00352076	0.01390352	0.00000000	0.03781271	0.00052245	0.00184734	0.00505165	0.00030343
T[T>C]A	0.00025505	0.00000000	0.01520608	0.01799640	0.00885988	0.00002210	0.00342073	0.08419604	0.04230572	0.00259038	0.00458759	0.00296927	0.00682148	0.01990504	0.00473078	0.00190157	0.00635650	0.00166485	0.00297573	0.00333704
T[T>C]C	0.00339060	0.00004350	0.00899360	0.00970806	0.00008100	0.00002490	0.00592127	0.05479743	0.03140424	0.00150022	0.01029459	0.00227944	0.00303066	0.01050266	0.00819136	0.02541212	0.00130628	0.01108237	0.00839548	0.00645932
T[T>C]G	0.00041607	0.00011700	0.00693277	0.01269746	0.00066799	0.00009980	0.00132028	0.02759870	0.03030409	0.00037906	0.00400789	0.00137966	0.00341074	0.01910484	0.08841464	0.00368326	0.00104323	0.00488783	0.00077826	0.00033660
T[T>C]T	0.00433077	0.00003580	0.01390556	0.01849630	0.00002510	0.00053098	0.00135029	0.04069809	0.05740776	0.00082212	0.01209364	0.00279931	0.00236051	0.03710940	0.01250207	0.01056087	0.00699204	0.00027987	0.00270815	0.00169156
T[T>G]A	0.00000000	0.00001670	0.00725290	0.00521896	0.01129984	0.00018399	0.00023105	0.00046498	0.00143019	0.00046707	0.00224882	0.00078781	0.00115025	0.00000000	0.00003240	0.00634353	0.00007397	0.00105888	0.00701342	0.00029117
T[T>G]C	0.00005510	0.00007040	0.00628251	0.00655869	0.00554992	0.00000000	0.00029406	0.00037898	0.00172023	0.00009930	0.00237875	0.00074382	0.00027406	0.00000000	0.00070612	0.00648360	0.00241892	0.00090865	0.00347751	0.00276575
T[T>G]G	0.00058310	0.00009540	0.00805322	0.00693861	0.00275996	0.00003670	0.00014803	0.00013099	0.00284038	0.00018003	0.00534719	0.00090178	0.00293064	0.00091723	0.00769127	0.02612606	0.00051833	0.00076955	0.00991920	0.00250488
T[T>G]T	0.00000000	0.00000000	0.01050420	0.01349730	0.09089873	0.00001890	0.00599128	0.00000000	0.00945128	0.00092814	0.00729616	0.00180955	0.00174038	0.00900228	0.00049908	0.01361949	0.00205902	0.00120542	0.00725782	0.00567740
