MutationType	DBS78A	DBS78B	DBS78C	DBS78D	DBS78E	DBS78F	DBS78G	DBS78H	DBS78I	DBS78J	DBS78K
AC>CA	0.01121769	0.00388825	0.00120732	0.00343430	0.00787802	0.00004791	0.00496935	0.01306190	0.00736262	0.00227529	0.00426312
AC>CG	0.00007057	0.00006844	0.00007625	0.00007417	0.00006771	0.00006286	0.00006852	0.00006430	0.00007861	0.00007465	0.00007350
AC>CT	0.00007057	0.00006844	0.00007625	0.00007417	0.00006771	0.00006286	0.00006852	0.00006430	0.00007861	0.00007465	0.00007350
AC>GA	0.13564032	0.00478517	0.00767097	0.00372880	0.00836685	0.00002595	0.00154753	0.00477697	0.00852118	0.00713671	0.00003907
AC>GG	0.00007057	0.00006844	0.00007625	0.00007417	0.00006771	0.00006286	0.00006852	0.00006430	0.00007861	0.00007465	0.00007350
AC>GT	0.00007057	0.00006844	0.00007625	0.00007417	0.00006771	0.00006286	0.00006852	0.00006430	0.00007861	0.00007465	0.00007350
AC>TA	0.02661756	0.02581475	0.00336271	0.01312358	0.01280982	0.00318986	0.03535846	0.00455646	0.00437528	0.00447927	0.04844030
AC>TG	0.00585939	0.00974371	0.00006343	0.00117099	0.00950442	0.00004950	0.01235063	0.00144632	0.01327964	0.00103959	0.00261588
AC>TT	0.00007057	0.00006844	0.00007625	0.00007417	0.00006771	0.00006286	0.00006852	0.00006430	0.00007861	0.00007465	0.00007350
AT>CA	0.00007057	0.00006844	0.00007625	0.00007417	0.00006771	0.00006286	0.00006852	0.00006430	0.00007861	0.00007465	0.00007350
AT>CC	0.00718457	0.00999233	0.00005956	0.00005838	0.01251553	0.00100016	0.01672136	0.00420531	0.01019897	0.00355181	0.00387701
AT>CG	0.00007057	0.00006844	0.00007625	0.00007417	0.00006771	0.00006286	0.00006852	0.00006430	0.00007861	0.00007465	0.00007350
AT>GA	0.01322782	0.00928048	0.00303309	0.00281800	0.00307451	0.00274988	0.00445786	0.00149672	0.00472936	0.00717839	0.00423004
AT>GC	0.00007057	0.00006844	0.00007625	0.00007417	0.00006771	0.00006286	0.00006852	0.00006430	0.00007861	0.00007465	0.00007350
AT>TA	0.01512726	0.00841765	0.00579278	0.00005702	0.00890846	0.00004323	0.00354513	0.01341291	0.01196276	0.01584580	0.00419964
CC>AA	0.00002227	0.00002353	0.00002064	0.67166985	0.00001700	0.00000934	0.00002702	0.00001794	0.00002327	0.00001853	0.00001874
CC>AG	0.00002571	0.00002533	0.00960998	0.01078435	0.00002891	0.02268992	0.47942835	0.00002043	0.00002576	0.01270963	0.01278362
CC>AT	0.01890294	0.16277435	0.00002599	0.01170439	0.03443583	0.01773190	0.00003428	0.00555181	0.00003041	0.01873724	0.01290642
CC>GA	0.01174306	0.02323457	0.00847031	0.00899663	0.01739323	0.00002527	0.00003992	0.03703472	0.05702585	0.00753673	0.03233062
CC>GG	0.00007057	0.00006844	0.00007625	0.00007417	0.00006771	0.00006286	0.00006852	0.00006430	0.00007861	0.00007465	0.00007350
CC>GT	0.01886951	0.03833533	0.00866020	0.00997732	0.00004384	0.00870832	0.02364977	0.01798222	0.01151057	0.00981109	0.00861327
CC>TA	0.06397622	0.03004564	0.01334115	0.00753274	0.02279518	0.03046318	0.02023876	0.01713587	0.01903587	0.01760292	0.04025706
CC>TG	0.01545275	0.00745796	0.00614440	0.00432325	0.03089647	0.01319903	0.00794831	0.00293201	0.01781343	0.00189565	0.00395837
CC>TT	0.00002664	0.00001980	0.00981815	0.01060407	0.00002801	0.01210719	0.00001887	0.00002376	0.00002528	0.01476953	0.48271435
CG>AT	0.01135974	0.00288712	0.00286961	0.00358519	0.00323181	0.00314372	0.00156824	0.00419497	0.00524881	0.00393081	0.00675695
CG>GC	0.00007057	0.00006844	0.00007625	0.00007417	0.00006771	0.00006286	0.00006852	0.00006430	0.00007861	0.00007465	0.00007350
CG>GT	0.00007057	0.00006844	0.00007625	0.00007417	0.00006771	0.00006286	0.00006852	0.00006430	0.00007861	0.00007465	0.00007350
CG>TA	0.00172104	0.00804721	0.00006208	0.00006240	0.01152278	0.00374205	0.01046845	0.00138156	0.00758997	0.00498092	0.00822298
CG>TC	0.02434872	0.02171157	0.01186347	0.00004535	0.03177033	0.00358895	0.02052658	0.00917859	0.00668609	0.00004554	0.02468907
CG>TT	0.03956461	0.01341118	0.00084312	0.00004826	0.01848743	0.01814136	0.00419221	0.02760335	0.00726880	0.02189112	0.00004457
CT>AA	0.00007057	0.00006844	0.00007625	0.00007417	0.00006771	0.00006286	0.00006852	0.00006430	0.00007861	0.00007465	0.00007350
CT>AC	0.00006119	0.00328175	0.00283313	0.00366492	0.00735469	0.00582288	0.00308204	0.00634798	0.00262350	0.00879758	0.00877115
CT>AG	0.03407103	0.00003234	0.00406120	0.00547416	0.04103014	0.01096244	0.00956345	0.01282851	0.03305091	0.01426466	0.00846704
CT>GA	0.03989001	0.00395626	0.00587183	0.00156003	0.00861847	0.00003431	0.00933010	0.01472574	0.02229781	0.01843453	0.01123919
CT>GC	0.00007057	0.00006844	0.00007625	0.00007417	0.00006771	0.00006286	0.00006852	0.00006430	0.00007861	0.00007465	0.00007350
CT>GG	0.09095966	0.00997803	0.00612498	0.00741473	0.00589747	0.00455038	0.01479244	0.01408818	0.01528621	0.00004133	0.01063442
CT>TA	0.02775740	0.04811599	0.00386838	0.00797302	0.01433495	0.01228031	0.02931058	0.01040407	0.02700832	0.01737708	0.00371615
CT>TC	0.00861754	0.00277297	0.00288599	0.00113662	0.00482891	0.00219844	0.00405579	0.00457114	0.01084085	0.00346876	0.01004201
CT>TG	0.01331235	0.10553821	0.00707372	0.00003394	0.01882849	0.00764405	0.02349089	0.00002515	0.02318604	0.01270404	0.00394302
GC>AA	0.00003848	0.00002163	0.76387674	0.00001791	0.00002405	0.00001085	0.00002647	0.00002014	0.00003152	0.00002552	0.00002026
GC>AG	0.02855024	0.01379398	0.00002675	0.00371597	0.01105763	0.01324485	0.01209419	0.03126002	0.05738609	0.01861268	0.03806234
GC>AT	0.00003218	0.00002594	0.01158224	0.00706061	0.21342277	0.00001215	0.01415497	0.00713895	0.07300816	0.00693755	0.01107469
GC>CA	0.00639180	0.03819676	0.00196406	0.00432122	0.00004170	0.00872957	0.00003833	0.09972671	0.00143209	0.00446884	0.01647352
GC>CG	0.00007057	0.00006844	0.00007625	0.00007417	0.00006771	0.00006286	0.00006852	0.00006430	0.00007861	0.00007465	0.00007350
GC>TA	0.01067706	0.01966160	0.00005825	0.00465023	0.00919359	0.00078464	0.00644935	0.01119051	0.01766281	0.00171206	0.00005613
TA>AT	0.01204463	0.04209994	0.00768470	0.00111912	0.00893557	0.00762675	0.00674943	0.01168409	0.00005234	0.01786422	0.01057936
TA>CG	0.00007057	0.00006844	0.00007625	0.00007417	0.00006771	0.00006286	0.00006852	0.00006430	0.00007861	0.00007465	0.00007350
TA>CT	0.01252179	0.02434349	0.00272785	0.00932173	0.04336628	0.00435534	0.00713564	0.02371619	0.01663963	0.03043990	0.00968227
TA>GC	0.00007057	0.00006844	0.00007625	0.00007417	0.00006771	0.00006286	0.00006852	0.00006430	0.00007861	0.00007465	0.00007350
TA>GG	0.00007057	0.00006844	0.00007625	0.00007417	0.00006771	0.00006286	0.00006852	0.00006430	0.00007861	0.00007465	0.00007350
TA>GT	0.00007057	0.00006844	0.00007625	0.00007417	0.00006771	0.00006286	0.00006852	0.00006430	0.00007861	0.00007465	0.00007350
TC>AA	0.00002873	0.00001909	0.01825328	0.00977628	0.00002156	0.00000825	0.00002556	0.00001669	0.00002778	0.53571569	0.00001752
TC>AG	0.00002298	0.00003027	0.00001367	0.03032078	0.00002473	0.01619036	0.01330095	0.34470621	0.00002494	0.01330046	0.01164415
TC>AT	0.00003270	0.00002807	0.01181644	0.01423333	0.00003001	0.62189953	0.00001983	0.00006735	0.00002330	0.00001881	0.00002346
TC>CA	0.01911224	0.03065851	0.00686182	0.01265072	0.01127271	0.01096045	0.02426701	0.00556591	0.01369312	0.00834621	0.00004269
TC>CG	0.02825174	0.05655146	0.00004233	0.00478044	0.04251813	0.00461025	0.00606855	0.01453443	0.02287978	0.00535753	0.01433752
TC>CT	0.04340495	0.01121593	0.00372365	0.01640498	0.02746700	0.02842537	0.02057394	0.00606579	0.02328150	0.02417697	0.02442166
TC>GA	0.00002530	0.00863144	0.00001520	0.02499065	0.00002047	0.00700554	0.00002123	0.01359827	0.31881418	0.02421223	0.00685110
TC>GG	0.03720579	0.00885582	0.00384162	0.00664502	0.01105661	0.00305179	0.01443750	0.00973525	0.01374310	0.00586826	0.00004887
TC>GT	0.01815448	0.02138590	0.00003741	0.00674052	0.03618275	0.03373825	0.01604071	0.04057764	0.01191553	0.00004226	0.01025757
TG>AA	0.01828642	0.04406837	0.01018662	0.01186148	0.00556913	0.00002506	0.02212355	0.03480933	0.02679519	0.01525824	0.02013792
TG>AC	0.00007057	0.00006844	0.00007625	0.00007417	0.00006771	0.00006286	0.00006852	0.00006430	0.00007861	0.00007465	0.00007350
TG>AT	0.08131989	0.03042322	0.00002765	0.00003142	0.06838000	0.02367472	0.01405307	0.00757305	0.00933292	0.02678765	0.00521683
TG>CA	0.00828020	0.00550612	0.00120619	0.00487881	0.00492069	0.00004777	0.00755082	0.00676208	0.01105367	0.00138793	0.00330128
TG>CC	0.00006236	0.00005942	0.00101471	0.00393948	0.01301930	0.00005200	0.00541625	0.00610617	0.00151209	0.00747233	0.00006429
TG>CT	0.00004390	0.00004282	0.00951468	0.01199018	0.13215005	0.00454172	0.02884870	0.01105351	0.00899619	0.00004230	0.00004747
TG>GA	0.00006162	0.00308126	0.00409507	0.00006484	0.00448294	0.00005219	0.00553798	0.01173335	0.01192706	0.00422391	0.00676342
TG>GC	0.00007057	0.00006844	0.00007625	0.00007417	0.00006771	0.00006286	0.00006852	0.00006430	0.00007861	0.00007465	0.00007350
TG>GT	0.01004723	0.05340840	0.00691616	0.00848921	0.00529494	0.00233247	0.00004741	0.01792359	0.00427055	0.00005516	0.00004916
TT>AA	0.00007057	0.00006844	0.00007625	0.00007417	0.00006771	0.00006286	0.00006852	0.00006430	0.00007861	0.00007465	0.00007350
TT>AC	0.01282277	0.00306483	0.00388630	0.00004852	0.00269899	0.01033197	0.01362456	0.03481877	0.00528241	0.00445599	0.03063461
TT>AG	0.00375859	0.01200777	0.00214577	0.00424561	0.00506840	0.00447932	0.00005690	0.00314358	0.00545559	0.00157279	0.01201234
TT>CA	0.00007057	0.00006844	0.00007625	0.00007417	0.00006771	0.00006286	0.00006852	0.00006430	0.00007861	0.00007465	0.00007350
TT>CC	0.00007057	0.00006844	0.00007625	0.00007417	0.00006771	0.00006286	0.00006852	0.00006430	0.00007861	0.00007465	0.00007350
TT>CG	0.00007057	0.00006844	0.00007625	0.00007417	0.00006771	0.00006286	0.00006852	0.00006430	0.00007861	0.00007465	0.00007350
TT>GA	0.00172224	0.00595314	0.00087373	0.00245304	0.00547491	0.00294227	0.01312943	0.00866631	0.01051688	0.00477469	0.00139071
TT>GC	0.00007057	0.00006844	0.00007625	0.00007417	0.00006771	0.00006286	0.00006852	0.00006430	0.00007861	0.00007465	0.00007350
TT>GG	0.00977829	0.01158228	0.00006286	0.00241129	0.00201081	0.00514552	0.00577835	0.00719403	0.00526878	0.00447895	0.00717732
