MutationType	DBS78A	DBS78B	DBS78C	DBS78D	DBS78E	DBS78F	DBS78G	DBS78H	DBS78I
AC>CA	4.80E-03	1.91E-03	5.91E-07	4.83E-03	1.20E-03	5.86E-07	6.73E-03	3.66E-03	4.40E-03
AC>CG	2.98E-03	1.97E-03	2.31E-07	2.39E-07	1.17E-06	6.63E-07	6.08E-07	2.11E-06	1.60E-06
AC>CT	3.57E-03	1.54E-07	2.89E-03	2.50E-03	4.15E-03	8.99E-03	1.27E-06	2.40E-03	5.49E-07
AC>GA	1.91E-07	2.76E-07	1.07E-02	2.50E-03	6.24E-03	3.28E-03	9.83E-07	1.53E-02	3.19E-03
AC>GG	2.60E-07	1.95E-07	9.59E-08	1.12E-07	7.30E-07	5.16E-07	6.24E-07	2.20E-06	1.05E-06
AC>GT	2.60E-07	1.95E-07	9.59E-08	1.12E-07	7.30E-07	5.16E-07	6.24E-07	2.20E-06	1.05E-06
AC>TA	4.41E-03	2.02E-07	4.57E-03	5.58E-08	2.06E-03	1.66E-02	1.05E-02	7.62E-03	1.31E-02
AC>TG	3.38E-07	1.16E-07	1.79E-03	9.36E-07	6.84E-03	5.58E-07	5.02E-07	6.15E-03	8.09E-07
AC>TT	5.58E-03	4.84E-03	3.30E-03	1.25E-03	2.51E-06	8.74E-03	1.31E-02	1.40E-06	1.81E-06
AT>CA	2.46E-07	1.40E-07	2.67E-07	3.76E-03	3.90E-03	4.91E-03	7.01E-03	2.42E-06	1.46E-02
AT>CC	2.60E-07	1.95E-07	9.59E-08	1.12E-07	7.30E-07	5.16E-07	6.24E-07	2.20E-06	1.05E-06
AT>CG	2.60E-07	1.95E-07	9.59E-08	1.12E-07	7.30E-07	5.16E-07	6.24E-07	2.20E-06	1.05E-06
AT>GA	4.66E-07	2.95E-07	3.30E-03	3.18E-03	5.66E-03	4.86E-03	1.68E-06	7.81E-03	3.86E-07
AT>GC	2.60E-07	1.95E-07	9.59E-08	1.12E-07	7.30E-07	5.16E-07	6.24E-07	2.20E-06	1.05E-06
AT>TA	7.73E-03	1.68E-07	1.74E-07	5.42E-03	3.78E-03	1.64E-03	5.94E-07	1.79E-06	4.85E-07
CC>AA	2.24E-02	6.66E-03	1.34E-02	2.63E-02	4.69E-02	1.99E-02	4.30E-02	5.12E-02	2.70E-02
CC>AG	6.25E-03	2.02E-03	4.95E-03	1.18E-02	2.43E-03	2.30E-02	6.07E-03	6.03E-03	1.68E-02
CC>AT	5.81E-03	1.22E-02	1.38E-02	1.97E-02	6.56E-03	1.07E-02	2.76E-02	1.22E-02	8.21E-03
CC>GA	1.21E-02	2.15E-07	4.16E-03	1.15E-02	8.47E-03	5.37E-03	1.35E-02	8.08E-03	5.10E-03
CC>GG	2.82E-03	2.91E-07	2.52E-07	3.67E-07	7.29E-07	2.51E-03	5.60E-07	5.08E-03	2.80E-03
CC>GT	5.81E-03	1.37E-02	4.62E-07	6.63E-03	1.45E-03	1.28E-02	1.05E-02	3.09E-03	2.80E-02
CC>TA	2.02E-07	5.53E-03	9.88E-03	4.99E-03	9.57E-07	9.78E-03	5.62E-07	8.09E-03	8.41E-03
CC>TG	3.51E-07	3.29E-03	6.71E-03	1.71E-07	8.98E-07	6.51E-07	4.33E-07	8.64E-07	1.24E-06
CC>TT	1.13E-02	2.36E-02	4.24E-03	1.92E-02	9.43E-03	1.19E-02	1.51E-02	5.03E-03	1.79E-02
CG>AT	3.54E-07	8.24E-08	7.61E-08	1.25E-03	2.02E-03	6.55E-03	1.48E-06	2.28E-06	7.03E-07
CG>GC	2.60E-07	1.95E-07	9.59E-08	1.12E-07	7.30E-07	5.16E-07	6.24E-07	2.20E-06	1.05E-06
CG>GT	3.09E-07	2.97E-07	2.53E-03	2.25E-07	9.23E-07	4.57E-07	5.83E-07	1.39E-02	7.74E-07
CG>TA	3.19E-07	5.02E-07	2.69E-07	1.29E-07	2.23E-03	2.46E-02	3.51E-03	7.48E-03	1.46E-02
CG>TC	2.60E-07	1.95E-07	9.59E-08	1.12E-07	7.30E-07	5.16E-07	6.24E-07	2.20E-06	1.05E-06
CG>TT	2.60E-07	1.95E-07	9.59E-08	1.12E-07	7.30E-07	5.16E-07	6.24E-07	2.20E-06	1.05E-06
CT>AA	3.84E-03	1.04E-02	7.78E-03	4.55E-03	1.70E-02	6.42E-03	5.46E-03	1.20E-02	3.75E-02
CT>AC	2.49E-07	1.29E-07	4.99E-03	1.92E-07	3.90E-03	4.05E-07	6.49E-07	2.30E-06	1.13E-06
CT>AG	4.25E-03	1.38E-07	2.04E-07	8.22E-03	5.41E-03	5.97E-03	3.98E-03	4.58E-03	2.04E-02
CT>GA	8.85E-03	1.63E-07	3.15E-07	2.15E-03	6.83E-07	3.28E-03	1.53E-06	2.14E-06	9.68E-07
CT>GC	7.57E-03	3.73E-03	1.52E-07	2.91E-07	1.32E-06	3.67E-07	7.96E-07	1.83E-06	1.70E-06
CT>GG	4.45E-03	4.20E-03	2.32E-07	2.15E-03	1.12E-06	5.48E-07	5.19E-03	1.45E-06	1.55E-06
CT>TA	1.23E-07	1.24E-02	1.78E-02	2.09E-07	5.00E-03	1.07E-02	1.09E-02	7.33E-03	7.53E-07
CT>TC	1.38E-07	3.67E-03	1.05E-07	1.80E-07	1.08E-02	8.12E-07	1.05E-02	1.10E-06	3.31E-02
CT>TG	4.65E-03	1.89E-03	2.80E-07	4.82E-03	5.85E-03	8.44E-07	6.45E-03	1.99E-06	1.15E-02
GC>AA	5.22E-03	4.19E-03	1.82E-02	1.47E-02	3.51E-02	2.15E-02	4.47E-03	1.68E-02	3.38E-02
GC>AG	0.00E+00	2.03E-03	1.58E-02	7.54E-03	8.94E-03	2.06E-02	1.40E-02	1.20E-02	1.33E-02
GC>AT	2.25E-07	2.23E-07	2.41E-07	9.63E-03	8.78E-07	9.74E-03	9.03E-03	1.67E-02	2.20E-03
GC>CA	9.07E-03	2.45E-03	1.61E-07	1.40E-07	3.78E-03	1.64E-03	5.20E-03	1.54E-06	1.09E-02
GC>CG	2.60E-07	1.95E-07	9.59E-08	1.12E-07	7.30E-07	5.16E-07	6.24E-07	2.20E-06	1.05E-06
GC>TA	5.36E-03	2.55E-07	6.02E-03	1.99E-07	4.47E-03	7.22E-07	5.43E-07	7.48E-03	5.99E-03
TA>AT	2.79E-07	3.45E-03	4.34E-03	1.25E-03	6.81E-03	2.12E-03	7.14E-03	1.28E-02	1.35E-02
TA>CG	7.39E-03	1.49E-07	2.69E-07	1.66E-07	3.90E-03	6.94E-07	7.45E-07	2.27E-06	2.20E-03
TA>CT	1.06E-02	1.76E-07	4.07E-05	0.00E+00	2.04E-03	1.27E-02	2.26E-02	1.10E-02	1.02E-02
TA>GC	2.60E-07	1.95E-07	9.59E-08	1.12E-07	7.30E-07	5.16E-07	6.24E-07	2.20E-06	1.05E-06
TA>GG	2.53E-07	2.70E-07	1.48E-07	1.00E-07	3.90E-03	5.70E-07	6.78E-07	2.40E-06	1.04E-02
TA>GT	3.47E-07	2.16E-07	1.16E-02	5.97E-07	1.05E-02	8.55E-07	3.94E-03	3.07E-03	5.99E-03
TC>AA	1.13E-02	2.90E-03	1.58E-02	1.40E-02	2.58E-02	1.21E-02	2.15E-02	3.17E-02	3.25E-02
TC>AG	1.99E-03	8.32E-03	3.95E-03	1.92E-07	3.40E-02	2.80E-02	3.15E-07	9.60E-03	1.45E-02
TC>AT	7.50E-03	2.15E-02	1.20E-02	3.49E-03	1.02E-02	1.61E-02	2.72E-02	1.98E-02	3.65E-02
TC>CA	1.03E-02	1.99E-03	8.32E-03	4.66E-03	1.47E-02	1.15E-02	2.75E-02	2.06E-02	1.41E-06
TC>CG	2.25E-03	3.92E-03	2.33E-03	1.61E-03	1.23E-06	4.94E-07	7.39E-07	2.20E-06	1.16E-06
TC>CT	3.74E-03	9.03E-03	6.27E-03	2.85E-03	4.57E-03	2.35E-03	3.38E-03	9.24E-03	9.98E-03
TC>GA	3.70E-03	1.58E-07	2.56E-03	1.26E-02	9.03E-03	1.70E-02	6.41E-03	1.99E-06	1.06E-02
TC>GG	2.35E-03	4.38E-03	2.41E-07	3.04E-03	1.00E-06	5.95E-07	7.27E-07	2.47E-06	1.12E-06
TC>GT	2.82E-03	3.44E-03	2.45E-05	7.92E-08	1.20E-03	7.47E-07	3.19E-02	6.01E-03	1.42E-02
TG>AA	9.00E-03	4.76E-08	2.29E-03	4.43E-03	7.59E-03	3.28E-03	5.17E-07	2.03E-06	4.96E-07
TG>AC	1.69E-07	2.25E-07	1.50E-07	3.75E-03	4.95E-07	5.84E-07	6.09E-07	2.27E-06	1.14E-06
TG>AT	1.09E-02	1.79E-07	6.45E-03	8.01E-03	7.17E-03	1.42E-02	7.25E-03	2.08E-02	1.40E-02
TG>CA	4.13E-03	3.10E-03	2.88E-03	2.89E-03	2.83E-02	3.54E-03	1.22E-02	2.86E-02	1.51E-02
TG>CC	2.03E-07	4.05E-03	6.31E-03	1.53E-07	2.55E-03	2.67E-06	6.94E-03	6.04E-03	3.68E-02
TG>CT	1.32E-02	2.74E-07	1.19E-02	1.40E-02	1.80E-02	2.12E-02	2.12E-02	6.58E-02	1.96E-02
TG>GA	2.11E-03	6.42E-08	7.71E-08	1.18E-07	5.85E-07	5.20E-07	6.14E-07	2.32E-06	1.05E-06
TG>GC	3.77E-03	2.63E-07	1.26E-07	2.46E-07	6.21E-07	5.13E-07	1.01E-02	2.20E-06	6.74E-07
TG>GT	9.06E-03	1.05E-02	6.08E-03	6.41E-07	1.29E-03	6.06E-03	9.62E-03	2.03E-02	5.61E-03
TT>AA	3.97E-03	2.11E-03	5.49E-03	5.92E-08	8.92E-07	6.06E-07	3.75E-03	1.27E-02	4.67E-03
TT>AC	1.80E-03	4.88E-08	9.41E-08	1.27E-07	5.42E-07	4.98E-07	5.84E-07	2.20E-06	1.14E-06
TT>AG	2.59E-07	1.76E-07	3.02E-07	2.96E-07	2.23E-03	8.55E-03	7.61E-03	9.33E-03	8.80E-03
TT>CA	2.53E-07	4.12E-03	3.15E-07	1.78E-07	8.78E-07	8.06E-07	7.15E-07	1.54E-06	1.29E-06
TT>CC	1.98E-07	3.05E-03	2.47E-07	7.59E-03	1.45E-06	7.59E-07	4.38E-07	2.44E-06	1.58E-06
TT>CG	1.83E-03	1.55E-07	2.29E-07	3.85E-07	6.93E-07	5.29E-07	7.50E-03	1.45E-02	1.22E-06
TT>GA	2.60E-07	1.95E-07	9.59E-08	1.12E-07	7.30E-07	5.16E-07	6.24E-07	2.20E-06	1.05E-06
TT>GC	1.46E-07	3.20E-07	2.43E-07	2.41E-07	7.73E-07	1.78E-02	3.67E-07	4.81E-03	7.19E-07
TT>GG	3.08E-07	1.20E-07	2.90E-03	3.53E-07	2.24E-03	5.31E-07	3.98E-07	6.15E-03	5.99E-07
