MutationType	SBS1	SBS2	SBS3	SBS5	SBS8	SBS13	SBS34	SBS36	SBS39	SBS40a	SBS41
A[C>A]A	0.00088616	0.00000058	0.02080832	0.01199760	0.04409822	0.00181992	0.00486795	0.02519378	0.01170152	0.03639531	0.00211019
A[C>A]C	0.00228041	0.00014800	0.01650660	0.00943811	0.04779807	0.00072097	0.00695707	0.00831795	0.00715093	0.01677249	0.00122011
A[C>A]G	0.00017703	0.00005230	0.00175070	0.00184963	0.00461981	0.00026399	0.00005200	0.00223945	0.00267035	0.00374797	0.00006140
A[C>A]T	0.00128023	0.00009780	0.01220488	0.00660868	0.04699810	0.00034798	0.00122948	0.01789558	0.00740096	0.01543480	0.00133012
A[C>G]A	0.00186033	0.00000000	0.01970788	0.01009798	0.00432982	0.00386983	0.00076168	0.00183955	0.04730615	0.00821343	0.00533049
A[C>G]C	0.00122022	0.00013300	0.01170468	0.00569886	0.00294988	0.00095096	0.00112952	0.00166959	0.02250293	0.00562037	0.00316029
A[C>G]G	0.00011502	0.00001520	0.00025310	0.00171966	0.00028599	0.00026399	0.00000000	0.00049988	0.01360177	0.00149700	0.00121011
A[C>G]T	0.00114020	0.00009120	0.01740696	0.01009798	0.00570977	0.00399982	0.00202915	0.00190953	0.04340564	0.00835959	0.00827076
A[C>T]A	0.02500444	0.00006110	0.01420568	0.03259348	0.00680972	0.00717968	0.00351852	0.00595853	0.00960125	0.02863814	0.00988091
A[C>T]C	0.00632112	0.00138004	0.01240496	0.01789642	0.00281989	0.00000000	0.00370844	0.00327919	0.00404052	0.02051178	0.00336031
A[C>T]G	0.36506483	0.00003270	0.00257103	0.00617876	0.00322987	0.00030299	0.00011795	0.00706825	0.00600078	0.01316533	0.00343031
A[C>T]T	0.00958170	0.00186005	0.01210484	0.02199560	0.01249949	0.00031799	0.00386837	0.00430894	0.01280166	0.02250981	0.00635058
A[T>A]A	0.00080014	0.00009590	0.00549220	0.00737852	0.01949921	0.00000000	0.10295663	0.00243940	0.00531069	0.01000778	0.00746068
A[T>A]C	0.00223040	0.00087803	0.00721288	0.00692861	0.02129914	0.00006520	0.04438130	0.00142965	0.00288037	0.00550174	0.00430039
A[T>A]G	0.00114020	0.00002550	0.00964386	0.00911818	0.02279908	0.00058997	0.03458543	0.00252937	0.00694090	0.00932410	0.00303028
A[T>A]T	0.00018303	0.00000000	0.00611245	0.00619876	0.02499899	0.00060597	0.31586694	0.00306924	0.00612080	0.01118279	0.06960638
A[T>C]A	0.00109019	0.00006170	0.01650660	0.04619076	0.00976961	0.00190992	0.00461805	0.00524870	0.01120146	0.01689045	0.01440132
A[T>C]C	0.00304054	0.00002150	0.00776311	0.01339732	0.00500980	0.00014199	0.00122948	0.00168958	0.00564073	0.00312020	0.00579053
A[T>C]G	0.00010602	0.00001320	0.01230492	0.03819236	0.00697972	0.00042798	0.00001950	0.00383905	0.00964125	0.00814559	0.00804074
A[T>C]T	0.00574102	0.00015500	0.01730692	0.03829234	0.01489940	0.00095896	0.00233901	0.00511874	0.01360177	0.01846827	0.01770162
A[T>G]A	0.00017203	0.00023801	0.00395158	0.00385923	0.00163993	0.00006140	0.00281881	0.00108973	0.00388050	0.00539375	0.00753069
A[T>G]C	0.00020704	0.00007460	0.00260104	0.00259948	0.00066797	0.00000000	0.00046181	0.00062285	0.00297039	0.00465372	0.00164015
A[T>G]G	0.00026805	0.00000205	0.00630252	0.00793841	0.00476981	0.00008250	0.00019692	0.00093577	0.00766100	0.00525358	0.00270025
A[T>G]T	0.00011202	0.00000376	0.00397159	0.00482903	0.00073997	0.00031999	0.00114952	0.00098376	0.00642083	0.01159521	0.00761070
C[C>A]A	0.00031205	0.00020801	0.02250900	0.00742851	0.04009838	0.00139994	0.00194918	0.05578622	0.01010131	0.01375598	0.00238022
C[C>A]C	0.00179032	0.00009530	0.02531012	0.00613877	0.03879843	0.00096796	0.00003670	0.02019501	0.00906118	0.01084162	0.00091908
C[C>A]G	0.00009320	0.00000000	0.00251100	0.00345931	0.00340986	0.00000433	0.00029788	0.00709825	0.00574075	0.00161922	0.00026102
C[C>A]T	0.00000000	0.00042101	0.01540616	0.00648870	0.03299867	0.00000000	0.00061974	0.06048506	0.00603078	0.00671108	0.00265024
C[C>G]A	0.00002410	0.00000000	0.01930772	0.00695861	0.00499980	0.00560975	0.00011895	0.00123969	0.02880374	0.00402496	0.00208019
C[C>G]C	0.00007680	0.00035101	0.01410564	0.00906819	0.00545978	0.00064797	0.00011795	0.00136966	0.03770490	0.00436470	0.00120011
C[C>G]G	0.00035206	0.00004870	0.00150060	0.00248950	0.00001050	0.00048798	0.00018992	0.00041890	0.01230160	0.00092994	0.00041104
C[C>G]T	0.00000000	0.00006360	0.02230892	0.00952809	0.00548978	0.00639972	0.00007360	0.00208948	0.04020523	0.00636756	0.00503046
C[C>T]A	0.00200036	0.00432013	0.01610644	0.01939612	0.00266989	0.00001930	0.00474800	0.00674833	0.00911118	0.02480661	0.00691063
C[C>T]C	0.00027005	0.00017001	0.02020808	0.01899620	0.00401984	0.00134994	0.00051378	0.00667835	0.00386050	0.02916532	0.00185017
C[C>T]G	0.19603481	0.00277008	0.00224090	0.01749650	0.00148994	0.00198991	0.00944602	0.00532868	0.00757098	0.00654289	0.01010093
C[C>T]T	0.00019604	0.00145004	0.02300920	0.02309538	0.01449941	0.00144994	0.00003530	0.00574858	0.00699091	0.02889896	0.00773071
C[T>A]A	0.00004300	0.00024301	0.00794318	0.00353929	0.01899923	0.00020899	0.02369002	0.00125969	0.00494064	0.00245848	0.00362033
C[T>A]C	0.00039307	0.00024401	0.01780712	0.00518896	0.02919882	0.00034198	0.00040883	0.00145964	0.00644084	0.00663939	0.00319029
C[T>A]G	0.00032406	0.00014900	0.01320528	0.00500900	0.02759889	0.00022599	0.00116951	0.00213947	0.00680088	0.00573004	0.00312029
C[T>A]T	0.00026005	0.00000000	0.01270508	0.00429914	0.04179831	0.00052298	0.00026789	0.00195952	0.00827107	0.00949421	0.00901083
C[T>C]A	0.00000000	0.00030201	0.00883353	0.01329734	0.00238990	0.00004740	0.00059375	0.00149963	0.00734095	0.00610429	0.01030094
C[T>C]C	0.00250044	0.00002850	0.01450580	0.01039792	0.00699972	0.00012200	0.00004040	0.00187954	0.00791103	0.00492976	0.00525048
C[T>C]G	0.00036006	0.00000000	0.01010404	0.02079584	0.00125995	0.00000000	0.00081066	0.00184954	0.00777101	0.00514281	0.00557051
C[T>C]T	0.00004260	0.00018600	0.01580632	0.01489702	0.00645974	0.00011200	0.00158933	0.00215947	0.00859112	0.00677345	0.00787072
C[T>G]A	0.00003550	0.00015300	0.00437175	0.00258948	0.00121995	0.00004140	0.00105955	0.00047788	0.00530069	0.00152720	0.00347032
C[T>G]C	0.00021204	0.00015500	0.00704282	0.00460908	0.00194992	0.00000282	0.00000000	0.00056586	0.00739096	0.00264131	0.00241022
C[T>G]G	0.00012802	0.00012100	0.01070428	0.00612877	0.00469981	0.00000000	0.00043582	0.00088678	0.00983128	0.00214618	0.00304028
C[T>G]T	0.00017103	0.00020301	0.00703281	0.00729854	0.00057398	0.00005550	0.00000065	0.00106974	0.00494064	0.00430586	0.01050096
G[C>A]A	0.00158028	0.00008620	0.00713285	0.01019796	0.02419902	0.00094896	0.00280882	0.06768328	0.00688089	0.01014765	0.00309028
G[C>A]C	0.00033906	0.00000000	0.01090436	0.00764847	0.02619894	0.00045098	0.00046780	0.01919526	0.00695090	0.01099688	0.00072307
G[C>A]G	0.00058710	0.00001390	0.00143057	0.00233953	0.00273989	0.00016399	0.00022690	0.00482881	0.00453059	0.00353767	0.00022002
G[C>A]T	0.00000000	0.00005120	0.01000400	0.00681864	0.02689891	0.00006150	0.00001350	0.06898296	0.00589077	0.00633551	0.00195018
G[C>G]A	0.00000959	0.00006540	0.01270508	0.00467906	0.00257990	0.00149993	0.00003340	0.00088578	0.02400312	0.00266304	0.00204019
G[C>G]C	0.00016403	0.00026101	0.00863345	0.00507898	0.00238990	0.00047898	0.00019292	0.00107973	0.02130277	0.00308111	0.00269025
G[C>G]G	0.00016603	0.00000000	0.00242097	0.00150970	0.00048798	0.00024099	0.00000000	0.00017196	0.00986128	0.00064486	0.00015601
G[C>G]T	0.00000000	0.00013400	0.01470588	0.00671866	0.00485980	0.00269988	0.00002690	0.00104974	0.03240421	0.00312288	0.00356033
G[C>T]A	0.00444079	0.00000000	0.01640656	0.01939612	0.00027599	0.00717968	0.00023290	0.00371908	0.00803104	0.02980699	0.00601055
G[C>T]C	0.00009280	0.00000013	0.01340536	0.02159568	0.00024499	0.00092096	0.00000000	0.00339916	0.00450058	0.02536975	0.00864079
G[C>T]G	0.21803872	0.00000000	0.00052821	0.01229754	0.00190992	0.00017799	0.01669297	0.00569859	0.00548071	0.00927484	0.01710157
G[C>T]T	0.00003840	0.00005040	0.01130452	0.01859628	0.00460981	0.00126994	0.00051678	0.00362910	0.00861112	0.02317407	0.00841077
G[T>A]A	0.00008120	0.00000000	0.00706283	0.00366927	0.01279948	0.00000670	0.01899200	0.00087978	0.00496064	0.00313484	0.00233021
G[T>A]C	0.00012902	0.00013100	0.00748299	0.00290942	0.01349946	0.00012999	0.00241898	0.00063084	0.00352046	0.00371674	0.00229021
G[T>A]G	0.00024604	0.00006380	0.01160464	0.00410918	0.01559937	0.00004700	0.00652725	0.00116971	0.00667087	0.00451599	0.00143013
G[T>A]T	0.00025805	0.00006280	0.01230492	0.00321936	0.02809887	0.00035798	0.00747685	0.00111972	0.00409053	0.00494318	0.00452041
G[T>C]A	0.00105019	0.00000000	0.00998399	0.01409718	0.00259990	0.00028699	0.00010895	0.00233942	0.00747097	0.00482909	0.00606055
G[T>C]C	0.00190034	0.00002740	0.00564226	0.00793841	0.00261989	0.00018199	0.00064573	0.00139965	0.00689090	0.00291248	0.00374034
G[T>C]G	0.00117021	0.00010700	0.01090436	0.01499700	0.00280989	0.00019499	0.00043981	0.00183955	0.00574075	0.00337019	0.00351032
G[T>C]T	0.00007130	0.00001250	0.01020408	0.01369726	0.00628975	0.00000000	0.00000000	0.00264935	0.00751098	0.00824987	0.00389036
G[T>G]A	0.00000000	0.00020901	0.00442177	0.00251950	0.00130995	0.00008770	0.00036485	0.00018495	0.00333043	0.00105146	0.00180017
G[T>G]C	0.00000000	0.00013300	0.00234094	0.00170966	0.00065597	0.00000000	0.00000000	0.00031292	0.00580075	0.00102642	0.00095009
G[T>G]G	0.00034806	0.00003710	0.01090436	0.00529894	0.00396984	0.00042598	0.00005650	0.00152962	0.00772100	0.00174835	0.00120011
G[T>G]T	0.00001460	0.00000000	0.00583233	0.00234953	0.00128995	0.00000289	0.00041682	0.00048888	0.00594077	0.00195358	0.00347032
T[C>A]A	0.00006580	0.00063902	0.00841337	0.00785843	0.02979880	0.07899652	0.00426820	0.14096518	0.00598078	0.02752139	0.00331030
T[C>A]C	0.00253045	0.00017001	0.01680672	0.00916817	0.02509899	0.02939870	0.00121949	0.07718094	0.00786102	0.02938138	0.00172016
T[C>A]G	0.00000000	0.00008530	0.00141056	0.00229954	0.00189992	0.01209947	0.00000000	0.01469637	0.00301039	0.00543805	0.00020702
T[C>A]T	0.00000588	0.00044001	0.00997399	0.01269746	0.03189871	0.03549844	0.00003200	0.20794864	0.00655085	0.02383099	0.00590054
T[C>G]A	0.00000000	0.00000000	0.01330532	0.00780844	0.00146994	0.31698603	0.00000062	0.00397902	0.03470451	0.00821976	0.01990182
T[C>G]C	0.00020304	0.00009870	0.02030812	0.00759848	0.00133995	0.06349720	0.00013994	0.00240940	0.03670477	0.00789308	0.01420130
T[C>G]G	0.00006940	0.00004120	0.00052021	0.00170966	0.00007820	0.01379939	0.00000000	0.00030192	0.00962125	0.00094100	0.00193018
T[C>G]T	0.00156028	0.00118003	0.02350940	0.01249750	0.00024899	0.36898374	0.00214910	0.00758813	0.05070659	0.01639333	0.04460409
T[C>T]A	0.00111020	0.53601551	0.00576230	0.02029594	0.00503980	0.00692969	0.00185922	0.01069736	0.00388050	0.04223462	0.01170107
T[C>T]C	0.00003730	0.09730282	0.01330532	0.02299540	0.00025199	0.00447980	0.00028888	0.00685831	0.00528069	0.04591115	0.00647059
T[C>T]G	0.11001954	0.04420128	0.00098940	0.01589682	0.00004170	0.00118995	0.00029987	0.00388904	0.00486063	0.00707068	0.00492045
T[C>T]T	0.00000000	0.30000868	0.00817327	0.02099580	0.00526979	0.00141994	0.00080766	0.00832794	0.00423055	0.03359110	0.01150105
T[T>A]A	0.00672119	0.00042201	0.00651261	0.00630874	0.01149953	0.00029599	0.27188547	0.00245939	0.00669087	0.00951439	0.08060739
T[T>A]C	0.00000000	0.00019201	0.01050420	0.00413917	0.01949921	0.00023199	0.00000000	0.00101975	0.00369048	0.00912617	0.01430131
T[T>A]G	0.00002800	0.00005010	0.00671269	0.00478904	0.01289948	0.00018799	0.00776673	0.00087179	0.00546071	0.00563071	0.00929085
T[T>A]T	0.00225040	0.00020501	0.01300520	0.00874825	0.03789847	0.00006200	0.04598063	0.00269933	0.01070139	0.01822776	0.05350490
T[T>C]A	0.00025505	0.00000000	0.01520608	0.01799640	0.00207992	0.00002210	0.00139941	0.00296927	0.00594077	0.00735665	0.06360583
T[T>C]C	0.00339060	0.00004350	0.00899360	0.00970806	0.00263989	0.00002490	0.00623737	0.00227944	0.00644084	0.00306651	0.02680245
T[T>C]G	0.00041607	0.00011700	0.00693277	0.01269746	0.00000000	0.00009980	0.00109954	0.00137966	0.00498065	0.00370456	0.02050188
T[T>C]T	0.00433077	0.00003580	0.01390556	0.01849630	0.00456981	0.00053098	0.00707702	0.00279931	0.00948123	0.00791269	0.04610422
T[T>G]A	0.00000000	0.00001670	0.00725290	0.00521896	0.00000000	0.00018399	0.00000000	0.00078781	0.00839109	0.00556284	0.04190384
T[T>G]C	0.00005510	0.00007040	0.00628251	0.00655869	0.00113995	0.00000000	0.00000000	0.00074382	0.00508066	0.00642218	0.01550142
T[T>G]G	0.00058310	0.00009540	0.00805322	0.00693861	0.00308988	0.00003670	0.00151936	0.00090178	0.00728095	0.00418810	0.01940178
T[T>G]T	0.00000000	0.00000000	0.01050420	0.01349730	0.00099596	0.00001890	0.00023190	0.00180955	0.01090142	0.01492849	0.08790805
