MutationType	SBS96A	SBS96B	SBS96C	SBS96D	SBS96E	SBS96F	SBS96G	SBS96H
A[C>A]A	0.0012461739917246936	0.00031945009085158443	0.000583914688192048	0.007073638483624715	0.00018231454459206967	0.00970289592599632	0.013272438657855901	0.03827692236130436
A[C>A]C	0.00011885859700366079	0.0006820925423009309	0.002332564960205493	0.014956700314403786	0.000986500038561644	0.014628729619694998	0.007766961110367513	0.04975312374055913
A[C>A]G	1.5357417018435628e-05	3.380509349426575e-05	0.001544779459211203	0.0049169478652383225	0.0008741594467286026	0.00806095136513818	0.005918772486804376	0.006071740168310195
A[C>A]T	4.071739656555672e-05	2.3844261158956213e-05	0.0015032838734882147	0.0034651405279461757	0.0030725645260342087	0.011346070981614768	0.0038788195355814754	0.02237371860485382
A[C>G]A	0.0023558725813321263	0.0003157564073452098	0.00015215060986880266	0.0005901603557276758	7.716176235893121e-05	0.029119904816450534	0.005816164860357275	0.008774914945195177
A[C>G]C	0.0011402028518151968	0.0008597449169731893	0.0002915793469072151	0.006187232853196179	0.0004592933818022023	0.023193288481896463	0.008635884501791225	0.0037884510234922194
A[C>G]G	0.0006256962001107998	3.2696964167579066e-46	7.883844010242077e-05	0.0008958843318166505	0.0006569396221190497	0.018534429500094044	0.0037925777146815185	0.006077070445989818
A[C>G]T	0.0034992910843963426	4.0123468935841325e-05	6.287853170761082e-06	0.0036356298281660314	0.000850382030443105	0.030933697794171166	0.00509265485455425	0.004414714861601017
A[C>T]A	0.0006456409386980037	0.004815386251236001	0.023369591886140975	0.02316883355441064	0.005245210724539599	0.024064776394516228	0.01067914521942536	0.005823955481452004
A[C>T]C	1.2008518873093028e-05	0.0009136096664879764	0.010926277820590257	0.013513363806411386	0.01176109365458918	0.01056678165205085	0.022765054491052674	0.016802939073939645
A[C>T]G	0.0015596818239941967	0.000978454652552951	0.21369699935118358	0.06099577446778615	0.023718548692333266	0.009884277682772336	0.019927345406339707	0.028555585665920567
A[C>T]T	0.00020968852331861853	0.0018876900923714857	0.006477112178011642	0.014678322254136825	0.008463717942746977	0.011594582023099065	0.018291629912952582	0.01311490141476194
A[T>A]A	0.00013065145730575267	1.1416038400113849e-05	0.00012592230256428156	0.0063931360423718315	0.003147610851892324	0.0035984164585120956	0.003849750023643613	0.010825175346711072
A[T>A]C	0.0001421069026754651	4.726654126159246e-05	0.005911621265256883	0.007502621682700313	0.0029219487208138164	0.006064086531076403	0.012023457682501733	0.008957683549304344
A[T>A]G	2.5704015570227056e-06	0.0003967534854173967	0.0015479385590680295	0.01083360799835115	0.000930515677246054	0.002234921548713942	0.008875718303102076	0.019834611150614023
A[T>A]T	3.561043913246446e-05	8.253644377802516e-05	0.000970410384703276	0.008386851160321385	0.01055164645658806	0.0019061756580830054	0.006601740687983693	0.007343782638205691
A[T>C]A	7.861596532166004e-05	3.472319567568623e-05	0.0036969802722088235	0.025401332053297664	0.02773445298274358	0.0039700618276583555	0.004964101026674447	0.013533309249457186
A[T>C]C	0.0006349043417856137	3.703842812683433e-05	0.0009167755118558792	0.00410525021038571	0.0211815502109251	0.010054876787072923	0.0071447834464549945	0.008157832852991003
A[T>C]G	9.153605316214452e-06	4.946368183785428e-06	0.007540205870134287	0.02336931529486416	0.046197507468362646	0.0033782028574933067	0.007475512630253434	0.021676290257359673
A[T>C]T	0.0003685122854146054	0.00013643489812125152	0.0054565683292831105	0.026424776656794317	0.006558008396435374	0.003862183377650297	0.006414337929777502	0.03442496473435312
A[T>G]A	0.0001337639859833928	6.766126516926837e-05	0.00031804968357107555	0.0023693808812410566	0.0001394462676889437	0.003073618564813785	0.00415323793990107	0.005815451454691356
A[T>G]C	0.00012301306535439	1.7706072958389997e-05	0.0006999483596700884	0.002229903109889619	0.0010767752840678212	0.0039049808694590145	0.0022430622144405275	0.004429622908809468
A[T>G]G	5.2606015787167354e-05	0.00010101260289587798	0.00028914639975317853	0.0010174769785161668	0.00041422588141510155	0.009643930419116369	0.006825380144256599	0.00327072703451942
A[T>G]T	9.777058682326848e-05	5.927468474737907e-05	0.000417653042565765	0.0045209202569258386	0.001183425570095172	0.002497941186190644	0.004617257638067684	0.006146430516717298
C[C>A]A	0.0010996407504042813	0.00040191701433703504	0.000463139081125045	0.002571592255117139	0.00786494000727771	0.03130622681540748	0.013536132558171706	0.016901988638267085
C[C>A]C	0.0007201001647141917	0.00011346995982345713	0.0039764075231483766	0.0015963453990688473	0.017491122843542446	0.02089859704031672	0.01460928373386802	0.01372606091522357
C[C>A]G	0.0002867025204371506	0.00020235440752003342	0.0021589948285937834	0.001958826580827614	0.005133079267519255	0.012700285607328018	0.005552807076219324	0.006131834560073912
C[C>A]T	0.0011426677652934814	0.0003362233052030206	0.006067432293700866	0.0011622289362160623	0.04950392091802011	0.005287419161072648	0.009378014193589478	0.007681853220130582
C[C>G]A	0.005951076943892986	0.00047910214399280446	6.208632744441426e-05	0.0012126786057649497	0.00016662044994291135	0.025617201853750278	0.00497814081666661	0.008569662187240586
C[C>G]C	0.0007863152781889464	0.0002646711995628539	6.687012756856348e-08	0.004895418650282105	4.6709948810827235e-47	0.024956188396720334	0.007723786666334339	0.008995173501758321
C[C>G]G	1.2627316358522952e-05	1.3522421217733912e-05	0.0028313327764498317	0.004357479146124869	8.623684251081916e-05	0.02261450606724035	0.006362387674734767	0.00853722166955227
C[C>G]T	0.004354547314828021	0.001081825380731516	6.0553787648665035e-05	0.005664686750117198	0.0002223504139749366	0.04148281492913763	0.0044033377351468065	0.00884079413055711
C[C>T]A	0.008043019264005193	0.012332245245731125	0.016540845303575226	0.03777987490316895	0.0006809734279158875	0.011624607118289039	0.02997378557920456	0.02357087566794102
C[C>T]C	0.0015521118933997666	0.002370559989106778	0.015126504587381835	0.014137931661836304	0.00536964638158679	0.007846747960906933	0.02710807224114736	0.03391012103917698
C[C>T]G	0.0013061515009213326	0.006501138641698175	0.2079373377064864	0.0372018426656723	0.013183774007363059	0.002986366745911558	0.036791677873892085	0.019029598558942477
C[C>T]T	0.002402351667600063	0.004960707427138307	0.013887015761186679	0.01750604932499035	0.003909347523828425	0.015638230126344865	0.02977097725118482	0.041260415238017836
C[T>A]A	0.00031658689531042226	0.00014474749038271285	1.3292299930374914e-07	0.0005680448398180715	0.002619422361622507	0.005852111559534023	0.003264563122188709	0.00412022255304881
C[T>A]C	0.0003529758444832017	8.624426783777986e-05	0.00016357383380333584	0.003814597562124315	0.0040587428520666435	0.01459003729515492	0.003262943239047079	0.012151716833083507
C[T>A]G	4.1817851888481526e-05	0.00015697819877307967	0.002323198668113946	0.007604115077992901	0.0033884706441313027	0.018285849982051634	0.004015341234684418	0.016616555241247017
C[T>A]T	4.2756820970642666e-05	0.0001309743003597911	0.0004632698962015051	0.0023154441112461974	0.0016013023322292005	0.01692708716521641	0.00801895838246954	0.00616417807639967
C[T>C]A	8.419876608414256e-05	1.1228753371502382e-05	2.5034387639758886e-05	0.0012733300100137511	0.027713424960772195	0.002162379446061398	0.0009553829615262558	0.0028871037114546684
C[T>C]C	0.00013706235331483184	0.00016427315900244822	0.0004182333481269988	0.004800623847156752	0.02706703245639801	0.009874516563765685	0.006333370466624425	0.011075265230901247
C[T>C]G	2.143591631475298e-05	1.793754356849327e-05	9.315352490564995e-07	2.785552600907219e-06	0.09116473197937011	0.002007458401828899	0.0021896056547745955	0.0007045380285144158
C[T>C]T	0.000536040179971072	0.00020334645506470868	0.0016894691823627758	0.005335732324359317	0.02658599866554141	0.011671694808561976	0.01005722265690565	0.007190486364112303
C[T>G]A	9.060590532072865e-06	2.9760245432737993e-06	0.00014577615904750967	0.0015506718754044375	1.3753875161152488e-06	0.003821463207929317	0.0016618170723153487	0.0049920832058300375
C[T>G]C	0.0002520976083663603	0.00020020189598047485	0.0007249795561809454	0.004148650091214042	0.008507782469193141	0.0034519063185470007	0.005966145663145047	0.007251023972639814
C[T>G]G	2.811468553668798e-07	0.0	4.392647966445414e-05	0.00253184774942478	0.009956068902586898	0.016725527562311982	0.005752085189891431	0.005922468558118036
C[T>G]T	0.0003994421803933316	4.822201326154148e-05	0.0008767543690936464	0.0050821918373306595	0.009474996277519191	0.013183574473235165	0.005067918636700597	0.012364349373957377
G[C>A]A	0.00023398136798438902	6.956074404792881e-05	0.0008527467533828788	0.017694609782667094	5.992174158642172e-05	0.016216791774089263	0.012639588232732753	0.029461136474984547
G[C>A]C	0.0008049122986221846	4.6709948810827235e-47	0.0014944895897125814	0.008753413002220137	0.002512123779342801	0.021642502075726117	0.017953521781919335	0.017904382639007583
G[C>A]G	0.0	0.00014670963797485114	0.005711006094466017	0.004319987538357139	0.00010605677361657702	0.002434011704253199	0.007487778707364612	0.009724554794348231
G[C>A]T	0.0004945255525768743	0.00015406415072861298	0.0020081973654043892	0.0046169145797572845	0.003297282281710068	0.0238292633749154	0.00924630303052254	0.017721963355628152
G[C>G]A	0.001297148252100063	0.00040600027919405573	0.0	0.004329089795334263	0.0006003046838979269	0.0163001057117602	0.0026950813037766846	0.007514163603457765
G[C>G]C	0.0007598715606339586	0.00025205157329158585	0.001349621604610244	0.003917469814991629	0.0037542505260413843	0.01909595230439057	0.0074433634463881996	0.008521611092146487
G[C>G]G	0.0006529003823971723	0.00013385108566694727	0.0002326821076280794	0.0023245359678493098	0.00015555216622639516	0.008439771495351541	0.0035228533031362494	0.00422211435732815
G[C>G]T	0.0009522621558668713	0.0015692086366129842	0.00020860960257588582	0.004307081655064119	0.0008180372645104701	0.03582038884051144	0.005388374335274193	0.001581539151089828
G[C>T]A	0.006541319416525463	0.0030894697352778166	0.019441828272222968	0.011644879511247078	0.032675763374815384	0.006594409882374445	0.03242884101346135	0.012869895635715996
G[C>T]C	0.0016554672076987723	0.0035112173724125267	0.037292579213438634	0.012103317860459128	0.04610921956288318	0.008364379608732027	0.021476278081878946	0.009355726737218599
G[C>T]G	0.0018128974973175662	0.0009982839818550872	0.21354126979907354	0.045548527947782226	0.05578445910165707	0.0020937049218143025	0.015104861630637364	0.007600790738752042
G[C>T]T	0.0009558172896504402	0.0029754983891810602	0.026761244889348744	0.003555804716112713	0.03811747321936612	0.010598970577120781	0.01930115109619995	0.005187393871347012
G[T>A]A	0.0001188238956577455	0.0004241913491568994	0.0003607261870001821	0.0015755424124587118	0.002734437579056248	0.005583162959760083	0.0023841131703875363	0.002330536556199547
G[T>A]C	0.00019160206332647552	0.0007562924029116402	0.0005723102095847328	0.005202013383495796	0.0039009330289748807	0.006164510954200371	0.004934346536742851	0.0069534571597699825
G[T>A]G	2.7005518815788795e-05	1.6499972404915296e-05	5.717854492104379e-08	0.0031533395768865565	0.003745708095751373	0.009966783232698617	0.003321477983417746	0.008660463991234716
G[T>A]T	5.84021244928105e-05	3.692041066945724e-08	0.00018453040495908606	0.0032219944543707395	0.0020390742012144376	0.0037187828361074557	0.004360534945425343	0.011653882452929719
G[T>C]A	9.515853131792558e-05	4.489818203872176e-05	3.7401615202270476e-06	0.00438738871926887	0.07278417160772127	4.909860479074269e-07	0.003633989687732727	1.974287006412112e-06
G[T>C]C	5.1645299784771244e-05	5.911702613925485e-05	0.0006297802127212056	0.002627500217679805	0.03035504650324583	0.005055327980733656	0.006776323592877513	0.005291801453310067
G[T>C]G	0.0002074011641212792	4.1855068661315423e-07	0.0003179745974913809	0.0018132030217633617	0.06329206004738808	2.6433895053893746e-06	3.128704507086392e-06	0.00019432768727322506
G[T>C]T	1.3306666300157607e-05	0.0001694451634700537	0.002307017284772665	0.0066360915368401645	0.046266942666041665	0.001065797738538284	0.01188469792444294	0.004409246856171952
G[T>G]A	8.067011214336617e-05	0.0	9.018808316056948e-05	0.0011526217696750034	0.0006255181444430491	0.00419099537158066	0.0007394992076740437	0.005603002759312403
G[T>G]C	9.135754925182483e-06	0.0	0.0014904839656423973	0.0020463267212216846	0.0011077840760356525	0.005523884292932735	0.0032688407843172247	0.003645136202837307
G[T>G]G	2.312962033670374e-05	4.457194198910959e-09	0.000126047107283019	0.002656744957632166	0.001998284244230793	0.014905425043404344	0.003008246601981905	0.0032118221602369583
G[T>G]T	0.0	0.0	0.0005895513061472475	0.0044292559921222125	0.0036104176659137012	0.003985280839976705	0.0029746235561712337	0.004762498239082428
T[C>A]A	0.05192282639951979	0.009020251995550174	0.0016248450941162673	0.008267918490408496	0.00039816110551669224	0.0035871839813504873	0.03882244438775047	0.013054714115998678
T[C>A]C	0.018508000392466785	0.00954612691955011	0.005263557433985018	0.013905077699514918	0.0017392245669422361	0.017199699935887717	0.0422794523028036	0.01919249957939352
T[C>A]G	0.002647748115451994	0.007365920875739515	0.002355013638714354	0.006840930605851743	0.0	0.0015028368414746751	0.01642940221843787	0.005912540520944276
T[C>A]T	0.018640183323683838	0.007354807760373205	0.0019002774709955853	0.005364999781109722	0.0030893999877662282	0.023416354674494263	0.05711240569750468	0.010809611555542631
T[C>G]A	0.27766616917506326	0.003294909612448767	5.894199645695153e-07	0.016765773409523867	9.813918873646799e-06	2.444185309051032e-06	0.00030541654658134597	1.9614192538597306e-06
T[C>G]C	0.08992514361937841	0.0015524697776892063	2.3481010960798206e-07	0.014233023678019662	2.15949017880727e-05	0.0199759263209747	0.012211804308289704	0.008418046835845416
T[C>G]G	0.02807428461856034	0.00030307745761540066	0.00010748525535149156	0.006206254459092027	0.00032369620874609	0.009593553858455077	0.0042722149859126075	0.0013449934215766354
T[C>G]T	0.364660932123661	0.0007920106215465239	2.4118558667459802e-05	0.014239380603081504	0.0007547301826557866	0.00024310429032965432	0.00341397803721503	9.237897810597436e-05
T[C>T]A	0.07577739569529361	0.45286610623200735	4.369847909894512e-07	0.0005219951102983344	0.0014955976072997146	5.347804001113824e-07	0.0013704800564160755	5.238201358300406e-05
T[C>T]C	0.0042098711322408845	0.11172110116264472	0.01626822250758882	0.05656980366836327	0.00018530582698682944	0.017585650839123328	0.0534504833437514	0.01417299022243507
T[C>T]G	0.0014348729888865818	0.12230571349585564	0.07650853660479698	0.13769105784595012	0.003070917363368153	0.0007063611535192156	0.013145255924286421	0.008615807818722487
T[C>T]T	0.0040475710069377635	0.2160110497502122	1.097664520770536e-05	0.061638856192615776	0.00010066726236696392	0.008490094082083033	0.03359110234330937	0.01039471390378844
T[T>A]A	8.359793010157546e-05	6.067101681423992e-05	0.0019754089823315725	0.008489229703385111	0.0010433607154178995	0.0021582648912129797	0.005783996566952965	0.006911425496173725
T[T>A]C	0.00023091539163336468	9.304820365893343e-05	0.0005788209081958466	0.005954507087881211	0.0016769297270608754	0.005613456681375814	0.007236006096506268	0.005355012655720278
T[T>A]G	1.7909371023231795e-09	2.818003813214176e-05	9.8586044809205e-08	0.0006404664252575761	0.002347442481717129	0.008276296934856741	0.002601526857486765	0.0051010387416970575
T[T>A]T	0.00026046215493214696	2.5781894995210073e-06	0.0002675627076333361	0.004851414197304393	0.001105718099116378	0.008008622043503996	0.005130484831266813	0.012762146262260406
T[T>C]A	0.0002283713162020362	9.433533332412481e-05	0.0024422776388557093	0.0018576997960944178	0.014197947383703042	0.004195202905975748	0.003860265278941218	0.009155667830884794
T[T>C]C	0.00045649905174893014	0.00021641792821659085	0.0033289934786973657	0.007287467525263006	0.02107358075057467	0.005972355714766309	0.012367387991010522	0.007587139369388751
T[T>C]G	0.0003159355569853991	0.0001213543810687665	0.002659514024086699	0.002094806456352671	0.02088972074755778	0.002987582877208676	0.005102557917189188	0.002389846286670642
T[T>C]T	4.669234059898978e-05	3.968474775319919e-05	0.0017778455777085849	0.008243465398320875	0.012515683613492002	0.002538156439921598	0.01140297322611635	0.009157746069461344
T[T>G]A	0.0001478972384129899	3.0699580881332623e-05	0.0001106026451496008	0.0029188952494394018	2.2271778288995846e-05	0.005970099863501824	0.002838490509210582	0.0047783904908736
T[T>G]C	0.0003296831751413265	8.475934829827262e-05	0.0008015751935512109	0.0027282995269426163	0.0007441282718703235	0.0039758449509610235	0.0054426042287862705	0.007052252521675939
T[T>G]G	0.00014010080256217917	0.0002122139645507559	0.0014128875704149853	0.0020460656149490814	0.001210487932967889	0.007320856654486837	0.0032989372627336404	0.005894510543911716
T[T>G]T	7.792970708594832e-05	1.409910757814714e-05	0.0001718332150583516	0.0029197501086043096	0.001396439201804848	0.011753570541632523	0.008792953869215126	0.006569248530458556
