MutationType	ID83A	ID83B	ID83C	ID83D	ID83E	ID83F	ID83G	ID83H	ID83I	ID83J
1:Del:C:0	0.00000202	0.00000075	0.00235486	0.00050636	0.00000025	0.00646508	0.00945737	0.00058312	0.00088669	0.00359340
1:Del:C:1	0.02447566	0.02014308	0.00003850	0.85147858	0.00000041	0.00001913	0.00000697	0.00000495	0.00000421	0.00000472
1:Del:C:2	0.00568886	0.59051174	0.00005157	0.00001826	0.00000024	0.00086474	0.00000980	0.00000620	0.00000393	0.00000746
1:Del:C:3	0.10331657	0.07821367	0.20846954	0.00002144	0.01157117	0.00725894	0.00000550	0.00000155	0.00000340	0.03963775
1:Del:C:4	0.14833711	0.05792469	0.06976827	0.00000984	0.06564346	0.01600007	0.00000817	0.00006155	0.00671609	0.02750152
1:Del:C:5	0.02332918	0.00449282	0.00493418	0.00001095	0.18578180	0.00001680	0.00001153	0.00001045	0.00285004	0.00891517
1:Del:T:0	0.00000227	0.00000092	0.00013173	0.00010932	0.00004987	0.00115710	0.00048598	0.00192288	0.00036207	0.00024177
1:Del:T:1	0.03279300	0.07346006	0.04252050	0.04748290	0.00003905	0.55321706	0.00000673	0.00000503	0.00000363	0.00000539
1:Del:T:2	0.02074568	0.04001078	0.51292105	0.01674907	0.00000129	0.02995994	0.00000680	0.00000334	0.00000457	0.00000736
1:Del:T:3	0.27525998	0.08682922	0.01145340	0.00001259	0.01406016	0.00002126	0.00000445	0.00000323	0.00000350	0.00001467
1:Del:T:4	0.17700680	0.02379808	0.05945732	0.00001133	0.08083554	0.03861971	0.00000537	0.00000710	0.01364168	0.00000812
1:Del:T:5	0.09522741	0.01447448	0.02350483	0.00000397	0.44293039	0.00001597	0.00000073	0.00000017	0.01020736	0.01011578
1:Ins:C:0	0.00000193	0.00448589	0.00163105	0.00000396	0.00000014	0.00489061	0.00824982	0.00060338	0.00440387	0.00375529
1:Ins:C:1	0.00000251	0.00000077	0.00212246	0.00000233	0.00000004	0.02496484	0.04304569	0.00392779	0.01640136	0.01138318
1:Ins:C:2	0.00000248	0.00000069	0.00000386	0.00000307	0.00067784	0.01840748	0.02117180	0.00730938	0.00442656	0.01879987
1:Ins:C:3	0.00000229	0.00000054	0.00000968	0.00084236	0.00177945	0.01008532	0.01172331	0.00503800	0.00438154	0.00945662
1:Ins:C:4	0.00000238	0.00000482	0.00218769	0.00082139	0.00231384	0.02348678	0.02911789	0.00718811	0.00400763	0.01141534
1:Ins:C:5	0.00000104	0.00000074	0.00000123	0.00000301	0.03772351	0.00000857	0.01160569	0.00001389	0.01182339	0.08222289
1:Ins:T:0	0.00000158	0.00000160	0.00000088	0.00092404	0.00135042	0.01582502	0.02601125	0.00811166	0.00889829	0.00582902
1:Ins:T:1	0.00000080	0.00000120	0.00000116	0.00000412	0.00000014	0.01224327	0.11108884	0.02597387	0.05829003	0.04403125
1:Ins:T:2	0.00462517	0.00000025	0.00295904	0.00000331	0.00800521	0.01999614	0.02427678	0.00561481	0.01296872	0.01525663
1:Ins:T:3	0.00000123	0.00000094	0.00849037	0.00000379	0.00842330	0.01387440	0.00929434	0.00383576	0.01143597	0.02390542
1:Ins:T:4	0.00028249	0.00000093	0.00094048	0.00105635	0.00124485	0.00033300	0.00899230	0.00109340	0.00611091	0.00768123
1:Ins:T:5	0.00000075	0.00000000	0.00000108	0.01512489	0.06043609	0.00078447	0.00000761	0.00012031	0.03519301	0.29800914
2:Del:R:0	0.00000001	0.00000000	0.00000204	0.00000000	0.01321441	0.00000159	0.00000475	0.02806388	0.40936975	0.00482220
2:Del:R:1	0.00167143	0.00000068	0.00109370	0.00000505	0.00123347	0.00485543	0.01010056	0.00126746	0.00487683	0.00981537
2:Del:R:2	0.00047100	0.00000133	0.00000165	0.00000787	0.00000108	0.00001528	0.00138883	0.00006485	0.00057206	0.00065670
2:Del:R:3	0.00000289	0.00000104	0.00000243	0.00000557	0.00000101	0.00001470	0.00094070	0.00041746	0.00051294	0.00049154
2:Del:R:4	0.00000225	0.00000107	0.00000158	0.00000475	0.00000091	0.00184745	0.00162098	0.00123923	0.00058968	0.00001723
2:Del:R:5	0.00000327	0.00000182	0.00000254	0.00000716	0.00000181	0.00001803	0.00003006	0.00002364	0.00002708	0.00002382
3:Del:R:0	0.00015109	0.00000001	0.00913026	0.01015556	0.01402664	0.04635266	0.03394055	0.01708591	0.08125224	0.04127514
3:Del:R:1	0.00195503	0.00000112	0.00181138	0.00033695	0.00524103	0.00171592	0.00731920	0.00075292	0.00331186	0.00169442
3:Del:R:2	0.00000246	0.00000086	0.00014320	0.00000544	0.00000121	0.00037438	0.00064671	0.00037291	0.00176108	0.00084134
3:Del:R:3	0.00000327	0.00000182	0.00000254	0.00000716	0.00000181	0.00001803	0.00003006	0.00002364	0.00002708	0.00002382
3:Del:R:4	0.00000327	0.00000182	0.00000254	0.00000716	0.00000181	0.00001803	0.00003006	0.00002364	0.00002708	0.00002382
3:Del:R:5	0.00000327	0.00000182	0.00000254	0.00000716	0.00000181	0.00001803	0.00003006	0.00002364	0.00002708	0.00002382
4:Del:R:0	0.01278545	0.00000056	0.00209205	0.00297373	0.00409308	0.02056123	0.03783985	0.01968867	0.02310372	0.03949896
4:Del:R:1	0.00000290	0.00000097	0.00000187	0.00007366	0.00011365	0.00039022	0.00113905	0.00016378	0.00177364	0.00042733
4:Del:R:2	0.00000327	0.00000182	0.00000254	0.00000716	0.00000181	0.00001803	0.00003006	0.00002364	0.00002708	0.00002382
4:Del:R:3	0.00000327	0.00000182	0.00000254	0.00000716	0.00000181	0.00001803	0.00003006	0.00002364	0.00002708	0.00002382
4:Del:R:4	0.00000327	0.00000182	0.00000254	0.00000716	0.00000181	0.00001803	0.00003006	0.00002364	0.00002708	0.00002382
4:Del:R:5	0.00000327	0.00000182	0.00000254	0.00000716	0.00000181	0.00001803	0.00003006	0.00002364	0.00002708	0.00002382
5:Del:R:0	0.00000035	0.00000010	0.00000114	0.00000051	0.00038463	0.00000278	0.00001168	0.60984968	0.00000144	0.00048396
5:Del:R:1	0.00000327	0.00000182	0.00000254	0.00000716	0.00000181	0.00001803	0.00003006	0.00002364	0.00002708	0.00002382
5:Del:R:2	0.00000327	0.00000182	0.00000254	0.00000716	0.00000181	0.00001803	0.00003006	0.00002364	0.00002708	0.00002382
5:Del:R:3	0.00000327	0.00000182	0.00000254	0.00000716	0.00000181	0.00001803	0.00003006	0.00002364	0.00002708	0.00002382
5:Del:R:4	0.00000327	0.00000182	0.00000254	0.00000716	0.00000181	0.00001803	0.00003006	0.00002364	0.00002708	0.00002384
5:Del:R:5	0.00000327	0.00000182	0.00000254	0.00000716	0.00000181	0.00001803	0.00003006	0.00002364	0.00002708	0.00002382
2:Ins:R:0	0.00872402	0.00415798	0.00084573	0.00171225	0.00112634	0.00423988	0.02188228	0.00131600	0.00301071	0.00668959
2:Ins:R:1	0.01818270	0.00095511	0.00000195	0.00000140	0.00075550	0.01336886	0.02830105	0.00549998	0.01114159	0.01508708
2:Ins:R:2	0.00000278	0.00044670	0.00135300	0.00127474	0.00000004	0.00271888	0.01663612	0.00320155	0.00937777	0.00624274
2:Ins:R:3	0.00000317	0.00000122	0.00000243	0.00000615	0.00121263	0.00001668	0.00002695	0.00002135	0.00002664	0.00065246
2:Ins:R:4	0.00000279	0.00000091	0.00000254	0.00003393	0.00139056	0.00217434	0.00154832	0.00005204	0.00039914	0.00177338
2:Ins:R:5	0.00000200	0.00000082	0.00000176	0.00000489	0.00111432	0.00251565	0.00177807	0.00124905	0.00072538	0.00282164
3:Ins:R:0	0.00306125	0.00000046	0.00000133	0.00000418	0.00000052	0.00001463	0.00472977	0.00407549	0.00282249	0.01211507
3:Ins:R:1	0.00245979	0.00000063	0.00058017	0.00000808	0.00093956	0.00516866	0.00461988	0.00149716	0.00203545	0.00556781
3:Ins:R:2	0.00097666	0.00000059	0.00000165	0.00000548	0.00096023	0.00121763	0.00516422	0.00164529	0.00081077	0.00393066
3:Ins:R:3	0.00000327	0.00000182	0.00000254	0.00000716	0.00000181	0.00001803	0.00003006	0.00002364	0.00002708	0.00002382
3:Ins:R:4	0.00000316	0.00000125	0.00000445	0.00000553	0.00131732	0.00031844	0.00029025	0.00017650	0.00021079	0.00120117
3:Ins:R:5	0.00000233	0.00001847	0.00072398	0.00006980	0.00144682	0.00419700	0.00067785	0.00038344	0.00052084	0.00061712
4:Ins:R:0	0.00163093	0.00000080	0.00000241	0.00026882	0.00025732	0.00597644	0.00238957	0.00145445	0.00142698	0.00429528
4:Ins:R:1	0.00382375	0.00000127	0.00000224	0.00118319	0.00103017	0.00652735	0.01590869	0.00334602	0.00452910	0.00301791
4:Ins:R:2	0.00093574	0.00000092	0.00000150	0.00006411	0.00000055	0.00218610	0.00262644	0.00073319	0.00053024	0.00030016
4:Ins:R:3	0.00000327	0.00000182	0.00000254	0.00000716	0.00000181	0.00001803	0.00003006	0.00002364	0.00002708	0.00002382
4:Ins:R:4	0.00000327	0.00000182	0.00000254	0.00000716	0.00000181	0.00001803	0.00003006	0.00002364	0.00002708	0.00002382
4:Ins:R:5	0.00000289	0.00000120	0.00000189	0.00007687	0.00010098	0.00001506	0.00059654	0.00012954	0.00013528	0.00096240
5:Ins:R:0	0.00000241	0.00000077	0.00000248	0.00000402	0.00000009	0.00825629	0.00539598	0.00771041	0.00471516	0.00541836
5:Ins:R:1	0.00001431	0.00000074	0.00000147	0.00000291	0.00000002	0.00865518	0.02294622	0.00539850	0.01085497	0.01839751
5:Ins:R:2	0.00000327	0.00000182	0.00000254	0.00000716	0.00000181	0.00001803	0.00003006	0.00002364	0.00002708	0.00002382
5:Ins:R:3	0.00000327	0.00000182	0.00000254	0.00000716	0.00000181	0.00001803	0.00003006	0.00002364	0.00002708	0.00002384
5:Ins:R:4	0.00000261	0.00000126	0.00036599	0.00010919	0.00024719	0.00001532	0.00044702	0.00002053	0.00111695	0.00038460
5:Ins:R:5	0.00000270	0.00000120	0.00000203	0.00000556	0.00025810	0.00067093	0.00027103	0.00044969	0.00021126	0.00061856
2:Del:M:1	0.00000617	0.00000054	0.00000047	0.00543606	0.00097943	0.00324373	0.01446576	0.00873651	0.08793456	0.02091160
3:Del:M:1	0.00000095	0.00000001	0.02486056	0.00532655	0.01565822	0.01926812	0.03819693	0.00281050	0.03431838	0.08761332
3:Del:M:2	0.00000910	0.00000200	0.00242800	0.00000337	0.00801097	0.00993331	0.02725848	0.00240707	0.02106059	0.01059847
4:Del:M:1	0.00000133	0.00000073	0.00000599	0.00000265	0.00139968	0.01009352	0.03685626	0.00467569	0.02656126	0.03592813
4:Del:M:2	0.00000150	0.00000041	0.00000370	0.00000456	0.00000011	0.00424557	0.00641802	0.00476667	0.01103393	0.00559909
4:Del:M:3	0.00083793	0.00000082	0.00032228	0.00000459	0.00013123	0.00101015	0.00384714	0.00148817	0.00283857	0.00273110
5:Del:M:1	0.00000110	0.00000002	0.00000005	0.02667110	0.00000115	0.00000601	0.21151071	0.13740840	0.00716788	0.00000682
5:Del:M:2	0.02289991	0.00000118	0.00000039	0.00787067	0.00025121	0.00001718	0.09691268	0.02941635	0.00542109	0.01718158
5:Del:M:3	0.00278150	0.00000075	0.00000112	0.00057431	0.00000006	0.00453680	0.00842345	0.01490690	0.00539816	0.00387230
5:Del:M:4	0.00348488	0.00000157	0.00000163	0.00035614	0.00000009	0.00077730	0.00683222	0.00368853	0.00199226	0.00262113
5:Del:M:5	0.00192665	0.00000069	0.00019521	0.00000366	0.00019747	0.00364306	0.00295353	0.00050285	0.00103083	0.00059087
