MutationType	SBS96A	SBS96B	SBS96C	SBS96D	SBS96E	SBS96F	SBS96G	SBS96H	SBS96I	SBS96J	SBS96K	SBS96L	SBS96M
A[C>A]A	0.00135318	0.02738157	0.01985435	0.02526596	0.00478555	0.01411350	0.00719004	0.02914194	0.02267314	0.02683014	0.02099140	0.01370467	0.01459062
A[C>A]C	0.00038548	0.01736022	0.02149139	0.01734724	0.01086558	0.00647296	0.00931962	0.00533650	0.02264171	0.02196972	0.02323264	0.01915130	0.01542756
A[C>A]G	0.00019723	0.00449871	0.00077795	0.00093440	0.00206157	0.00008773	0.00132917	0.00157493	0.00505182	0.00277120	0.00182297	0.00320899	0.00884655
A[C>A]T	0.00059591	0.01725908	0.03215412	0.01471207	0.00697751	0.00783010	0.00766463	0.01471890	0.01059393	0.01688471	0.01245637	0.01070786	0.01184476
A[C>G]A	0.00254166	0.01146317	0.02200993	0.01384440	0.01123833	0.00350411	0.02256749	0.00747381	0.00501523	0.00058950	0.01901656	0.00717710	0.01551856
A[C>G]C	0.00057624	0.00917733	0.01184209	0.00489837	0.00973651	0.00500926	0.00886972	0.00519658	0.00457262	0.00923690	0.00866184	0.00594223	0.00833664
A[C>G]G	0.00009346	0.00533606	0.00460685	0.00134384	0.00071748	0.00297365	0.00374268	0.00060642	0.00071465	0.00149950	0.00181770	0.00175170	0.01238185
A[C>G]T	0.00224104	0.01280723	0.01799354	0.01305243	0.01349419	0.00564441	0.02052591	0.00741980	0.00533020	0.00733950	0.01233976	0.00581437	0.01422107
A[C>T]A	0.00427904	0.01711739	0.02633306	0.00888449	0.00938252	0.01184278	0.00925184	0.02773569	0.01841250	0.03194450	0.02104859	0.01659211	0.01439030
A[C>T]C	0.00118589	0.00443786	0.00682373	0.00825488	0.00969888	0.00748870	0.00981413	0.00808816	0.01373005	0.01494702	0.00926788	0.00617130	0.00733086
A[C>T]G	0.00094138	0.00605923	0.00554493	0.00501355	0.01831295	0.01586166	0.00788198	0.07072674	0.08666646	0.02313543	0.01817758	0.04574741	0.02784003
A[C>T]T	0.00155311	0.02576600	0.01671775	0.01066920	0.01800865	0.01127513	0.00349050	0.01534036	0.00858489	0.01303452	0.01133243	0.00578497	0.01626637
A[T>A]A	0.00160163	0.00560972	0.00522124	0.01963743	0.00387552	0.00373669	0.01177723	0.00473390	0.00731318	0.00577340	0.01595107	0.02107455	0.00566591
A[T>A]C	0.00060671	0.00826109	0.00360930	0.01116838	0.00580699	0.00258501	0.00932814	0.00546325	0.01408286	0.00469765	0.01019983	0.01004561	0.01210949
A[T>A]G	0.00043994	0.01046725	0.00386170	0.01405376	0.00339020	0.00321283	0.00442901	0.00785927	0.00967742	0.00490642	0.01938863	0.00672381	0.01922334
A[T>A]T	0.00042025	0.01499948	0.00451084	0.01621242	0.00927778	0.01457990	0.00682666	0.00685607	0.00804934	0.00876598	0.03893361	0.02619447	0.01601282
A[T>C]A	0.00066822	0.01868916	0.00987803	0.02146504	0.01295917	0.01767332	0.01403289	0.01318889	0.01610349	0.01766288	0.02953861	0.02905332	0.01324974
A[T>C]C	0.00034974	0.00904644	0.01620853	0.00290456	0.00588470	0.00358796	0.00615630	0.00348042	0.00754381	0.01109661	0.00985287	0.00701884	0.01050950
A[T>C]G	0.00073005	0.00852704	0.01272144	0.01374413	0.01617293	0.00617442	0.01501297	0.01064208	0.00791988	0.01107889	0.01610224	0.01352279	0.01354046
A[T>C]T	0.00061673	0.02334940	0.00570042	0.02028954	0.01366267	0.00963369	0.01706131	0.01777514	0.02462530	0.01396916	0.03657465	0.01141956	0.02317653
A[T>G]A	0.00039367	0.00478881	0.00256685	0.00575776	0.00205628	0.00315063	0.00673653	0.00302960	0.00223407	0.00195497	0.00920006	0.01749729	0.00844850
A[T>G]C	0.00026166	0.00011931	0.00062302	0.00267817	0.00136478	0.00101560	0.00577339	0.00049259	0.00134289	0.00177159	0.00473196	0.00944961	0.00686575
A[T>G]G	0.00027363	0.00949780	0.00903373	0.00617689	0.00621611	0.00241128	0.01141905	0.00320294	0.00090785	0.00170376	0.00706238	0.00045716	0.01006223
A[T>G]T	0.00023515	0.00247567	0.00413324	0.00883372	0.00214849	0.00362817	0.02135713	0.00197707	0.00311442	0.00707725	0.00648496	0.00854207	0.00363957
C[C>A]A	0.00151712	0.01588236	0.03673821	0.02171656	0.01284101	0.00495888	0.01592292	0.01448774	0.01258962	0.01627906	0.01611400	0.01552485	0.00845632
C[C>A]C	0.00088268	0.02239815	0.02533339	0.01737653	0.01057761	0.00560586	0.00608417	0.00765498	0.00705974	0.00850493	0.01117539	0.00589683	0.01251683
C[C>A]G	0.00019641	0.00160688	0.00394636	0.00190479	0.00000072	0.00112137	0.00298660	0.00129735	0.00354407	0.00359105	0.00094252	0.00209956	0.00359382
C[C>A]T	0.00061329	0.02098285	0.02603918	0.01333167	0.00786569	0.01031908	0.00328054	0.01297548	0.00327653	0.02232165	0.01694228	0.00595054	0.00937855
C[C>G]A	0.00283754	0.01073889	0.01118601	0.01498168	0.00949780	0.00714741	0.01445456	0.00349974	0.00211236	0.00465725	0.00557965	0.00091276	0.00796665
C[C>G]C	0.00051223	0.01051454	0.00861812	0.00963588	0.00555835	0.00378317	0.01069491	0.00778295	0.00107987	0.00542470	0.00439532	0.00238696	0.00340079
C[C>G]G	0.00031321	0.00293087	0.00389972	0.00071270	0.00179960	0.00312707	0.00420706	0.00016150	0.00062887	0.00446774	0.00140939	0.00087259	0.00875084
C[C>G]T	0.00266913	0.01209822	0.01815703	0.01737382	0.01554462	0.00959873	0.01525136	0.00612471	0.00711532	0.01214289	0.00676120	0.00325083	0.00428033
C[C>T]A	0.00887774	0.00728657	0.01228852	0.01636841	0.00977824	0.01163095	0.00573669	0.01204767	0.03034052	0.02680434	0.00748920	0.01435701	0.01392008
C[C>T]C	0.00206166	0.00141166	0.00823515	0.01661741	0.00440381	0.00839882	0.00900178	0.01096528	0.02009379	0.02412061	0.00644766	0.00935446	0.00990426
C[C>T]G	0.00320545	0.00070803	0.01086195	0.00229616	0.01277046	0.00905533	0.00701215	0.03034069	0.05038044	0.02437065	0.00506520	0.02003079	0.01744109
C[C>T]T	0.00472040	0.01351014	0.02483125	0.01277564	0.01131057	0.01789705	0.01156891	0.01901541	0.02144952	0.02663831	0.01174098	0.01294127	0.01607460
C[T>A]A	0.00034621	0.00816094	0.01283312	0.01250587	0.00259978	0.00124417	0.01152393	0.00481048	0.00049452	0.00462672	0.00840533	0.00402374	0.00723483
C[T>A]C	0.00037338	0.01228609	0.01063633	0.01640206	0.00498000	0.00057303	0.00889568	0.00349488	0.00620663	0.00826451	0.00939011	0.00646077	0.01180605
C[T>A]G	0.00008205	0.01432195	0.01294299	0.01351171	0.00302300	0.00372931	0.01167004	0.00251566	0.00222233	0.00766685	0.00427977	0.00591948	0.01007931
C[T>A]T	0.00033244	0.02494931	0.02088038	0.01114207	0.00638078	0.00343638	0.00807751	0.00904471	0.00166325	0.00735244	0.01514257	0.00161120	0.02024207
C[T>C]A	0.00017550	0.00942371	0.00839429	0.00819412	0.00882216	0.00611028	0.00843359	0.00298184	0.00549404	0.00446215	0.01237470	0.00444926	0.01242691
C[T>C]C	0.00065014	0.02067666	0.01915623	0.00958026	0.00499852	0.00452199	0.00534958	0.00867198	0.00857872	0.00387802	0.00791116	0.00509305	0.01298069
C[T>C]G	0.00096774	0.00612190	0.00603619	0.01205959	0.00762113	0.00710407	0.01514652	0.00230572	0.00711780	0.00751800	0.01874867	0.00481192	0.00988450
C[T>C]T	0.00042253	0.01532301	0.01000261	0.01587491	0.00802546	0.00831117	0.01307700	0.01233772	0.00536482	0.01330657	0.00998470	0.00464248	0.00282726
C[T>G]A	0.00007358	0.00270865	0.00628471	0.00246645	0.00187585	0.00247617	0.00660732	0.00208400	0.00082213	0.00613875	0.00218382	0.00351942	0.00402048
C[T>G]C	0.00022031	0.00660961	0.00295114	0.00526447	0.00131537	0.00162558	0.00488496	0.00292676	0.00119406	0.00464977	0.00319441	0.00358744	0.00797041
C[T>G]G	0.00004844	0.00778002	0.00552417	0.00986641	0.00986061	0.00559994	0.01250005	0.00177397	0.00105585	0.00650648	0.00412738	0.00274713	0.00642287
C[T>G]T	0.00036485	0.00928921	0.00222442	0.01542194	0.00316328	0.00299675	0.01888384	0.01566733	0.00108798	0.00749884	0.01286435	0.00873374	0.00660617
G[C>A]A	0.00121118	0.02279607	0.01824303	0.00208717	0.00559648	0.00526430	0.00445643	0.02107124	0.02080613	0.01177704	0.01104112	0.00570243	0.02096214
G[C>A]C	0.00022201	0.00874220	0.01527441	0.01553366	0.00461796	0.00555058	0.00397117	0.00565863	0.00548871	0.01799724	0.00537548	0.01496968	0.00265071
G[C>A]G	0.00015451	0.00115565	0.00105298	0.00179141	0.00041976	0.00025411	0.00218972	0.00202984	0.00467405	0.00348870	0.00235072	0.00000000	0.00186208
G[C>A]T	0.00028274	0.01549001	0.01355289	0.00820052	0.00734774	0.00474793	0.00521153	0.01648168	0.00716327	0.00766184	0.00912205	0.00386498	0.01214603
G[C>G]A	0.00070192	0.00382990	0.00875494	0.00781449	0.00353219	0.00333242	0.00795598	0.00247100	0.00660942	0.00747932	0.00272116	0.00506067	0.00860479
G[C>G]C	0.00049487	0.00593098	0.00991253	0.01069283	0.00561535	0.00232842	0.00234343	0.00201811	0.00473606	0.00505852	0.00313212	0.00675893	0.00408667
G[C>G]G	0.00023116	0.00110622	0.00094240	0.00150316	0.00151309	0.00009484	0.00395876	0.00000000	0.00075584	0.00126616	0.00097316	0.00048433	0.00370912
G[C>G]T	0.00149068	0.01003762	0.01686468	0.00839738	0.00984686	0.00330097	0.01059732	0.00009286	0.00211035	0.00291645	0.01144106	0.00629424	0.01109716
G[C>T]A	0.00405951	0.00668651	0.01271700	0.01561285	0.00386138	0.00820142	0.00801646	0.01623911	0.02265067	0.02173096	0.00495511	0.01499297	0.00839972
G[C>T]C	0.00141985	0.00542352	0.00606595	0.01321407	0.00824568	0.00838838	0.00650807	0.00911488	0.01997376	0.02164346	0.00733304	0.00780161	0.01028705
G[C>T]G	0.00228980	0.00657144	0.00065695	0.00493409	0.01533853	0.01234333	0.01050559	0.03496834	0.05526585	0.01990009	0.02000218	0.02045806	0.02960658
G[C>T]T	0.00212768	0.01056587	0.01232714	0.01437613	0.00436957	0.01108046	0.01181889	0.01248331	0.01448890	0.01861362	0.00977313	0.00926096	0.01268862
G[T>A]A	0.00045038	0.00851891	0.00801172	0.00729187	0.00223919	0.00030154	0.00555455	0.00279258	0.00104705	0.00145407	0.00468254	0.00083240	0.01007001
G[T>A]C	0.00032149	0.00546177	0.00566677	0.00957333	0.00383705	0.00066615	0.00576862	0.00284549	0.00657177	0.00365035	0.00173762	0.00523287	0.00258168
G[T>A]G	0.00047537	0.00880344	0.00619286	0.00973722	0.00495808	0.00243321	0.00368298	0.00214427	0.00519819	0.00254946	0.00176843	0.00383049	0.00530805
G[T>A]T	0.00019221	0.01354893	0.01092399	0.01240182	0.00443490	0.00372967	0.00721181	0.00212828	0.00356871	0.01036911	0.00344028	0.00301329	0.01209192
G[T>C]A	0.00043189	0.00570728	0.01046826	0.00638432	0.00692448	0.00191001	0.01064842	0.00923577	0.01040104	0.00462692	0.01219028	0.01137899	0.01073778
G[T>C]C	0.00048909	0.00429806	0.00836653	0.00484385	0.00296952	0.00117765	0.00767293	0.00561561	0.00745581	0.00422527	0.00520011	0.00705782	0.01091377
G[T>C]G	0.00084177	0.00782272	0.00160358	0.00657878	0.00385509	0.00216050	0.00892595	0.00258874	0.00801256	0.00535325	0.00951087	0.00648603	0.01067444
G[T>C]T	0.00033527	0.00364251	0.00802257	0.01291651	0.00573115	0.00334782	0.00916418	0.00784071	0.01059245	0.00623263	0.01210266	0.01935039	0.00945665
G[T>G]A	0.00025868	0.00215421	0.00649813	0.00448694	0.00319137	0.00021763	0.00770285	0.00049438	0.00237693	0.00118346	0.00351590	0.00491258	0.00394163
G[T>G]C	0.00015814	0.00252076	0.00364550	0.00456048	0.00154782	0.00111776	0.00472116	0.00125406	0.00201720	0.00237768	0.00158423	0.00129415	0.00232042
G[T>G]G	0.00109240	0.00854324	0.00596567	0.01080387	0.00362413	0.00164069	0.01489607	0.00020194	0.00168283	0.00710696	0.00540551	0.00454438	0.01303391
G[T>G]T	0.00019520	0.00901449	0.00318310	0.00600750	0.00339803	0.00276969	0.01128753	0.00521147	0.00479041	0.00562120	0.00182929	0.00545179	0.00801887
T[C>A]A	0.02790941	0.02137358	0.01492762	0.01587239	0.02220307	0.02888983	0.00398238	0.03877396	0.02064004	0.01599953	0.02391662	0.01682462	0.00391408
T[C>A]C	0.00997611	0.01276403	0.01580247	0.01490808	0.01962254	0.01304393	0.01284800	0.02218029	0.02252714	0.01634610	0.01309765	0.01060068	0.00741202
T[C>A]G	0.00135567	0.00225268	0.00033773	0.00129666	0.00117837	0.00420142	0.00079238	0.00300941	0.00205814	0.00231832	0.00121102	0.00451205	0.00328107
T[C>A]T	0.01391273	0.03443949	0.01428836	0.01716322	0.03025652	0.02930571	0.00618580	0.05168016	0.02337858	0.01541402	0.03405848	0.01231672	0.00421921
T[C>G]A	0.15757949	0.00174042	0.01948425	0.02258233	0.07967780	0.05643166	0.06785516	0.00001990	0.01475057	0.00697417	0.00326114	0.00995322	0.01117939
T[C>G]C	0.02819527	0.01136003	0.00699744	0.01822862	0.03983633	0.03289757	0.03223901	0.00308537	0.01047890	0.01282627	0.01100118	0.00195202	0.00836499
T[C>G]G	0.00491670	0.00024846	0.00400505	0.00011252	0.00132169	0.00287129	0.00826729	0.00007019	0.00103116	0.00226925	0.00080718	0.00000000	0.00669716
T[C>G]T	0.19076742	0.01792361	0.02119560	0.03291700	0.11787269	0.10871392	0.10945055	0.01713560	0.01210380	0.01212180	0.03671931	0.00352902	0.00413102
T[C>T]A	0.27295571	0.02714065	0.00321496	0.00670743	0.05562727	0.11723544	0.00611946	0.03831995	0.01292861	0.02271931	0.00793090	0.07801418	0.03049882
T[C>T]C	0.05171601	0.01550415	0.00890700	0.00968483	0.02395844	0.04669108	0.00773726	0.02566464	0.01794133	0.04629740	0.00839243	0.03129425	0.00781193
T[C>T]G	0.02421162	0.00023004	0.00112225	0.00000007	0.01765925	0.01752038	0.00456331	0.02478896	0.04075423	0.01391620	0.00746173	0.03103023	0.01646223
T[C>T]T	0.13774261	0.02711342	0.01203644	0.00669362	0.04162432	0.08427338	0.00126863	0.04375949	0.01290170	0.03387683	0.01015647	0.04091281	0.01851132
T[T>A]A	0.00021838	0.00731615	0.00874222	0.01184617	0.00728420	0.01367388	0.00580640	0.01953156	0.00740836	0.01459851	0.02075076	0.03612543	0.00629920
T[T>A]C	0.00032540	0.00926638	0.00802775	0.01366148	0.00819958	0.00343539	0.00088588	0.00204425	0.00664368	0.00363132	0.00840318	0.00475188	0.00357758
T[T>A]G	0.00027410	0.00530350	0.00668039	0.00536355	0.00587846	0.00369554	0.00391072	0.00364113	0.00296853	0.00381414	0.00665299	0.00447343	0.00626466
T[T>A]T	0.00046817	0.02394910	0.02758162	0.01279293	0.01095589	0.01150397	0.00613402	0.00437413	0.00719728	0.00740154	0.01820513	0.01175670	0.01532014
T[T>C]A	0.00037449	0.01200101	0.00670589	0.00772858	0.00766491	0.00589393	0.00299268	0.01336478	0.00876168	0.00357204	0.01960983	0.01890471	0.00704304
T[T>C]C	0.00046651	0.00771848	0.01053238	0.00622055	0.00732563	0.00529403	0.00795480	0.00438466	0.00834692	0.00239339	0.01120373	0.01739383	0.01325054
T[T>C]G	0.00010680	0.00692042	0.00771633	0.00435007	0.00358623	0.00462631	0.00457700	0.00749718	0.00078106	0.00595820	0.00498970	0.00604697	0.00894406
T[T>C]T	0.00057248	0.01484591	0.00851053	0.00921480	0.00482997	0.00866337	0.00793061	0.01863914	0.01083195	0.01367146	0.00678157	0.01281966	0.01003114
T[T>G]A	0.00023482	0.00744891	0.00734532	0.00589884	0.00274828	0.00145746	0.01114890	0.00621173	0.00136252	0.00408876	0.00284087	0.00572051	0.00337494
T[T>G]C	0.00003311	0.00433617	0.00417239	0.00503546	0.00107778	0.00351978	0.00628170	0.00286320	0.00344207	0.00332074	0.00595901	0.00285637	0.00765977
T[T>G]G	0.00026888	0.01060381	0.00463430	0.01257449	0.00404981	0.00183778	0.01410952	0.00284530	0.00573810	0.00322164	0.00459626	0.00672733	0.01318636
T[T>G]T	0.00048533	0.00761201	0.00989865	0.01487829	0.00583577	0.00409749	0.01937810	0.01410310	0.00871113	0.01713181	0.01394847	0.01051813	0.01963080
