MutationType	DBS78A	DBS78B	DBS78C
AC>CA	2.8149669014965183e-05	0.0199698140928831	0.04985485475626774
AC>CG	3.7817903648829085e-05	3.493217373033986e-05	4.9972701526712625e-05
AC>CT	3.7817903648829085e-05	3.493217373033986e-05	4.9972700799116866e-05
AC>GA	3.7817903648829085e-05	3.493217373033986e-05	4.9972701526712625e-05
AC>GG	0.02714835694496287	0.019979068221437045	0.028751997368090088
AC>GT	3.7817903648829085e-05	3.493217373033986e-05	4.9972701526712625e-05
AC>TA	3.7817903648829085e-05	3.493217373033986e-05	4.9972701526712625e-05
AC>TG	3.7817903648829085e-05	3.493217373033986e-05	4.9972701526712625e-05
AC>TT	0.028539510284879555	0.03851569453108823	0.030723645171747194
AT>CA	3.7817903648829085e-05	3.493217373033986e-05	4.9972701526712625e-05
AT>CC	3.7817903648829085e-05	3.493217373033986e-05	4.9972701526712625e-05
AT>CG	3.7817903648829085e-05	3.493217373033986e-05	4.9972700799116866e-05
AT>GA	3.7817903648829085e-05	3.493217373033986e-05	4.9972701526712625e-05
AT>GC	3.7817903648829085e-05	3.493217373033986e-05	4.9972700799116866e-05
AT>TA	3.7817903648829085e-05	3.493217373033986e-05	4.9972700799116866e-05
CC>AA	0.2951470255851746	0.029915259015688846	0.0952619699823117
CC>AG	0.030434312237393613	0.019956474741309193	0.10263592912742751
CC>AT	0.06566221831344592	1.1513123445183737e-05	0.05844111233491276
CC>GA	3.7817903648829085e-05	3.493217373033986e-05	4.9972700799116866e-05
CC>GG	3.7817903648829085e-05	3.493217373033986e-05	4.9972701526712625e-05
CC>GT	0.042362586016315616	0.01110358682963124	0.018133115806631395
CC>TA	2.43275118918973e-05	0.10170051907552988	2.843021065928042e-05
CC>TG	0.046740000738645905	2.8126595134381203e-05	3.991556186520029e-05
CC>TT	8.700315214582588e-06	0.322903037071228	5.6890126938213825e-06
CG>AT	3.7817903648829085e-05	3.493217373033986e-05	4.9972700799116866e-05
CG>GC	3.7817903648829085e-05	3.493217373033986e-05	4.9972701526712625e-05
CG>GT	3.7817903648829085e-05	3.493217373033986e-05	4.9972701526712625e-05
CG>TA	3.7817903648829085e-05	3.493217373033986e-05	4.9972701526712625e-05
CG>TC	3.7817903648829085e-05	3.493217373033986e-05	4.9972700799116866e-05
CG>TT	3.7817903648829085e-05	3.493217373033986e-05	4.9972700799116866e-05
CT>AA	0.020995536849113705	0.031047259801152905	0.0642467368808866
CT>AC	0.04090180604310376	2.0242552454874386e-05	0.030730161167957702
CT>AG	3.7817903648829085e-05	3.493217373033986e-05	4.9972701526712625e-05
CT>GA	3.7817903648829085e-05	3.493217373033986e-05	4.9972701526712625e-05
CT>GC	3.1353631129604764e-05	2.9808032559230922e-05	0.033260336700914196
CT>GG	3.7817903648829085e-05	3.493217373033986e-05	4.9972701526712625e-05
CT>TA	3.7817903648829085e-05	3.493217373033986e-05	4.9972701526712625e-05
CT>TC	3.7817903648829085e-05	3.493217373033986e-05	4.9972700799116866e-05
CT>TG	3.7817903648829085e-05	3.493217373033986e-05	4.9972701526712625e-05
GC>AA	0.016644395767434615	0.15030892938375473	1.8857863324228674e-05
GC>AG	3.7817903648829085e-05	3.493217373033986e-05	4.9972701526712625e-05
GC>AT	3.7817903648829085e-05	3.493217373033986e-05	4.9972701526712625e-05
GC>CA	3.7817903648829085e-05	3.493217373033986e-05	4.9972701526712625e-05
GC>CG	3.7817903648829085e-05	3.493217373033986e-05	4.9972700799116866e-05
GC>TA	3.7817903648829085e-05	3.493217373033986e-05	4.9972701526712625e-05
TA>AT	0.02715664506504254	0.022194424417466507	3.732342629518826e-05
TA>CG	3.7817903648829085e-05	3.493217373033986e-05	4.9972701526712625e-05
TA>CT	3.7817903648829085e-05	3.493217373033986e-05	4.9972701526712625e-05
TA>GC	3.7817903648829085e-05	3.493217373033986e-05	4.9972700799116866e-05
TA>GG	3.7817903648829085e-05	3.493217373033986e-05	4.9972700799116866e-05
TA>GT	1.838947969304838e-05	0.009996636703248659	0.09292664917229558
TC>AA	0.04517355803345709	1.8737419668468647e-05	0.018134843669395197
TC>AG	3.7817903648829085e-05	3.493217373033986e-05	4.9972701526712625e-05
TC>AT	0.19716714695096016	0.06860087045370164	0.047342321783577855
TC>CA	3.7817903648829085e-05	3.493217373033986e-05	4.9972701526712625e-05
TC>CG	3.7817903648829085e-05	3.493217373033986e-05	4.9972700799116866e-05
TC>CT	3.7817903648829085e-05	3.493217373033986e-05	4.9972701526712625e-05
TC>GA	3.7817903648829085e-05	3.493217373033986e-05	4.9972700799116866e-05
TC>GG	3.7817903648829085e-05	3.493217373033986e-05	4.9972700799116866e-05
TC>GT	0.01428163347154623	1.536703493911773e-05	0.06296264651828096
TG>AA	3.7817903648829085e-05	3.493217373033986e-05	4.9972701526712625e-05
TG>AC	3.7817903648829085e-05	3.493217373033986e-05	4.9972701526712625e-05
TG>AT	0.01665653860236489	2.546095238358248e-05	0.018143374925057288
TG>CA	3.7817903648829085e-05	3.493217373033986e-05	4.9972700799116866e-05
TG>CC	0.021013913557388707	0.019957764402658996	0.09814078901581524
TG>CT	0.033268900685834525	0.04214892740563982	0.03323557822126588
TG>GA	1.8652892722781366e-05	0.03327562430481521	0.06692043461152934
TG>GC	0.028542323052565165	1.9036322737520094e-05	0.0473382921427401
TG>GT	3.7817903648829085e-05	3.493217373033986e-05	4.9972700799116866e-05
TT>AA	2.9576940869446843e-05	0.05640615348675056	3.662100207293406e-05
TT>AC	3.7817903648829085e-05	3.493217373033986e-05	4.9972701526712625e-05
TT>AG	3.7817903648829085e-05	3.493217373033986e-05	4.9972701526712625e-05
TT>CA	3.7817903648829085e-05	3.493217373033986e-05	4.9972701526712625e-05
TT>CC	3.7817903648829085e-05	3.493217373033986e-05	4.9972701526712625e-05
TT>CG	3.7817903648829085e-05	3.493217373033986e-05	4.9972700799116866e-05
TT>GA	3.7817903648829085e-05	3.493217373033986e-05	4.9972700799116866e-05
TT>GC	3.7817903648829085e-05	3.493217373033986e-05	4.9972701526712625e-05
TT>GG	3.7817903648829085e-05	3.493217373033986e-05	4.9972700799116866e-05
