MutationType	DBS78A	DBS78B	DBS78C	DBS78D	DBS78E	DBS78F	DBS78G	DBS78H	DBS78I	DBS78J
AC>CA	0.00309697	0.00000108	0.00000061	0.00000185	0.00000058	0.00000186	0.00000380	0.00878790	0.01056283	0.01772828
AC>CG	0.00323943	0.00000072	0.00000088	0.00000107	0.01336437	0.00000216	0.00000440	0.00000641	0.00000185	0.00000339
AC>CT	0.00000071	0.00000055	0.01417496	0.00997003	0.01510762	0.00849866	0.00000389	0.00000519	0.00000253	0.00705201
AC>GA	0.00000054	0.03750065	0.01753354	0.00383764	0.00000073	0.00000207	0.00000246	0.00333624	0.00000125	0.00000256
AC>GG	0.00000156	0.00000131	0.00000158	0.00000137	0.00000171	0.00000279	0.00000466	0.00000727	0.00000253	0.00000444
AC>GT	0.00000143	0.00000127	0.00000144	0.00000122	0.00000155	0.00000267	0.00000334	0.00000753	0.01028502	0.00000419
AC>TA	0.00000054	0.01618566	0.01703983	0.00000089	0.01581608	0.03505976	0.00000228	0.05354599	0.00000035	0.00000124
AC>TG	0.00000093	0.00291666	0.00000025	0.01686950	0.00000140	0.00000202	0.02285526	0.00572441	0.00000113	0.00000310
AC>TT	0.02252079	0.00000071	0.00989679	0.00000115	0.00255982	0.00338686	0.00000509	0.00000386	0.00000155	0.02835199
AT>CA	0.00000105	0.00000050	0.01384912	0.00000125	0.00000116	0.00000181	0.00000411	0.00967069	0.00000223	0.00000313
AT>CC	0.00000156	0.00000131	0.00000158	0.00000137	0.00000171	0.00000279	0.00000466	0.00000727	0.00000253	0.00000444
AT>CG	0.00000156	0.00000131	0.00000158	0.00000137	0.00000171	0.00000279	0.00000466	0.00000727	0.00000253	0.00000444
AT>GA	0.00000141	0.00000079	0.00931465	0.00413170	0.00000127	0.00000175	0.00405677	0.00000627	0.00000300	0.00000369
AT>GC	0.00000156	0.00000131	0.00000158	0.00000137	0.00000171	0.00000279	0.00000466	0.00000727	0.00000253	0.00000444
AT>TA	0.00000088	0.00000044	0.00956027	0.00000134	0.01319690	0.00693785	0.00000517	0.00000559	0.00001135	0.00000312
CC>AA	0.02471692	0.29992078	0.06361813	0.36003856	0.09079582	0.01402112	0.20314065	0.00438320	0.14200262	0.06312178
CC>AG	0.01482566	0.03144707	0.01986029	0.03797934	0.01724540	0.06615580	0.00773262	0.01215742	0.04035174	0.04698889
CC>AT	0.03073486	0.14207515	0.01296418	0.06359249	0.04800304	0.05243240	0.02938029	0.02443000	0.05300872	0.05119737
CC>GA	0.00000006	0.00905605	0.00201749	0.02411784	0.04865974	0.03294052	0.02171831	0.03735939	0.05443583	0.03376461
CC>GG	0.00000114	0.00000071	0.00000140	0.00000124	0.01325657	0.00625190	0.00000412	0.00000622	0.00000148	0.00000381
CC>GT	0.05419524	0.00053976	0.01288696	0.00484859	0.00000078	0.01679260	0.01901649	0.05913574	0.00000000	0.07801516
CC>TA	0.04030807	0.02371115	0.01375113	0.00000268	0.00000018	0.03320817	0.00001171	0.00000294	0.00000102	0.00000048
CC>TG	0.00487117	0.01241178	0.00000122	0.00000134	0.00000112	0.00000178	0.00000280	0.00000466	0.00000234	0.00000407
CC>TT	0.26237494	0.00653394	0.01654252	0.02982108	0.01638497	0.05856635	0.06966795	0.01169097	0.02331872	0.04373192
CG>AT	0.00000149	0.00000122	0.00420533	0.00000135	0.00000139	0.00000212	0.00000440	0.00000669	0.00000271	0.00000431
CG>GC	0.00000156	0.00000131	0.00000158	0.00000137	0.00000171	0.00000279	0.00000466	0.00000727	0.00000253	0.00000444
CG>GT	0.00000080	0.00833534	0.00000111	0.00000106	0.00000159	0.00338737	0.00000397	0.00664558	0.00000176	0.00466116
CG>TA	0.00000091	0.00000073	0.00660033	0.00000067	0.00256131	0.00937710	0.00703119	0.02390169	0.00000062	0.00169054
CG>TC	0.00000156	0.00000131	0.00000158	0.00000137	0.00000171	0.00000279	0.00000466	0.00000727	0.00000253	0.00000444
CG>TT	0.00000156	0.00000131	0.00000158	0.00000137	0.00000171	0.00000279	0.00000466	0.00000727	0.00000253	0.00000444
CT>AA	0.01750292	0.01262688	0.01787754	0.02735806	0.00148096	0.01672463	0.06720571	0.03108988	0.03628972	0.00000210
CT>AC	0.00000134	0.00615243	0.00660077	0.00000191	0.00000147	0.00000218	0.00000414	0.00000601	0.00000221	0.00000419
CT>AG	0.00000025	0.00000035	0.02972686	0.00000038	0.03185456	0.05795628	0.01878087	0.01110539	0.01288279	0.00836749
CT>GA	0.00000065	0.00000029	0.01003169	0.00413487	0.02727536	0.00219512	0.00203112	0.00000491	0.00000081	0.00000283
CT>GC	0.02892046	0.00000045	0.00000028	0.00000081	0.00650273	0.00000105	0.00000314	0.00000667	0.00000223	0.00000225
CT>GG	0.00796736	0.00118062	0.00000000	0.00000277	0.00856870	0.01261913	0.00406235	0.00000339	0.00000168	0.02491975
CT>TA	0.06690752	0.02292312	0.02546525	0.00000000	0.00000011	0.03581706	0.01110261	0.01605160	0.06824054	0.01751440
CT>TC	0.00727400	0.00544018	0.00000018	0.00202202	0.00000077	0.00000091	0.01747395	0.00000715	0.00000057	0.02682262
CT>TG	0.00314031	0.00000072	0.00000043	0.00000162	0.00223528	0.00625268	0.00000401	0.00879305	0.02749492	0.00000317
GC>AA	0.01155787	0.04389663	0.07895851	0.03434244	0.00817642	0.03940874	0.19626683	0.02388617	0.05893551	0.01489198
GC>AG	0.01459754	0.04518502	0.03645782	0.04015454	0.00000013	0.04142253	0.01483457	0.02179723	0.00922153	0.01190054
GC>AT	0.00000095	0.00118135	0.00000065	0.00000038	0.00000069	0.05806503	0.00203900	0.01953347	0.00949653	0.00931710
GC>CA	0.01123896	0.00000053	0.00658753	0.00000045	0.04655602	0.00000044	0.00000199	0.00286174	0.00000068	0.01782448
GC>CG	0.00000156	0.00000131	0.00000158	0.00000137	0.00000171	0.00000279	0.00000466	0.00000727	0.00000253	0.00000444
GC>TA	0.00000092	0.00506489	0.00000104	0.00000143	0.02131433	0.00000240	0.01827477	0.00302743	0.00000128	0.00000320
TA>AT	0.00640676	0.00004563	0.00588565	0.01168059	0.00000040	0.00625527	0.00000245	0.02248963	0.01666647	0.01811359
TA>CG	0.00000119	0.00000074	0.00000120	0.00000113	0.00425701	0.00312721	0.00000420	0.00808651	0.00000156	0.00000300
TA>CT	0.00000019	0.00000075	0.00949864	0.00613122	0.04482001	0.01016488	0.00000082	0.00286046	0.01211770	0.11605155
TA>GC	0.00000156	0.00000131	0.00000158	0.00000137	0.00000171	0.00000279	0.00000466	0.00000727	0.00000253	0.00000444
TA>GG	0.00000142	0.00000099	0.00220049	0.00000116	0.00000224	0.00625241	0.00000455	0.00874763	0.00000121	0.00000360
TA>GT	0.00000046	0.01238862	0.00000031	0.00364415	0.00767722	0.00000202	0.01142998	0.01125835	0.01012918	0.00000196
TC>AA	0.01940782	0.04082380	0.21739058	0.11759867	0.09939252	0.06914989	0.02348173	0.07071660	0.03166970	0.06209526
TC>AG	0.02924200	0.02530602	0.00000000	0.00000079	0.00904879	0.05805295	0.00991946	0.01277322	0.00000105	0.02028217
TC>AT	0.17998332	0.06221326	0.07456977	0.02277705	0.01449035	0.04301124	0.03166634	0.06081759	0.05103264	0.02226433
TC>CA	0.01612855	0.02299092	0.07705257	0.00000087	0.03785119	0.00000237	0.00848269	0.00000036	0.08605634	0.02835096
TC>CG	0.00466094	0.01466419	0.00000027	0.00000147	0.02418179	0.00000161	0.00000318	0.00000433	0.00000160	0.00000236
TC>CT	0.03202224	0.01312712	0.00125393	0.02643185	0.03102755	0.00127165	0.02559694	0.00000115	0.02427532	0.00851404
TC>GA	0.00000000	0.00516600	0.05555118	0.01515591	0.00936543	0.01350377	0.04840986	0.01332809	0.01940256	0.00000114
TC>GG	0.01539245	0.00354509	0.00000033	0.00000240	0.01085143	0.00439362	0.00000797	0.00000432	0.00000160	0.00000241
TC>GT	0.00833065	0.00000045	0.02002408	0.00000067	0.00255930	0.00000057	0.01065931	0.01049137	0.00833486	0.02849572
TG>AA	0.00000080	0.01047068	0.00280591	0.00474299	0.02377575	0.00347482	0.00003497	0.00000322	0.00000182	0.00000301
TG>AC	0.00000158	0.00236362	0.00000058	0.00413401	0.00000089	0.00566902	0.00203584	0.00000646	0.00000269	0.00000430
TG>AT	0.00000008	0.01560930	0.03808565	0.03565766	0.04207783	0.02685040	0.01102248	0.03568344	0.01518921	0.04291222
TG>CA	0.01420779	0.00706010	0.01073788	0.02398130	0.01542734	0.01503987	0.01871029	0.09964361	0.02077657	0.00000077
TG>CC	0.00853039	0.00066461	0.00000009	0.00000062	0.00000064	0.00347619	0.01825950	0.02459561	0.01808444	0.00000064
TG>CT	0.00000000	0.00851053	0.02738166	0.05658582	0.05655938	0.07433494	0.02113646	0.17256336	0.10309989	0.00571595
TG>GA	0.00000123	0.00000126	0.00000133	0.00000160	0.01837193	0.00000257	0.00000400	0.00000586	0.00000162	0.00000370
TG>GC	0.00000108	0.00000096	0.00000107	0.00000142	0.01342350	0.00000240	0.00000420	0.00000630	0.00000182	0.00571972
TG>GT	0.00923738	0.00408584	0.00000000	0.00000041	0.02753795	0.01391351	0.01062242	0.01029058	0.02653728	0.00000289
TT>AA	0.01080833	0.00845031	0.00200345	0.00000047	0.03551915	0.00000072	0.00000061	0.01856763	0.00000049	0.06636758
TT>AC	0.00000107	0.00000073	0.00000118	0.00000149	0.02082459	0.00000247	0.00000399	0.00000559	0.00000147	0.00000360
TT>AG	0.00000096	0.00145870	0.00000039	0.00613146	0.00000111	0.00000199	0.00381411	0.00000614	0.00000135	0.03996820
TT>CA	0.01088837	0.00000083	0.00000079	0.00000150	0.00000159	0.00000214	0.00000411	0.00000580	0.00000240	0.00000361
TT>CC	0.00471646	0.00236328	0.00000042	0.00206825	0.00000057	0.01261873	0.00406236	0.00000547	0.00000292	0.00000305
TT>CG	0.00000117	0.00000102	0.00000136	0.00000104	0.00000136	0.00338759	0.00000392	0.01794623	0.00000202	0.00466112
TT>GA	0.00000156	0.00000131	0.00000158	0.00000137	0.00000171	0.00000279	0.00000466	0.00000727	0.00000253	0.00000444
TT>GC	0.00000141	0.00000103	0.00000119	0.00000140	0.00000150	0.00849991	0.00000431	0.00000628	0.00000322	0.02248196
TT>GG	0.00000126	0.00437417	0.00000125	0.00000133	0.00000157	0.00000255	0.00381422	0.00000738	0.00000218	0.00000430
