MutationType	DBS78A	DBS78B	DBS78C	DBS78D	DBS78E	DBS78F	DBS78G	DBS78H	DBS78I	DBS78J
AC>CA	1.90E-03	3.56E-07	2.91E-07	7.55E-07	2.79E-07	4.28E-07	1.52E-06	8.78E-03	6.65E-03	8.49E-03
AC>CG	3.24E-03	2.98E-07	2.35E-07	2.86E-07	2.01E-03	3.95E-07	7.59E-07	1.31E-06	2.30E-07	2.77E-07
AC>CT	1.50E-07	2.36E-07	8.12E-03	6.37E-03	6.44E-03	5.38E-03	1.10E-06	1.28E-06	9.76E-07	4.44E-03
AC>GA	2.55E-07	9.00E-03	6.61E-03	3.84E-03	4.84E-07	5.37E-07	7.05E-07	3.33E-03	2.97E-07	8.57E-07
AC>GG	1.58E-07	3.79E-07	2.51E-07	3.84E-07	2.71E-07	2.08E-07	7.54E-07	1.25E-06	3.52E-07	8.09E-07
AC>GT	1.87E-07	3.59E-07	3.19E-07	3.29E-07	2.20E-07	1.79E-07	1.24E-06	1.69E-06	7.82E-03	9.32E-07
AC>TA	1.65E-07	9.47E-03	1.11E-02	4.16E-07	8.17E-03	1.51E-02	5.05E-07	2.17E-02	3.49E-07	5.63E-07
AC>TG	3.81E-07	2.92E-03	1.90E-07	1.04E-02	2.17E-07	1.65E-07	2.29E-02	5.72E-03	4.82E-07	9.11E-07
AC>TT	8.03E-03	2.13E-07	3.54E-03	3.87E-07	2.56E-03	3.39E-03	1.81E-06	1.02E-06	4.54E-07	8.36E-03
AT>CA	2.78E-07	3.09E-07	3.94E-03	4.01E-07	3.59E-07	5.01E-07	5.75E-07	4.33E-03	2.05E-07	8.44E-07
AT>CC	1.58E-07	3.79E-07	2.51E-07	3.84E-07	2.71E-07	2.08E-07	7.54E-07	1.25E-06	3.52E-07	8.09E-07
AT>CG	1.58E-07	3.79E-07	2.51E-07	3.84E-07	2.71E-07	2.08E-07	7.54E-07	1.25E-06	3.52E-07	8.09E-07
AT>GA	2.31E-08	3.23E-07	2.65E-03	4.13E-03	3.72E-07	4.66E-07	4.05E-03	7.91E-07	8.40E-07	7.85E-07
AT>GC	1.58E-07	3.79E-07	2.51E-07	3.84E-07	2.71E-07	2.08E-07	7.54E-07	1.25E-06	3.52E-07	8.09E-07
AT>TA	1.69E-07	2.77E-07	4.16E-03	8.66E-07	6.18E-03	6.94E-03	1.69E-06	1.94E-06	1.01E-05	7.62E-07
CC>AA	7.22E-03	1.31E-02	3.01E-02	6.69E-02	2.72E-02	9.36E-03	7.07E-02	4.38E-03	4.95E-02	1.93E-02
CC>AG	4.11E-03	7.03E-03	9.60E-03	2.09E-02	2.78E-03	2.25E-02	5.89E-03	1.22E-02	6.70E-03	1.49E-02
CC>AT	1.24E-02	3.33E-02	9.41E-03	2.50E-02	9.11E-03	1.84E-02	1.84E-02	1.94E-02	1.78E-02	9.49E-03
CC>GA	5.89E-08	6.38E-03	2.02E-03	1.38E-02	1.02E-02	1.19E-02	1.30E-02	2.02E-02	1.99E-02	8.93E-03
CC>GG	7.44E-08	2.94E-07	2.68E-07	4.69E-07	5.18E-03	6.25E-03	9.85E-07	1.59E-06	3.87E-07	5.68E-07
CC>GT	8.54E-03	5.40E-04	3.86E-03	3.01E-03	7.76E-07	8.32E-03	1.24E-02	3.65E-02	0.00E+00	3.40E-02
CC>TA	4.28E-03	7.72E-03	3.70E-03	1.98E-06	1.84E-07	1.18E-02	1.11E-05	4.35E-07	6.48E-07	2.30E-07
CC>TG	3.18E-03	2.58E-03	5.05E-07	3.96E-07	3.83E-07	7.60E-07	1.18E-06	1.58E-06	4.03E-07	1.22E-06
CC>TT	9.22E-03	3.76E-03	7.20E-03	1.58E-02	6.90E-03	1.73E-02	3.02E-02	8.62E-03	8.02E-03	1.44E-02
CG>AT	1.98E-07	3.94E-07	2.58E-03	3.81E-07	2.16E-07	5.64E-07	6.63E-07	8.26E-07	3.87E-07	8.56E-07
CG>GC	1.58E-07	3.79E-07	2.51E-07	3.84E-07	2.71E-07	2.08E-07	7.54E-07	1.25E-06	3.52E-07	8.09E-07
CG>GT	1.43E-07	3.69E-03	4.24E-07	5.13E-07	2.78E-07	3.38E-03	8.04E-07	4.44E-03	6.28E-07	4.65E-03
CG>TA	2.56E-07	2.21E-07	6.60E-03	3.31E-07	2.56E-03	9.38E-03	7.03E-03	8.11E-03	3.93E-07	1.69E-03
CG>TC	1.58E-07	3.79E-07	2.51E-07	3.84E-07	2.71E-07	2.08E-07	7.54E-07	1.25E-06	3.52E-07	8.09E-07
CG>TT	1.58E-07	3.79E-07	2.51E-07	3.84E-07	2.71E-07	2.08E-07	7.54E-07	1.25E-06	3.52E-07	8.09E-07
CT>AA	7.10E-03	6.52E-03	9.87E-03	1.08E-02	1.48E-03	5.70E-03	2.14E-02	1.57E-02	2.11E-02	1.06E-06
CT>AC	1.19E-07	2.60E-03	6.60E-03	2.40E-07	2.44E-07	5.69E-07	8.23E-07	5.48E-07	4.30E-07	9.33E-07
CT>AG	2.53E-07	2.94E-07	9.09E-03	3.84E-07	7.48E-03	2.15E-02	1.64E-02	8.59E-03	1.29E-02	8.37E-03
CT>GA	2.71E-07	2.25E-07	4.74E-03	4.13E-03	6.05E-03	2.19E-03	2.03E-03	1.67E-06	3.87E-07	4.12E-07
CT>GC	4.80E-03	1.90E-07	1.78E-07	3.64E-07	4.36E-03	4.43E-07	7.63E-07	1.70E-06	5.25E-07	1.03E-06
CT>GG	2.57E-03	1.18E-03	1.69E-19	1.92E-06	3.99E-03	1.01E-02	4.05E-03	1.52E-06	8.11E-07	1.29E-02
CT>TA	1.15E-02	6.74E-03	8.18E-03	9.67E-34	1.13E-07	1.83E-02	1.11E-02	1.07E-02	2.90E-02	1.18E-02
CT>TC	4.35E-03	3.64E-03	1.81E-07	2.02E-03	3.55E-07	5.47E-07	1.11E-02	3.88E-06	3.52E-07	5.17E-03
CT>TG	1.92E-03	2.99E-07	2.87E-07	7.73E-07	2.23E-03	6.25E-03	1.20E-06	8.79E-03	1.73E-02	7.66E-07
GC>AA	4.06E-03	2.45E-02	1.39E-02	8.37E-03	6.18E-03	1.95E-02	3.83E-02	1.02E-02	2.02E-02	7.71E-03
GC>AG	2.96E-03	8.88E-03	1.14E-02	1.74E-02	8.33E-08	1.84E-02	1.11E-02	1.72E-02	5.67E-03	8.39E-03
GC>AT	8.64E-08	1.18E-03	4.54E-07	2.40E-07	4.20E-07	3.07E-02	2.03E-03	1.46E-02	6.51E-03	9.30E-03
GC>CA	3.87E-03	3.33E-07	4.03E-03	3.00E-07	1.40E-02	4.42E-07	8.79E-07	2.86E-03	4.57E-07	8.39E-03
GC>CG	1.58E-07	3.79E-07	2.51E-07	3.84E-07	2.71E-07	2.08E-07	7.54E-07	1.25E-06	3.52E-07	8.09E-07
GC>TA	4.17E-07	5.06E-03	2.98E-07	4.73E-07	9.87E-03	2.06E-07	1.18E-02	3.02E-03	4.30E-07	6.96E-07
TA>AT	1.62E-03	4.51E-05	2.44E-03	1.17E-02	2.44E-07	6.25E-03	1.39E-06	1.19E-02	1.02E-02	1.31E-02
TA>CG	1.15E-07	2.47E-07	2.56E-07	3.07E-07	2.61E-03	3.12E-03	8.43E-07	3.37E-03	2.41E-07	2.79E-07
TA>CT	1.85E-07	6.08E-07	3.21E-03	6.13E-03	6.83E-03	1.02E-02	5.24E-07	2.86E-03	1.21E-02	2.27E-02
TA>GC	1.58E-07	3.79E-07	2.51E-07	3.84E-07	2.71E-07	2.08E-07	7.54E-07	1.25E-06	3.52E-07	8.09E-07
TA>GG	1.09E-07	2.83E-07	2.20E-03	3.20E-07	8.65E-07	6.25E-03	9.58E-07	5.76E-03	5.12E-07	4.13E-07
TA>GT	1.74E-07	6.66E-03	3.13E-07	3.64E-03	7.68E-03	4.23E-07	1.14E-02	8.60E-03	4.92E-03	1.13E-06
TC>AA	8.18E-03	6.52E-03	2.77E-02	5.20E-02	2.90E-02	2.77E-02	1.69E-02	3.26E-02	1.62E-02	1.67E-02
TC>AG	9.67E-03	1.16E-02	0.00E+00	2.31E-07	2.30E-03	2.55E-02	6.76E-03	1.28E-02	6.54E-07	9.87E-03
TC>AT	1.84E-02	2.02E-02	2.15E-02	1.02E-02	1.01E-02	1.80E-02	1.29E-02	2.54E-02	1.46E-02	1.66E-02
TC>CA	4.58E-03	8.60E-03	1.94E-02	5.88E-07	5.12E-03	2.37E-06	5.31E-03	3.60E-07	2.64E-02	1.14E-02
TC>CG	3.07E-03	4.64E-03	2.74E-07	4.06E-07	6.12E-03	3.86E-07	8.86E-07	1.26E-06	3.77E-07	3.90E-07
TC>CT	4.60E-03	6.43E-03	1.25E-03	1.67E-02	7.03E-03	1.27E-03	1.23E-02	5.78E-07	1.02E-02	3.99E-03
TC>GA	0.00E+00	3.63E-03	1.78E-02	9.53E-03	3.73E-03	1.01E-02	2.99E-02	1.33E-02	1.29E-02	7.08E-07
TC>GG	5.58E-03	3.54E-03	3.27E-07	1.20E-06	4.88E-03	4.39E-03	5.78E-06	5.70E-07	5.72E-07	7.98E-07
TC>GT	4.74E-03	2.78E-07	6.71E-03	3.05E-07	2.56E-03	3.78E-07	6.95E-03	6.55E-03	5.11E-03	8.07E-03
TG>AA	2.13E-07	2.98E-03	1.88E-03	2.94E-03	3.80E-03	3.47E-03	3.28E-05	1.80E-06	1.00E-06	9.18E-07
TG>AC	1.68E-07	2.36E-03	3.01E-07	4.13E-03	2.24E-07	3.61E-03	2.02E-03	1.75E-06	1.30E-06	1.15E-06
TG>AT	8.48E-08	6.10E-03	1.63E-02	1.01E-02	1.44E-02	1.61E-02	8.71E-03	1.99E-02	6.49E-03	1.50E-02
TG>CA	7.31E-03	7.06E-03	6.80E-03	1.56E-02	1.04E-02	9.42E-03	1.87E-02	3.55E-02	7.14E-03	4.75E-07
TG>CC	3.09E-03	6.64E-04	9.12E-08	4.06E-07	2.67E-07	3.47E-03	1.18E-02	1.65E-02	5.35E-03	6.37E-07
TG>CT	2.81E-26	5.29E-03	9.09E-03	2.20E-02	1.09E-02	2.10E-02	2.11E-02	5.04E-02	1.93E-02	5.71E-03
TG>GA	2.56E-07	4.24E-07	1.45E-07	4.93E-07	7.74E-03	2.22E-07	6.26E-07	1.17E-06	2.87E-07	4.54E-07
TG>GC	8.04E-08	2.61E-07	2.15E-07	4.41E-07	2.15E-03	2.21E-07	6.36E-07	1.32E-06	1.26E-07	5.72E-03
TG>GT	4.40E-03	2.62E-03	0.00E+00	2.14E-07	6.83E-03	8.59E-03	6.92E-03	6.40E-03	9.62E-03	1.86E-06
TT>AA	3.80E-03	2.58E-03	2.00E-03	3.74E-07	3.55E-03	4.39E-07	4.42E-07	1.37E-02	4.92E-07	3.37E-02
TT>AC	1.02E-07	3.04E-07	1.04E-07	4.98E-07	6.22E-03	1.75E-07	6.69E-07	1.43E-06	1.93E-07	3.78E-07
TT>AG	3.25E-07	1.46E-03	1.70E-07	6.13E-03	2.89E-07	4.16E-07	3.81E-03	1.41E-06	5.92E-07	1.31E-02
TT>CA	5.64E-03	3.21E-07	3.89E-07	5.04E-07	2.23E-07	2.29E-07	7.37E-07	8.54E-07	3.75E-07	1.14E-06
TT>CC	3.21E-03	2.36E-03	2.83E-07	2.06E-03	2.42E-07	1.01E-02	4.05E-03	1.50E-06	1.49E-06	1.23E-06
TT>CG	1.29E-07	1.46E-07	1.36E-07	4.66E-07	1.63E-07	3.38E-03	6.11E-07	8.27E-03	6.05E-07	4.65E-03
TT>GA	1.58E-07	3.79E-07	2.51E-07	3.84E-07	2.71E-07	2.08E-07	7.54E-07	1.25E-06	3.52E-07	8.09E-07
TT>GC	1.81E-07	3.60E-07	2.43E-07	3.69E-07	2.55E-07	5.38E-03	7.97E-07	1.17E-06	1.58E-06	1.03E-02
TT>GG	3.42E-07	4.37E-03	3.60E-07	3.92E-07	2.45E-07	2.18E-07	3.81E-03	1.25E-06	6.19E-07	9.20E-07
