MutationType	DBS78A	DBS78B	DBS78C	DBS78D	DBS78E	DBS78F	DBS78G
AC>CA	0.00000203	0.00094887	0.00222932	0.00192690	0.01225697	0.00000348	0.00261176
AC>CG	0.00000148	0.00000143	0.00438253	0.00829377	0.00000337	0.00171461	0.00000151
AC>CT	0.00000599	0.00426180	0.00000078	0.00734308	0.01693939	0.00281753	0.00933989
AC>GA	0.01439710	0.02121311	0.00000586	0.00308192	0.00383579	0.00000077	0.02623084
AC>GG	0.00000226	0.00000155	0.00000176	0.00000162	0.00000564	0.00000358	0.00000275
AC>GT	0.00086110	0.00138501	0.00000150	0.00000126	0.00000546	0.00166105	0.00522404
AC>TA	0.00000035	0.00840630	0.00000069	0.00903386	0.01300885	0.04515866	0.00651061
AC>TG	0.00000413	0.00318987	0.00000104	0.00000052	0.00569022	0.00497848	0.00000286
AC>TT	0.00000158	0.00520567	0.01114619	0.00733279	0.01421551	0.00285240	0.00217084
AT>CA	0.00000412	0.00000098	0.00000099	0.00000102	0.00604232	0.02311271	0.00568699
AT>CC	0.00000226	0.00000155	0.00000176	0.00000162	0.00000564	0.00000358	0.00000275
AT>CG	0.00000226	0.00000155	0.00000176	0.00000162	0.00000564	0.00000358	0.00000275
AT>GA	0.00663556	0.00000109	0.00121135	0.00000092	0.00319610	0.00564435	0.00461397
AT>GC	0.00000226	0.00000155	0.00000176	0.00000162	0.00000564	0.00000358	0.00000275
AT>TA	0.00577956	0.00179606	0.00000102	0.00345485	0.00000415	0.00564663	0.00851797
CC>AA	0.28573894	0.28097732	0.01437601	0.14407193	0.03420301	0.00795690	0.03039954
CC>AG	0.02205469	0.04563858	0.00962430	0.03312010	0.03319115	0.05749137	0.02161665
CC>AT	0.05812947	0.09612913	0.05065099	0.02448321	0.03669390	0.01752420	0.04367409
CC>GA	0.00939544	0.06005271	0.00000011	0.02823966	0.02557156	0.01880275	0.03026761
CC>GG	0.00000131	0.00608533	0.00000108	0.00923077	0.00556854	0.00000615	0.00000174
CC>GT	0.01537855	0.00299461	0.05387399	0.00000063	0.05504398	0.00892932	0.01217691
CC>TA	0.00066646	0.01293433	0.05652845	0.00000052	0.00031509	0.00942108	0.00281640
CC>TG	0.00095229	0.00236158	0.00925987	0.00000092	0.00000261	0.00000151	0.00161276
CC>TT	0.03259922	0.00466689	0.29267914	0.02466737	0.00468130	0.02746554	0.04924891
CG>AT	0.00086122	0.00000139	0.00000136	0.00000142	0.00000480	0.00846576	0.00446675
CG>GC	0.00000226	0.00000155	0.00000176	0.00000162	0.00000564	0.00000358	0.00000275
CG>GT	0.00095162	0.00472131	0.00000742	0.00726658	0.00831108	0.00000168	0.00483581
CG>TA	0.00000105	0.00472104	0.00000086	0.00000055	0.05498089	0.00333456	0.00175869
CG>TC	0.00000226	0.00000155	0.00000176	0.00000162	0.00000564	0.00000358	0.00000275
CG>TT	0.00000226	0.00000155	0.00000176	0.00000162	0.00000564	0.00000358	0.00000275
CT>AA	0.03103189	0.02542389	0.01546169	0.00806153	0.01364364	0.03360541	0.01821480
CT>AC	0.00000283	0.00000163	0.00000139	0.00000137	0.00000497	0.00282316	0.00893090
CT>AG	0.00267563	0.00477703	0.00000028	0.02780440	0.01397739	0.06898647	0.03460702
CT>GA	0.00489551	0.00615917	0.00000090	0.00717308	0.00000312	0.00294618	0.00405356
CT>GC	0.00000142	0.00000148	0.00916564	0.00558336	0.00000264	0.00186609	0.00000170
CT>GG	0.00317481	0.00951692	0.00439614	0.01181324	0.00800294	0.00004083	0.00436721
CT>TA	0.00527217	0.01459587	0.08015233	0.00809615	0.00750205	0.02419974	0.05577030
CT>TC	0.02926078	0.00000040	0.00334385	0.00000120	0.00322989	0.00000112	0.00000259
CT>TG	0.00085937	0.00000078	0.00404539	0.01117275	0.02120268	0.00666807	0.00527214
GC>AA	0.08246188	0.01989368	0.01730198	0.01391619	0.04464148	0.02117382	0.05957837
GC>AG	0.01206575	0.04908908	0.02904411	0.00000007	0.04470536	0.02622765	0.02627962
GC>AT	0.01198569	0.02039227	0.00000064	0.01347359	0.02768869	0.01938557	0.00322958
GC>CA	0.00403403	0.00000062	0.00157945	0.02248777	0.00428312	0.00685809	0.00663614
GC>CG	0.00000226	0.00000155	0.00000176	0.00000162	0.00000564	0.00000358	0.00000275
GC>TA	0.00095180	0.00721945	0.00000108	0.00849992	0.01140451	0.00000316	0.00000249
TA>AT	0.00798595	0.00179423	0.00857601	0.00000062	0.03379033	0.00435127	0.02317122
TA>CG	0.00000176	0.00000126	0.00000128	0.00191098	0.00371537	0.00000298	0.00527363
TA>CT	0.01297722	0.00070110	0.00000040	0.03551641	0.02716412	0.02351750	0.01304627
TA>GC	0.00000226	0.00000155	0.00000176	0.00000162	0.00000564	0.00000358	0.00000275
TA>GG	0.00000171	0.00000121	0.00000129	0.00000139	0.00694196	0.00000324	0.00175968
TA>GT	0.00211599	0.01470356	0.00000059	0.00192598	0.01938374	0.00081209	0.00000131
TC>AA	0.09964116	0.00166175	0.01006318	0.11807700	0.09769412	0.11250379	0.14435599
TC>AG	0.01162663	0.01321839	0.04556592	0.01200246	0.01618578	0.01590296	0.00708886
TC>AT	0.03204292	0.02723915	0.18736573	0.01324341	0.04908170	0.03862031	0.09271099
TC>CA	0.04483779	0.01211992	0.00633980	0.05428759	0.00000058	0.01825458	0.05823806
TC>CG	0.00095138	0.01042016	0.00196622	0.01914034	0.00000111	0.00000195	0.00000152
TC>CT	0.01742847	0.02599472	0.01459999	0.01238189	0.00304202	0.00000064	0.00566677
TC>GA	0.02870591	0.01659712	0.00000050	0.00635983	0.00000122	0.03924331	0.03814191
TC>GG	0.00246219	0.00112240	0.00517296	0.00870640	0.00000408	0.00000241	0.00000137
TC>GT	0.00549783	0.00541017	0.00405858	0.00578799	0.02190465	0.02575132	0.01533428
TG>AA	0.00910347	0.00957810	0.00000085	0.01747088	0.00000175	0.00282271	0.00175844
TG>AC	0.00246254	0.00187730	0.00000133	0.00000139	0.00000466	0.00000306	0.00175931
TG>AT	0.02829422	0.03236947	0.00000018	0.05373128	0.01876327	0.01267623	0.03158212
TG>CA	0.01653369	0.01047985	0.00233376	0.01323683	0.00569595	0.07826916	0.02376926
TG>CC	0.00085547	0.00263407	0.00519764	0.00385162	0.00000226	0.01121107	0.00000214
TG>CT	0.01844057	0.05541428	0.00000013	0.07111321	0.08333486	0.09996564	0.01012765
TG>GA	0.00000186	0.00000249	0.00000126	0.00403864	0.00000486	0.00171510	0.00000210
TG>GC	0.00635001	0.00000105	0.00000111	0.01434646	0.00596607	0.00000274	0.00000235
TG>GT	0.00219958	0.01780747	0.01649534	0.02313621	0.00716009	0.01252385	0.00977160
TT>AA	0.00000051	0.00590794	0.00581508	0.03948377	0.01661102	0.01966726	0.00000090
TT>AC	0.00000166	0.00000250	0.00000098	0.00908406	0.00000432	0.00513884	0.00000138
TT>AG	0.00635037	0.00277066	0.00000114	0.00384984	0.02287142	0.00331927	0.01044009
TT>CA	0.00000203	0.00000108	0.00642018	0.00000109	0.00000425	0.00000284	0.00000259
TT>CC	0.00000170	0.00000055	0.00951673	0.00000094	0.00000366	0.00000216	0.00000239
TT>CG	0.00000168	0.00000121	0.00000137	0.00572970	0.01588769	0.00257287	0.00000173
TT>GA	0.00000226	0.00000155	0.00000176	0.00000162	0.00000564	0.00000358	0.00000275
TT>GC	0.00000158	0.00538349	0.00000156	0.00192506	0.00681837	0.00000549	0.00522116
TT>GG	0.00000267	0.00000115	0.00000164	0.00000134	0.00383980	0.00332075	0.00000194
