MutationType	DBS78A	DBS78B	DBS78C	DBS78D	DBS78E	DBS78F	DBS78G	DBS78H	DBS78I	DBS78J
AC>CA	3.38E-06	4.06E-02	5.98E-06	1.60E-05	2.85E-02	3.80E-06	3.98E-02	7.04E-06	7.73E-02	1.06E-05
AC>CG	4.82E-06	1.84E-05	2.03E-06	1.53E-05	8.37E-06	1.91E-06	8.21E-06	4.94E-06	1.06E-05	8.08E-06
AC>CT	4.82E-06	1.85E-05	2.03E-06	1.53E-05	8.37E-06	1.91E-06	8.21E-06	4.94E-06	1.03E-05	8.08E-06
AC>GA	4.82E-06	1.88E-05	2.03E-06	1.53E-05	8.37E-06	1.91E-06	8.21E-06	4.94E-06	7.55E-06	8.08E-06
AC>GG	6.67E-06	1.08E-05	6.81E-06	1.21E-05	1.94E-01	6.65E-02	1.30E-05	2.31E-05	1.36E-05	1.97E-05
AC>GT	4.82E-06	1.86E-05	2.03E-06	1.53E-05	8.37E-06	1.91E-06	8.21E-06	4.94E-06	9.21E-06	8.08E-06
AC>TA	4.82E-06	1.83E-05	2.03E-06	1.53E-05	8.37E-06	1.91E-06	8.21E-06	4.94E-06	1.13E-05	8.08E-06
AC>TG	4.82E-06	1.86E-05	2.03E-06	1.53E-05	8.37E-06	1.91E-06	8.21E-06	4.94E-06	9.47E-06	8.08E-06
AC>TT	2.39E-06	1.66E-05	7.98E-02	6.64E-02	1.05E-05	5.10E-06	9.64E-02	1.82E-05	9.62E-06	6.64E-02
AT>CA	4.82E-06	1.89E-05	2.03E-06	1.53E-05	8.37E-06	1.91E-06	8.21E-06	4.94E-06	7.42E-06	8.08E-06
AT>CC	4.82E-06	1.92E-05	2.03E-06	1.53E-05	8.37E-06	1.91E-06	8.21E-06	4.94E-06	5.41E-06	8.08E-06
AT>CG	4.82E-06	1.90E-05	2.03E-06	1.53E-05	8.37E-06	1.91E-06	8.21E-06	4.94E-06	6.57E-06	8.08E-06
AT>GA	4.82E-06	1.84E-05	2.03E-06	1.53E-05	8.37E-06	1.91E-06	8.21E-06	4.94E-06	1.12E-05	8.08E-06
AT>GC	4.82E-06	1.88E-05	2.03E-06	1.53E-05	8.37E-06	1.91E-06	8.21E-06	4.94E-06	8.00E-06	8.08E-06
AT>TA	4.82E-06	1.86E-05	2.03E-06	1.53E-05	8.37E-06	1.91E-06	8.21E-06	4.94E-06	9.21E-06	8.08E-06
CC>AA	1.28E-06	1.84E-01	6.83E-02	2.99E-02	6.66E-02	5.51E-02	5.98E-02	1.66E-05	5.86E-03	6.64E-02
CC>AG	2.08E-06	1.21E-07	2.17E-06	1.91E-05	1.11E-05	5.66E-06	9.09E-06	9.91E-02	9.25E-06	1.83E-05
CC>AT	5.50E-06	1.81E-05	6.72E-06	6.08E-02	1.11E-05	1.91E-06	6.98E-02	8.36E-06	1.14E-05	1.72E-05
CC>GA	4.82E-06	1.92E-05	2.03E-06	1.53E-05	8.37E-06	1.91E-06	8.21E-06	4.94E-06	5.32E-06	8.08E-06
CC>GG	4.82E-06	1.92E-05	2.03E-06	1.53E-05	8.37E-06	1.91E-06	8.21E-06	4.94E-06	5.49E-06	8.08E-06
CC>GT	2.13E-06	6.63E-02	5.95E-06	1.94E-01	6.64E-02	5.98E-06	1.58E-05	1.77E-05	6.64E-02	1.42E-05
CC>TA	2.42E-02	7.66E-03	7.03E-06	1.38E-05	8.55E-02	6.19E-06	7.97E-02	1.63E-05	1.08E-01	1.30E-05
CC>TG	3.44E-06	1.09E-05	6.83E-06	1.75E-05	9.99E-06	9.78E-02	1.63E-05	1.34E-05	8.35E-06	1.55E-05
CC>TT	9.98E-02	1.44E-01	7.11E-06	1.01E-05	1.11E-05	4.91E-06	1.13E-05	1.81E-05	1.28E-05	1.32E-01
CG>AT	4.82E-06	1.88E-05	2.03E-06	1.53E-05	8.37E-06	1.91E-06	8.21E-06	4.94E-06	7.86E-06	8.08E-06
CG>GC	4.82E-06	1.84E-05	2.03E-06	1.53E-05	8.37E-06	1.91E-06	8.21E-06	4.94E-06	1.09E-05	8.08E-06
CG>GT	4.82E-06	1.86E-05	2.03E-06	1.53E-05	8.37E-06	1.91E-06	8.21E-06	4.94E-06	9.35E-06	8.08E-06
CG>TA	4.82E-06	1.85E-05	2.03E-06	1.53E-05	8.37E-06	1.91E-06	8.21E-06	4.94E-06	9.79E-06	8.08E-06
CG>TC	4.82E-06	1.87E-05	2.03E-06	1.53E-05	8.37E-06	1.91E-06	8.21E-06	4.94E-06	8.62E-06	8.08E-06
CG>TT	4.82E-06	1.88E-05	2.03E-06	1.53E-05	8.37E-06	1.91E-06	8.21E-06	4.94E-06	7.72E-06	8.08E-06
CT>AA	2.19E-06	3.99E-02	7.47E-06	1.82E-05	1.33E-01	6.65E-02	2.50E-05	1.97E-05	1.10E-05	2.20E-05
CT>AC	5.84E-06	1.67E-05	8.15E-06	7.90E-02	1.21E-05	5.58E-06	6.54E-06	1.11E-05	1.43E-05	1.86E-05
CT>AG	4.82E-06	1.91E-05	2.03E-06	1.53E-05	8.37E-06	1.91E-06	8.21E-06	4.94E-06	6.13E-06	8.08E-06
CT>GA	4.82E-06	1.87E-05	2.03E-06	1.53E-05	8.37E-06	1.91E-06	8.21E-06	4.94E-06	8.45E-06	8.08E-06
CT>GC	6.55E-08	9.87E-06	7.57E-06	8.58E-06	8.88E-06	4.82E-06	9.95E-02	1.78E-05	1.63E-01	1.64E-05
CT>GG	4.82E-06	1.90E-05	2.03E-06	1.53E-05	8.37E-06	1.91E-06	8.21E-06	4.94E-06	6.86E-06	8.08E-06
CT>TA	4.82E-06	1.87E-05	2.03E-06	1.53E-05	8.37E-06	1.91E-06	8.21E-06	4.94E-06	8.32E-06	8.08E-06
CT>TC	4.82E-06	1.83E-05	2.03E-06	1.53E-05	8.37E-06	1.91E-06	8.21E-06	4.94E-06	1.13E-05	8.08E-06
CT>TG	4.82E-06	1.85E-05	2.03E-06	1.53E-05	8.37E-06	1.91E-06	8.21E-06	4.94E-06	9.81E-06	8.08E-06
GC>AA	2.30E-02	1.57E-05	9.48E-02	1.51E-05	8.19E-06	2.88E-06	1.08E-05	6.02E-06	1.21E-05	1.29E-05
GC>AG	4.82E-06	1.84E-05	2.03E-06	1.53E-05	8.37E-06	1.91E-06	8.21E-06	4.94E-06	1.06E-05	8.08E-06
GC>AT	4.82E-06	1.90E-05	2.03E-06	1.53E-05	8.37E-06	1.91E-06	8.21E-06	4.94E-06	6.34E-06	8.08E-06
GC>CA	4.82E-06	1.84E-05	2.03E-06	1.53E-05	8.37E-06	1.91E-06	8.21E-06	4.94E-06	1.04E-05	8.08E-06
GC>CG	4.82E-06	1.89E-05	2.03E-06	1.53E-05	8.37E-06	1.91E-06	8.21E-06	4.94E-06	7.23E-06	8.08E-06
GC>TA	4.82E-06	1.86E-05	2.03E-06	1.53E-05	8.37E-06	1.91E-06	8.21E-06	4.94E-06	9.37E-06	8.08E-06
TA>AT	2.52E-06	1.89E-05	2.86E-06	1.30E-01	2.85E-02	3.11E-06	1.11E-05	4.68E-06	1.20E-05	1.95E-05
TA>CG	4.82E-06	1.87E-05	2.03E-06	1.53E-05	8.37E-06	1.91E-06	8.21E-06	4.94E-06	8.43E-06	8.08E-06
TA>CT	4.82E-06	1.83E-05	2.03E-06	1.53E-05	8.37E-06	1.91E-06	8.21E-06	4.94E-06	1.14E-05	8.08E-06
TA>GC	4.82E-06	1.91E-05	2.03E-06	1.53E-05	8.37E-06	1.91E-06	8.21E-06	4.94E-06	6.00E-06	8.08E-06
TA>GG	4.82E-06	1.85E-05	2.03E-06	1.53E-05	8.37E-06	1.91E-06	8.21E-06	4.94E-06	1.01E-05	8.08E-06
TA>GT	5.22E-06	1.22E-01	6.95E-06	1.83E-05	2.85E-02	2.86E-06	1.50E-05	1.07E-05	8.66E-03	9.57E-06
TC>AA	2.17E-06	3.09E-06	6.12E-06	1.90E-05	8.63E-06	6.53E-02	1.15E-05	2.07E-05	1.07E-05	1.23E-05
TC>AG	4.82E-06	1.85E-05	2.03E-06	1.53E-05	8.37E-06	1.91E-06	8.21E-06	4.94E-06	9.92E-06	8.08E-06
TC>AT	1.08E-01	1.03E-05	1.42E-01	6.65E-02	9.59E-06	4.78E-06	1.05E-05	1.87E-05	1.56E-05	6.64E-02
TC>CA	4.82E-06	1.90E-05	2.03E-06	1.53E-05	8.37E-06	1.91E-06	8.21E-06	4.94E-06	6.61E-06	8.08E-06
TC>CG	4.82E-06	1.84E-05	2.03E-06	1.53E-05	8.37E-06	1.91E-06	8.21E-06	4.94E-06	1.07E-05	8.08E-06
TC>CT	4.82E-06	1.94E-05	2.03E-06	1.53E-05	8.37E-06	1.91E-06	8.21E-06	4.94E-06	4.42E-06	8.08E-06
TC>GA	4.82E-06	1.88E-05	2.03E-06	1.53E-05	8.37E-06	1.91E-06	8.21E-06	4.94E-06	7.80E-06	8.08E-06
TC>GG	4.82E-06	1.87E-05	2.03E-06	1.53E-05	8.37E-06	1.91E-06	8.21E-06	4.94E-06	8.56E-06	8.08E-06
TC>GT	3.17E-06	4.35E-06	5.28E-06	1.96E-05	9.17E-06	2.90E-06	1.55E-05	2.15E-05	1.07E-05	1.62E-01
TG>AA	4.82E-06	1.88E-05	2.03E-06	1.53E-05	8.37E-06	1.91E-06	8.21E-06	4.94E-06	8.02E-06	8.08E-06
TG>AC	4.82E-06	1.87E-05	2.03E-06	1.53E-05	8.37E-06	1.91E-06	8.21E-06	4.94E-06	8.81E-06	8.08E-06
TG>AT	5.23E-06	1.08E-05	4.03E-06	1.89E-05	8.08E-06	8.32E-02	1.46E-05	2.20E-05	1.10E-05	1.56E-05
TG>CA	4.82E-06	1.86E-05	2.03E-06	1.53E-05	8.37E-06	1.91E-06	8.21E-06	4.94E-06	9.33E-06	8.08E-06
TG>CC	2.44E-06	8.64E-06	6.08E-06	2.06E-05	1.03E-05	5.29E-06	7.04E-02	1.41E-05	1.09E-05	1.76E-05
TG>CT	5.31E-06	1.84E-05	8.72E-06	8.12E-06	1.31E-05	6.90E-06	1.97E-05	1.71E-05	9.96E-02	1.61E-05
TG>GA	2.19E-06	9.95E-02	7.25E-06	1.95E-05	1.05E-01	5.33E-06	6.62E-02	2.15E-05	1.18E-05	1.48E-05
TG>GC	5.94E-06	1.20E-05	1.08E-05	2.39E-02	9.55E-06	3.88E-06	1.14E-05	9.95E-02	6.64E-02	6.64E-02
TG>GT	4.82E-06	1.97E-05	2.03E-06	1.53E-05	8.37E-06	1.91E-06	8.21E-06	4.94E-06	3.53E-06	8.08E-06
TT>AA	3.12E-02	1.45E-05	7.58E-06	1.20E-05	7.30E-06	1.57E-06	1.01E-05	1.10E-05	2.68E-06	1.03E-05
TT>AC	4.82E-06	1.85E-05	2.03E-06	1.53E-05	8.37E-06	1.91E-06	8.21E-06	4.94E-06	9.91E-06	8.08E-06
TT>AG	4.82E-06	1.85E-05	2.03E-06	1.53E-05	8.37E-06	1.91E-06	8.21E-06	4.94E-06	1.03E-05	8.08E-06
TT>CA	4.82E-06	1.86E-05	2.03E-06	1.53E-05	8.37E-06	1.91E-06	8.21E-06	4.94E-06	9.39E-06	8.08E-06
TT>CC	4.82E-06	1.85E-05	2.03E-06	1.53E-05	8.37E-06	1.91E-06	8.21E-06	4.94E-06	1.03E-05	8.08E-06
TT>CG	4.82E-06	1.88E-05	2.03E-06	1.53E-05	8.37E-06	1.91E-06	8.21E-06	4.94E-06	7.74E-06	8.08E-06
TT>GA	4.82E-06	1.86E-05	2.03E-06	1.53E-05	8.37E-06	1.91E-06	8.21E-06	4.94E-06	9.27E-06	8.08E-06
TT>GC	4.82E-06	1.85E-05	2.03E-06	1.53E-05	8.37E-06	1.91E-06	8.21E-06	4.94E-06	1.03E-05	8.08E-06
TT>GG	4.82E-06	2.03E-05	2.03E-06	1.53E-05	8.37E-06	1.91E-06	8.21E-06	4.94E-06	3.15E-06	8.08E-06
