Samples	SBS96A	SBS96B	SBS96C	SBS96D	SBS96E	SBS96F	SBS96G	SBS96H	SBS96I	SBS96J	SBS96K
TCGA-3C-AAAU-01	0	3	15	16	0	0	12	0	0	0	0
TCGA-3C-AALI-01	321	224	113	0	0	0	0	150	0	0	0
TCGA-3C-AALJ-01	8	0	6	6	15	0	0	7	10	14	0
TCGA-3C-AALK-01	6	6	0	14	11	0	0	0	11	7	9
TCGA-4H-AAAK-01	0	0	0	6	14	0	0	13	0	0	0
TCGA-5L-AAT0-01	43	69	67	0	0	0	0	42	0	58	0
TCGA-5L-AAT1-01	597	681	463	0	0	0	0	245	0	0	0
TCGA-5T-A9QA-01	0	0	0	30	0	0	0	0	0	23	0
TCGA-A1-A0SB-01	0	0	2	1	0	0	4	0	9	0	0
TCGA-A1-A0SD-01	0	0	5	9	0	0	0	0	26	0	0
TCGA-A1-A0SE-01	0	4	5	0	0	0	6	8	0	13	0
TCGA-A1-A0SF-01	0	27	16	7	0	0	0	0	0	14	0
TCGA-A1-A0SG-01	0	0	4	6	0	0	0	14	11	0	0
TCGA-A1-A0SH-01	27	34	18	8	0	0	0	0	0	34	17
TCGA-A1-A0SI-01	111	74	69	0	0	0	0	24	0	0	0
TCGA-A1-A0SJ-01	6	5	0	16	13	0	0	0	0	0	0
TCGA-A1-A0SK-01	0	0	8	9	0	28	0	0	39	0	0
TCGA-A1-A0SM-01	0	0	0	7	0	0	6	12	0	0	7
TCGA-A1-A0SN-01	19	6	0	11	13	0	0	19	0	8	0
TCGA-A1-A0SO-01	13	12	24	0	55	99	0	0	60	0	90
TCGA-A1-A0SP-01	0	0	0	12	15	14	0	0	0	29	0
TCGA-A2-A04N-01	0	7	0	11	0	0	0	20	15	0	0
TCGA-A2-A04R-01	7	0	8	0	22	19	0	8	15	0	23
TCGA-A2-A04U-01	0	0	8	8	0	19	0	8	24	0	0
TCGA-A2-A04W-01	50	36	53	13	0	0	0	35	0	0	0
TCGA-A2-A0CK-01	0	4	3	10	0	0	0	0	10	0	0
TCGA-A2-A0CL-01	62	55	42	24	0	0	0	17	0	0	0
TCGA-A2-A0CR-01	72	82	21	0	0	0	0	12	0	23	0
TCGA-A2-A0CS-01	0	0	0	16	18	0	0	0	14	0	0
TCGA-A2-A0CV-01	2	0	0	8	7	0	0	7	0	0	0
TCGA-A2-A0CW-01	13	16	0	10	0	0	0	9	15	9	12
TCGA-A2-A0D3-01	0	2	0	23	0	0	0	0	0	7	0
TCGA-A2-A0EN-01	0	0	0	3	0	0	0	7	23	6	0
TCGA-A2-A0EP-01	4	1	0	0	0	0	3	0	3	5	0
TCGA-A2-A0ES-01	0	0	0	2	0	0	0	2	5	10	0
TCGA-A2-A0EW-01	2	0	0	5	0	5	6	2	0	0	0
TCGA-A2-A0ST-01	0	2	6	3	0	0	4	0	13	0	0
TCGA-A2-A0SU-01	0	0	0	7	13	9	0	0	0	6	0
TCGA-A2-A0SX-01	3	3	0	7	0	0	5	0	0	14	9
TCGA-A2-A0SY-01	60	38	16	9	0	0	0	29	0	25	0
TCGA-A2-A0T0-01	15	9	0	12	0	81	40	0	0	23	37
TCGA-A2-A0T1-01	0	0	0	4	0	0	5	7	16	0	0
TCGA-A2-A0T3-01	0	0	0	15	0	0	0	4	0	0	25
TCGA-A2-A0T4-01	7	4	0	10	0	14	6	0	0	0	0
TCGA-A2-A0T5-01	0	2	0	6	0	0	0	0	5	0	0
TCGA-A2-A0T6-01	0	4	0	16	0	0	0	0	8	0	0
TCGA-A2-A0T7-01	0	3	0	10	0	7	0	5	4	0	0
TCGA-A2-A0YC-01	2	4	0	9	0	13	0	0	0	4	0
TCGA-A2-A0YD-01	21	24	0	10	0	0	0	32	0	0	0
TCGA-A2-A0YE-01	0	8	0	14	0	0	0	0	0	8	13
TCGA-A2-A0YF-01	0	2	0	9	0	0	0	0	0	9	19
TCGA-A2-A0YG-01	0	7	5	12	0	11	8	6	15	14	0
TCGA-A2-A0YH-01	28	16	13	6	0	0	0	8	29	0	0
TCGA-A2-A0YI-01	2	0	0	0	0	0	0	3	5	8	0
TCGA-A2-A0YJ-01	7	0	0	21	0	32	9	6	12	0	11
TCGA-A2-A0YK-01	204	161	77	0	0	0	0	36	0	0	0
TCGA-A2-A0YL-01	9	11	0	0	0	0	0	0	6	17	0
TCGA-A2-A0YM-01	15	13	30	29	0	0	12	10	0	0	0
TCGA-A2-A0YT-01	0	16	0	19	0	19	0	27	0	0	0
TCGA-A2-A1FV-01	0	8	0	10	0	0	0	0	19	13	0
TCGA-A2-A1FW-01	6	0	0	18	0	0	0	9	19	29	14
TCGA-A2-A1FX-01	0	0	0	7	0	0	0	4	0	7	10
TCGA-A2-A1FZ-01	0	0	6	5	0	0	7	0	11	0	0
TCGA-A2-A1G0-01	0	3	0	0	0	0	0	5	15	0	0
TCGA-A2-A1G1-01	0	4	0	0	8	11	0	0	16	0	0
TCGA-A2-A1G6-01	1	0	0	0	6	0	0	0	3	0	0
TCGA-A2-A259-01	0	2	8	3	0	0	0	4	6	6	0
TCGA-A2-A25A-01	33	44	16	12	0	0	0	0	0	24	0
TCGA-A2-A25B-01	0	0	17	9	25	29	0	13	0	15	20
TCGA-A2-A25C-01	0	0	0	0	0	0	10	0	0	11	18
TCGA-A2-A25D-01	4	5	2	4	23	2	3	3	8	9	1
TCGA-A2-A25E-01	0	5	7	0	23	17	0	0	9	0	0
TCGA-A2-A25F-01	0	0	0	0	0	3	0	0	0	0	3
TCGA-A2-A3KD-01	0	2	0	4	0	0	0	0	9	3	0
TCGA-A2-A3XT-01	24	0	10	0	0	36	15	0	23	0	14
TCGA-A2-A3XU-01	0	2	0	10	0	7	6	0	6	0	0
TCGA-A2-A3XV-01	0	0	0	7	23	0	0	8	0	10	0
TCGA-A2-A3XW-01	0	1	0	3	0	4	4	5	0	0	0
TCGA-A2-A3XX-01	0	3	0	7	11	16	0	8	7	0	0
TCGA-A2-A3XZ-01	15	8	0	10	0	0	0	12	0	7	0
TCGA-A2-A3Y0-01	46	10	0	23	0	98	42	0	0	24	0
TCGA-A2-A4S1-01	4	5	0	20	0	20	13	0	0	0	36
TCGA-A2-A4S2-01	0	8	0	5	14	0	0	0	16	0	0
TCGA-A2-A4S3-01	5	6	14	13	15	9	9	1	17	1	17
TCGA-A7-A0CE-01	0	4	5	6	0	18	10	0	0	18	0
TCGA-A7-A0CH-01	0	0	3	3	0	0	0	3	0	8	0
TCGA-A7-A0D9-01	1	2	0	2	0	0	0	0	0	7	0
TCGA-A7-A0DA-01	13	9	0	11	24	91	0	15	0	0	24
TCGA-A7-A0DB-01	12	12	0	11	0	0	0	0	18	0	0
TCGA-A7-A13D-01	11	0	17	20	0	69	0	0	0	23	0
TCGA-A7-A13E-01	4	0	7	29	12	0	0	0	28	0	0
TCGA-A7-A13F-01	2	0	7	16	8	0	0	12	0	0	0
TCGA-A7-A13G-01	2	9	0	9	12	0	0	0	0	0	0
TCGA-A7-A26E-01	3	17	0	12	0	0	0	20	15	0	0
TCGA-A7-A26F-01	0	3	5	4	0	0	0	6	28	0	0
TCGA-A7-A26G-01	8	10	0	8	0	16	0	0	0	11	15
TCGA-A7-A26H-01	41	29	24	25	0	0	0	0	16	15	0
TCGA-A7-A26I-01	2	5	0	5	0	12	5	4	0	13	0
TCGA-A7-A26J-01	0	0	14	0	0	0	0	0	18	0	10
TCGA-A7-A2KD-01	3	8	0	23	0	0	0	5	0	16	0
TCGA-A7-A3RF-01	0	3	0	0	9	0	0	0	28	0	0
TCGA-A7-A425-01	0	0	0	7	0	0	0	0	19	7	0
TCGA-A7-A4SC-01	0	2	0	10	0	0	0	6	0	8	12
TCGA-A7-A4SD-01	0	0	0	25	0	11	8	7	11	0	0
TCGA-A7-A4SE-01	30	12	0	0	36	39	0	0	15	14	0
TCGA-A7-A56D-01	39	56	32	31	0	0	0	19	0	20	28
TCGA-A7-A5ZV-01	26	5	14	33	6	93	32	11	4	19	25
TCGA-A7-A5ZW-01	6	5	0	2	0	0	7	4	12	0	0
TCGA-A7-A5ZX-01	0	4	5	5	0	11	6	11	0	0	0
TCGA-A7-A6VV-01	7	0	8	14	0	10	0	0	16	9	0
TCGA-A7-A6VW-01	5	4	0	0	0	26	13	7	27	10	0
TCGA-A7-A6VX-01	7	25	28	0	38	36	0	0	21	22	0
TCGA-A7-A6VY-01	11	5	15	6	23	48	10	8	4	2	4
TCGA-A8-A075-01	13	15	0	8	0	23	0	0	13	28	0
TCGA-AC-A23C-01	18	30	21	13	0	0	21	0	0	18	24
TCGA-AC-A23E-01	0	0	0	10	0	5	0	3	0	0	6
TCGA-AC-A23H-01	2733	2204	1113	0	0	0	0	328	0	0	0
TCGA-AC-A2B8-01	38	44	34	12	0	0	0	0	0	0	0
TCGA-AC-A2BK-01	5	0	0	26	15	40	14	0	0	10	0
TCGA-AC-A2BM-01	4	0	0	6	16	0	0	0	0	0	0
TCGA-AC-A2FB-01	0	4	4	4	0	0	5	0	0	0	0
TCGA-AC-A2FF-01	2	0	6	0	0	0	0	0	3	0	0
TCGA-AC-A2FG-01	0	6	5	3	0	0	0	5	20	0	0
TCGA-AC-A2FK-01	0	0	3	0	0	0	0	0	0	0	0
TCGA-AC-A2FO-01	3	5	8	0	0	0	0	3	8	0	0
TCGA-AC-A2QH-01	2	2	0	7	9	0	0	0	7	0	0
TCGA-AC-A3HN-01	2	2	0	6	8	0	0	0	0	4	0
TCGA-AC-A3OD-01	0	7	0	7	15	0	0	10	0	0	0
TCGA-AC-A3QP-01	0	0	0	0	0	0	8	10	11	0	6
TCGA-AC-A3QQ-01	0	0	5	13	12	0	0	0	0	6	0
TCGA-AC-A3W5-01	43	19	0	13	31	63	0	13	0	29	0
TCGA-AC-A3YI-01	0	0	0	4	0	0	6	8	0	0	0
TCGA-AC-A3YJ-01	0	5	0	16	0	0	0	0	0	17	0
TCGA-AC-A4ZE-01	0	9	0	11	31	0	0	0	12	11	0
TCGA-AC-A5EH-01	12	11	16	11	21	55	20	9	13	3	34
TCGA-AC-A5EI-01	0	10	5	7	0	0	0	4	17	0	0
TCGA-AC-A5XS-01	190	185	202	0	0	0	0	73	0	65	0
TCGA-AC-A5XU-01	0	10	28	44	16	0	0	0	0	15	0
TCGA-AC-A62V-01	7	0	0	38	24	18	0	0	0	19	0
TCGA-AC-A62X-01	0	0	8	45	0	0	9	0	0	0	25
TCGA-AC-A62Y-01	20	15	0	14	0	0	13	0	27	0	0
TCGA-AC-A6IV-01	0	0	0	2	6	0	0	10	9	0	0
TCGA-AC-A6IW-01	53	24	41	34	0	35	0	0	0	44	0
TCGA-AC-A6IX-01	5	19	11	11	10	0	8	0	0	7	0
TCGA-AC-A6NO-01	0	2	0	6	9	0	0	0	17	9	0
TCGA-AC-A7VB-01	0	0	0	12	15	0	0	0	8	0	0
TCGA-AC-A7VC-01	0	0	0	5	7	0	0	7	7	0	0
TCGA-AC-A8OP-01	14	9	11	39	27	39	27	26	4	8	40
TCGA-AC-A8OQ-01	5	15	0	15	30	0	0	17	40	15	0
TCGA-AC-A8OR-01	0	0	0	11	21	0	0	0	0	0	0
TCGA-AC-A8OS-01	5	13	0	7	0	14	10	0	21	9	0
TCGA-AN-A0XL-01	0	0	4	8	0	0	6	3	0	8	11
TCGA-AN-A0XN-01	13	2	9	5	23	36	22	9	17	14	25
TCGA-AN-A0XO-01	2	7	0	0	0	0	8	13	7	6	0
TCGA-AN-A0XP-01	4	5	0	7	0	0	10	0	0	0	8
TCGA-AN-A0XR-01	2	4	0	4	15	0	0	0	7	6	0
TCGA-AN-A0XS-01	0	6	0	3	16	0	0	7	0	0	0
TCGA-AN-A0XT-01	0	0	4	7	0	0	0	0	11	0	0
TCGA-AN-A0XU-01	16	5	0	0	18	29	0	7	32	0	30
TCGA-AN-A0XV-01	3	0	9	10	0	0	10	6	0	6	0
TCGA-AN-A0XW-01	192	141	90	0	0	0	0	0	0	0	0
TCGA-AO-A03M-01	498	341	311	0	0	0	0	0	0	0	0
TCGA-AO-A03N-01	32	31	45	17	0	0	0	9	0	0	0
TCGA-AO-A03U-01	2	0	3	0	0	0	0	0	0	0	0
TCGA-AO-A03V-01	3	5	23	8	0	0	0	6	0	17	10
TCGA-AO-A0JG-01	0	2	0	0	0	0	4	0	0	7	8
TCGA-AO-A124-01	8	2	8	11	9	57	13	11	14	11	34
TCGA-AO-A125-01	0	3	0	14	8	11	0	9	0	0	0
TCGA-AO-A126-01	0	3	0	0	0	0	0	4	18	0	0
TCGA-AO-A128-01	0	0	0	397	275	0	538	0	0	0	0
TCGA-AO-A129-01	21	12	0	0	0	28	19	0	34	14	16
TCGA-AO-A12A-01	0	7	0	12	0	0	0	0	0	0	0
TCGA-AO-A12B-01	0	1	0	9	0	7	0	0	6	0	0
TCGA-AO-A12D-01	7	17	8	7	0	0	0	18	0	16	0
TCGA-AO-A12E-01	0	2	0	15	0	0	0	0	0	16	0
TCGA-AO-A12F-01	0	0	0	18	18	0	0	4	0	0	0
TCGA-AO-A12G-01	3	3	6	6	0	0	0	0	24	0	0
TCGA-AO-A12H-01	0	0	0	4	0	0	0	3	17	6	0
TCGA-AO-A1KO-01	0	0	0	0	0	0	6	4	0	0	0
TCGA-AO-A1KR-01	8	6	0	9	0	36	12	7	11	0	0
TCGA-AO-A1KT-01	0	4	0	11	0	9	14	6	7	0	0
TCGA-AQ-A04H-01	6	0	0	30	16	0	0	7	22	0	0
TCGA-AQ-A0Y5-01	11	10	0	21	0	15	0	13	0	0	0
TCGA-AQ-A1H2-01	0	2	0	8	7	0	0	6	11	0	0
TCGA-AQ-A1H3-01	0	0	0	18	0	0	0	0	9	0	0
TCGA-AQ-A54O-01	0	6	0	10	0	0	0	0	0	0	9
TCGA-AQ-A7U7-01	26	27	0	0	17	0	0	16	10	0	0
TCGA-AR-A0TP-01	5	4	0	0	0	29	12	0	14	7	0
TCGA-AR-A0TQ-01	0	12	6	11	0	0	0	0	0	10	10
TCGA-AR-A0TR-01	0	0	0	12	0	0	11	7	0	12	0
TCGA-AR-A0TS-01	9	6	0	18	0	25	0	0	0	21	11
TCGA-AR-A0TT-01	7	10	0	17	20	0	10	11	0	0	0
TCGA-AR-A0TU-01	9	4	0	4	13	21	0	0	22	0	17
TCGA-AR-A0TV-01	0	3	10	13	16	0	0	0	27	10	0
TCGA-AR-A0TW-01	0	0	7	14	0	0	0	8	20	0	18
TCGA-AR-A0TX-01	152	137	60	0	0	0	0	58	0	0	0
TCGA-AR-A0TZ-01	14	10	0	10	0	0	0	17	0	0	16
TCGA-AR-A0U0-01	5	0	15	6	10	0	0	3	0	0	11
TCGA-AR-A0U1-01	13	0	11	5	0	36	23	0	0	0	21
TCGA-AR-A0U2-01	0	0	0	18	31	0	0	0	0	7	0
TCGA-AR-A0U3-01	0	0	0	9	12	0	0	6	0	13	0
TCGA-AR-A0U4-01	42	13	12	12	0	59	0	0	0	22	41
TCGA-AR-A1AH-01	8	4	0	8	32	15	17	0	0	0	36
TCGA-AR-A1AI-01	11	0	16	12	19	0	0	16	0	15	0
TCGA-AR-A1AJ-01	8	15	0	8	0	0	0	5	17	0	0
TCGA-AR-A1AK-01	19	14	0	10	0	0	0	11	10	9	9
TCGA-AR-A1AL-01	4	4	0	7	0	0	9	0	0	6	0
TCGA-AR-A1AN-01	2	0	7	8	0	0	0	0	14	0	0
TCGA-AR-A1AO-01	12	10	19	12	0	44	0	13	0	0	12
TCGA-AR-A1AP-01	4	3	9	17	0	0	0	7	0	11	0
TCGA-AR-A1AQ-01	2	2	0	11	0	18	8	0	0	0	0
TCGA-AR-A1AR-01	8	4	0	17	0	14	0	0	0	0	20
TCGA-AR-A1AS-01	0	10	6	3	18	0	0	4	0	0	0
TCGA-AR-A1AT-01	0	2	0	11	0	19	0	0	0	0	0
TCGA-AR-A1AU-01	0	0	6	6	0	0	3	0	6	5	0
TCGA-AR-A1AV-01	0	2	7	15	0	0	0	5	10	10	0
TCGA-AR-A1AW-01	0	2	0	9	17	0	6	0	0	7	0
TCGA-AR-A1AX-01	0	0	5	3	0	0	0	8	7	9	0
TCGA-AR-A1AY-01	3	6	9	13	8	6	5	2	11	2	7
TCGA-AR-A24H-01	18	7	8	8	0	54	0	0	22	0	35
TCGA-AR-A24K-01	0	0	0	0	0	9	0	5	16	4	0
TCGA-AR-A24L-01	6	0	6	0	21	20	0	0	0	0	0
TCGA-AR-A24M-01	0	2	0	6	0	0	10	0	0	0	7
TCGA-AR-A24N-01	0	6	0	15	11	0	0	0	0	15	0
TCGA-AR-A24O-01	2	0	0	4	0	0	0	0	12	4	0
TCGA-AR-A24P-01	0	0	0	3	0	0	0	9	7	0	0
TCGA-AR-A24Q-01	14	17	24	0	47	73	0	0	0	20	37
TCGA-AR-A24R-01	0	2	0	10	0	7	7	0	0	0	0
TCGA-AR-A24S-01	5	7	0	14	0	0	9	0	9	13	0
TCGA-AR-A24T-01	0	1	0	8	0	0	0	3	5	3	4
TCGA-AR-A24U-01	8	8	8	9	0	0	0	5	0	6	0
TCGA-AR-A24V-01	3	2	0	10	0	0	5	8	0	0	0
TCGA-AR-A24W-01	0	0	2	0	4	0	0	3	0	5	0
TCGA-AR-A24X-01	0	0	0	4	0	0	4	9	9	8	0
TCGA-AR-A24Z-01	4	4	0	11	10	16	0	0	11	0	0
TCGA-AR-A250-01	46	13	17	34	0	0	0	26	0	19	0
TCGA-AR-A251-01	32	5	0	11	0	79	20	0	0	32	26
TCGA-AR-A252-01	0	0	0	8	0	0	4	0	0	7	0
TCGA-AR-A254-01	0	3	0	10	0	0	0	8	8	13	0
TCGA-AR-A255-01	16	13	0	9	0	0	8	13	0	0	30
TCGA-AR-A256-01	9	11	33	5	23	82	13	9	12	7	20
TCGA-AR-A2LE-01	85	136	124	0	0	0	0	49	0	0	0
TCGA-AR-A2LH-01	8	17	24	4	0	0	0	9	0	9	0
TCGA-AR-A2LK-01	0	4	6	16	0	0	6	0	9	7	0
TCGA-AR-A2LL-01	0	0	0	7	0	0	0	0	23	0	7
TCGA-AR-A2LM-01	0	0	0	0	0	0	0	7	10	0	0
TCGA-AR-A2LN-01	0	11	12	5	0	0	0	8	0	18	0
TCGA-AR-A2LO-01	2	2	0	5	0	0	0	3	0	5	0
TCGA-AR-A2LQ-01	0	0	0	6	0	0	0	0	7	0	0
TCGA-AR-A2LR-01	0	0	0	10	19	0	0	8	12	10	11
TCGA-AR-A5QM-01	0	0	0	8	0	0	0	4	14	10	0
TCGA-AR-A5QN-01	0	5	0	16	14	0	0	6	0	8	0
TCGA-AR-A5QP-01	0	3	0	6	0	0	5	3	12	5	0
TCGA-AR-A5QQ-01	6	5	9	10	20	30	16	0	0	0	0
TCGA-B6-A0I1-01	0	5	0	5	0	11	0	8	51	0	0
TCGA-B6-A0IH-01	0	0	0	12	13	0	0	6	0	10	0
TCGA-B6-A0RH-01	5	8	6	0	0	0	0	0	26	0	0
TCGA-B6-A0RL-01	6	14	0	23	20	0	0	6	0	0	0
TCGA-B6-A0RM-01	0	6	0	9	11	0	0	0	6	4	0
TCGA-B6-A0RN-01	0	2	0	10	11	0	0	3	7	0	0
TCGA-B6-A0RO-01	0	3	0	0	15	10	0	15	0	0	0
TCGA-B6-A0RP-01	0	0	0	10	0	0	0	0	0	20	0
TCGA-B6-A0RQ-01	0	11	16	8	0	0	8	5	0	8	0
TCGA-B6-A0RT-01	14	0	15	9	0	23	0	0	0	0	11
TCGA-B6-A0RU-01	0	4	5	9	0	9	11	11	0	0	9
TCGA-B6-A0RV-01	17	23	8	0	0	0	0	0	19	0	0
TCGA-B6-A0WS-01	2	2	0	2	0	0	8	0	0	0	4
TCGA-B6-A0WT-01	0	0	0	6	0	0	6	6	0	0	4
TCGA-B6-A0WV-01	5	0	0	0	12	0	0	0	11	9	0
TCGA-B6-A0WW-01	4	8	0	11	0	0	7	6	0	0	11
TCGA-B6-A0WX-01	0	0	0	9	0	0	8	7	10	0	11
TCGA-B6-A0WY-01	3	5	0	5	16	0	0	6	0	0	0
TCGA-B6-A0WZ-01	16	44	26	0	0	0	0	9	0	0	0
TCGA-B6-A0X0-01	0	2	0	3	0	0	0	5	6	0	9
TCGA-B6-A0X1-01	13	0	10	0	11	17	13	14	0	14	0
TCGA-B6-A0X4-01	0	0	0	3	0	0	0	12	0	0	7
TCGA-B6-A0X5-01	0	3	0	0	0	0	8	17	0	0	20
TCGA-B6-A0X7-01	0	3	2	4	4	0	0	3	7	0	0
TCGA-B6-A1KN-01	3	0	0	12	0	0	10	0	0	21	26
TCGA-B6-A2IU-01	0	11	0	10	0	0	6	17	0	10	0
TCGA-B6-A401-01	1	0	0	6	11	0	0	4	0	6	0
TCGA-B6-A409-01	3	3	3	11	3	4	3	4	12	7	3
TCGA-B6-A40B-01	5	14	0	14	0	0	0	0	0	33	0
TCGA-B6-A40C-01	0	4	0	13	0	0	0	0	28	0	9
TCGA-BH-A0AU-01	2	1	0	4	10	0	0	0	6	0	0
TCGA-BH-A0AV-01	11	3	0	0	17	24	9	5	0	18	0
TCGA-BH-A0AY-01	0	5	0	5	0	0	0	12	14	0	10
TCGA-BH-A0AZ-01	8	13	0	0	0	19	0	0	0	12	18
TCGA-BH-A0B0-01	17	37	20	0	0	0	0	25	0	0	0
TCGA-BH-A0B3-01	1	2	0	5	0	6	0	0	0	0	4
TCGA-BH-A0B6-01	389	427	277	0	0	0	0	107	0	90	0
TCGA-BH-A0B7-01	7	3	0	12	0	0	0	14	0	6	0
TCGA-BH-A0B8-01	0	4	8	0	15	0	0	0	7	0	0
TCGA-BH-A0BA-01	4	5	0	4	9	0	0	0	7	0	0
TCGA-BH-A0BC-01	3	7	6	9	0	0	0	4	16	0	0
TCGA-BH-A0BF-01	8	0	0	6	8	0	0	5	6	0	0
TCGA-BH-A0BG-01	4	6	0	6	9	20	0	0	0	0	0
TCGA-BH-A0BJ-01	0	0	3	0	4	0	0	3	7	0	0
TCGA-BH-A0BL-01	3	0	0	9	0	22	0	6	13	0	16
TCGA-BH-A0BM-01	0	3	0	2	0	0	0	0	0	5	9
TCGA-BH-A0BO-01	3	0	4	5	0	0	14	5	0	0	0
TCGA-BH-A0BP-01	31	15	2	26	11	24	1	30	7	33	16
TCGA-BH-A0BQ-01	0	3	0	8	9	0	0	4	0	0	6
TCGA-BH-A0BS-01	0	1	0	4	0	7	0	0	5	6	0
TCGA-BH-A0BT-01	0	4	6	15	0	0	9	5	0	9	0
TCGA-BH-A0BV-01	0	3	0	2	0	0	0	0	5	14	0
TCGA-BH-A0BW-01	5	9	5	4	21	18	13	5	19	1	3
TCGA-BH-A0BZ-01	31	11	2	12	51	89	16	3	6	25	50
TCGA-BH-A0C0-01	0	4	0	5	0	16	11	4	0	8	0
TCGA-BH-A0C1-01	0	7	0	12	31	0	0	0	0	0	0
TCGA-BH-A0C3-01	0	0	0	0	0	0	4	2	12	0	0
TCGA-BH-A0C7-01	3	0	0	8	16	0	0	4	27	0	0
TCGA-BH-A0DD-01	4	4	0	16	0	0	7	6	0	0	0
TCGA-BH-A0DE-01	0	2	4	0	0	0	0	0	15	7	5
TCGA-BH-A0DG-01	8	4	0	0	11	0	0	18	0	0	6
TCGA-BH-A0DH-01	0	12	0	14	0	0	0	5	9	12	0
TCGA-BH-A0DI-01	10	9	5	12	0	12	0	0	0	14	0
TCGA-BH-A0DK-01	3	4	0	6	0	0	6	0	11	0	23
TCGA-BH-A0DL-01	5	15	0	20	25	0	0	0	0	0	0
TCGA-BH-A0DO-01	4	3	0	4	10	0	0	9	0	0	0
TCGA-BH-A0DP-01	0	4	3	3	0	9	0	0	0	0	0
TCGA-BH-A0DQ-01	0	0	0	12	17	0	0	0	0	6	0
TCGA-BH-A0DT-01	0	3	0	3	0	0	0	0	9	0	0
TCGA-BH-A0DV-01	0	3	0	0	6	0	0	0	0	6	0
TCGA-BH-A0DX-01	14	28	0	5	0	0	0	7	23	0	0
TCGA-BH-A0DZ-01	80	59	56	0	0	0	0	22	0	0	0
TCGA-BH-A0E0-01	2	0	0	11	0	0	0	5	6	0	0
TCGA-BH-A0E1-01	3	1	0	1	0	0	0	4	10	0	0
TCGA-BH-A0E9-01	0	2	0	15	0	0	0	0	0	11	0
TCGA-BH-A0EA-01	1	2	0	3	15	0	0	5	0	6	0
TCGA-BH-A0EI-01	0	0	6	11	0	0	7	0	0	0	0
TCGA-BH-A0H3-01	0	1	0	0	0	0	0	0	10	6	0
TCGA-BH-A0H5-01	48	52	41	0	0	0	0	28	0	0	0
TCGA-BH-A0H7-01	3	1	0	2	0	0	3	0	8	0	0
TCGA-BH-A0H9-01	0	3	0	0	0	6	0	0	5	9	0
TCGA-BH-A0HA-01	14	20	0	89	78	0	126	0	55	0	0
TCGA-BH-A0HI-01	0	6	0	8	0	0	0	0	9	0	12
TCGA-BH-A0HK-01	6	19	18	11	0	0	0	9	0	0	0
TCGA-BH-A0HN-01	0	3	5	10	0	0	0	9	7	0	0
TCGA-BH-A0HP-01	111	109	137	0	0	0	0	0	0	0	0
TCGA-BH-A0RX-01	0	4	0	31	0	0	0	14	0	0	0
TCGA-BH-A0W3-01	2	3	0	4	0	6	0	0	4	0	4
TCGA-BH-A0W4-01	3	5	0	0	0	0	0	14	11	6	0
TCGA-BH-A0W5-01	0	0	0	10	0	0	7	4	0	0	8
TCGA-BH-A0W7-01	97	92	57	0	0	0	0	15	0	0	0
TCGA-BH-A0WA-01	5	9	14	8	0	46	12	0	0	19	0
TCGA-BH-A18F-01	0	12	11	6	0	0	0	11	20	0	7
TCGA-BH-A18G-01	0	0	0	379	637	0	652	0	0	0	0
TCGA-BH-A18H-01	3	5	8	0	16	0	6	4	0	12	0
TCGA-BH-A18I-01	2	4	0	16	0	0	0	9	0	0	0
TCGA-BH-A18J-01	32	51	0	7	21	0	0	0	0	0	0
TCGA-BH-A18K-01	12	14	0	4	0	0	8	9	0	21	0
TCGA-BH-A18L-01	4	0	0	23	0	0	9	5	0	14	10
TCGA-BH-A18M-01	2	2	3	8	0	0	0	0	0	3	0
TCGA-BH-A18N-01	0	0	0	14	0	0	15	0	14	0	0
TCGA-BH-A18P-01	129	142	71	0	0	0	0	54	0	42	0
TCGA-BH-A18Q-01	6	0	10	0	23	31	0	0	15	10	12
TCGA-BH-A18R-01	0	3	10	0	0	17	0	0	12	0	0
TCGA-BH-A18S-01	4	0	0	0	9	0	9	7	0	0	8
TCGA-BH-A18T-01	10	5	3	4	24	39	3	4	4	5	1
TCGA-BH-A18U-01	25	47	31	25	0	24	0	0	26	0	0
TCGA-BH-A18V-01	58	23	47	0	0	77	0	0	0	0	45
TCGA-BH-A1EO-01	0	7	0	24	0	0	0	6	13	0	0
TCGA-BH-A1ET-01	0	2	0	8	7	0	5	0	0	0	11
TCGA-BH-A1EU-01	0	0	7	0	0	0	6	0	21	0	0
TCGA-BH-A1EV-01	30	25	21	19	0	0	0	23	0	11	0
TCGA-BH-A1EW-01	0	2	5	0	0	0	0	5	4	5	0
TCGA-BH-A1EX-01	0	0	0	7	0	7	8	13	0	0	0
TCGA-BH-A1EY-01	9	4	6	8	0	0	9	12	7	0	0
TCGA-BH-A1F0-01	15	0	21	10	0	0	0	10	0	22	17
TCGA-BH-A1F2-01	5	9	13	26	0	0	0	0	0	0	18
TCGA-BH-A1F5-01	0	5	0	11	0	0	0	8	10	0	10
TCGA-BH-A1F6-01	3	4	6	12	19	0	0	0	9	0	0
TCGA-BH-A1F8-01	39	66	37	15	0	0	0	13	0	0	22
TCGA-BH-A1FC-01	20	14	4	13	18	12	7	7	22	5	8
TCGA-BH-A1FE-01	0	3	5	3	5	0	0	4	0	0	6
TCGA-BH-A1FG-01	0	0	5	4	6	0	0	0	6	0	0
TCGA-BH-A1FH-01	0	2	4	3	0	0	0	0	19	5	0
TCGA-BH-A1FJ-01	0	2	9	11	0	0	0	0	23	0	0
TCGA-BH-A1FL-01	0	2	0	8	0	0	5	5	0	6	0
TCGA-BH-A1FM-01	7	9	5	13	0	0	0	18	10	0	0
TCGA-BH-A1FN-01	43	35	0	0	0	26	0	0	0	19	23
TCGA-BH-A1FR-01	2	0	0	5	0	5	3	2	0	0	0
TCGA-BH-A1FU-01	13	3	7	5	13	13	24	14	9	8	9
TCGA-BH-A201-01	0	2	3	2	0	0	9	3	0	0	8
TCGA-BH-A202-01	0	3	0	7	0	6	3	0	0	0	9
TCGA-BH-A203-01	12	11	0	25	12	0	0	19	20	0	0
TCGA-BH-A204-01	6	0	0	9	12	0	0	8	0	9	8
TCGA-BH-A208-01	23	16	0	14	0	0	0	7	0	22	0
TCGA-BH-A209-01	47	27	30	0	0	0	0	15	0	0	0
TCGA-BH-A28Q-01	2	2	0	11	11	0	0	0	0	0	0
TCGA-BH-A2L8-01	224	241	97	0	0	0	0	0	0	66	0
TCGA-BH-A42U-01	3	8	0	0	0	0	0	6	7	8	0
TCGA-BH-A42V-01	17	22	0	6	0	0	0	10	0	0	0
TCGA-BH-A5IZ-01	0	5	13	10	0	18	0	0	17	19	14
TCGA-BH-A5J0-01	8	33	28	14	0	0	0	19	0	0	0
TCGA-BH-A6R8-01	0	2	8	9	0	0	0	5	13	0	0
TCGA-BH-A6R9-01	0	0	0	4	0	10	0	5	0	6	0
TCGA-BH-A8FY-01	5	0	7	4	16	0	0	0	0	24	0
TCGA-BH-A8FZ-01	6	9	0	11	19	21	13	0	0	0	12
TCGA-BH-A8G0-01	0	0	2	7	0	0	4	4	0	0	0
TCGA-BH-AB28-01	0	6	0	13	18	0	0	0	0	6	0
TCGA-C8-A12K-01	52	13	0	0	0	59	0	0	30	19	0
TCGA-C8-A12L-01	5	3	0	0	36	22	0	7	16	0	0
TCGA-C8-A12M-01	0	0	0	16	20	0	0	20	12	14	0
TCGA-C8-A12N-01	4	0	0	8	0	0	4	0	4	0	7
TCGA-C8-A12O-01	0	3	0	18	0	0	0	8	20	0	0
TCGA-C8-A12P-01	49	43	26	19	4	5	11	23	3	4	15
TCGA-C8-A12Q-01	31	34	26	7	0	0	0	27	0	14	0
TCGA-C8-A12T-01	78	61	27	0	0	0	0	0	29	19	0
TCGA-C8-A12U-01	6	5	0	22	0	17	0	0	11	0	0
TCGA-C8-A12V-01	4	0	0	0	15	9	0	4	20	0	0
TCGA-C8-A12W-01	5	0	0	28	0	0	0	14	30	0	0
TCGA-C8-A12X-01	0	0	6	27	0	0	9	7	0	16	0
TCGA-C8-A12Y-01	0	0	4	15	17	0	10	0	0	0	0
TCGA-C8-A12Z-01	10	8	8	16	0	0	0	0	0	19	0
TCGA-C8-A130-01	4	3	0	18	0	0	7	10	12	0	0
TCGA-C8-A131-01	0	7	0	7	29	0	0	19	0	12	0
TCGA-C8-A132-01	20	8	13	0	11	0	0	0	32	0	0
TCGA-C8-A133-01	0	4	0	0	0	0	4	4	4	10	7
TCGA-C8-A134-01	8	0	0	0	16	40	0	0	20	0	33
TCGA-C8-A135-01	6	4	0	24	25	0	0	8	10	0	0
TCGA-C8-A137-01	10	7	12	0	0	0	0	14	19	0	0
TCGA-C8-A138-01	0	0	0	11	0	0	0	0	8	17	16
TCGA-C8-A1HE-01	10	20	0	8	0	0	0	5	0	11	0
TCGA-C8-A1HF-01	5	7	4	5	4	2	3	3	1	4	1
TCGA-C8-A1HG-01	3	3	5	23	0	11	10	6	0	8	0
TCGA-C8-A1HI-01	8	7	0	5	12	0	0	0	40	0	0
TCGA-C8-A1HJ-01	13	0	0	12	0	60	22	0	0	0	17
TCGA-C8-A1HK-01	24	6	0	7	21	0	0	15	0	0	0
TCGA-C8-A1HL-01	0	0	0	7	17	0	0	0	0	6	7
TCGA-C8-A1HM-01	190	89	94	20	0	0	0	28	0	27	0
TCGA-C8-A1HN-01	0	4	0	18	0	0	0	0	18	15	15
TCGA-C8-A1HO-01	0	8	8	4	0	0	0	0	15	0	14
TCGA-C8-A26V-01	33	20	0	13	0	0	12	18	0	0	0
TCGA-C8-A26W-01	10	13	12	6	0	0	0	16	0	12	0
TCGA-C8-A26X-01	0	4	0	23	0	15	0	9	0	9	15
TCGA-C8-A26Y-01	301	278	146	0	0	0	0	61	0	0	130
TCGA-C8-A26Z-01	0	0	0	19	0	13	0	5	0	12	0
TCGA-C8-A273-01	1	0	0	3	0	0	0	4	11	0	5
TCGA-C8-A274-01	82	111	19	13	39	0	0	17	0	0	0
TCGA-C8-A275-01	43	25	26	7	0	0	0	17	0	24	0
TCGA-C8-A278-01	6	7	5	7	0	0	0	8	20	0	0
TCGA-C8-A27A-01	3	6	0	6	0	0	0	10	0	0	15
TCGA-C8-A27B-01	68	8	0	0	24	49	0	13	0	0	0
TCGA-C8-A3M7-01	22	75	72	22	0	0	0	30	0	0	0
TCGA-C8-A3M8-01	5	4	10	8	12	0	9	0	14	0	0
TCGA-C8-A8HP-01	86	80	52	11	0	0	0	44	0	0	0
TCGA-C8-A8HQ-01	114	126	51	19	0	0	0	62	0	0	0
TCGA-C8-A8HR-01	3	0	0	15	0	13	13	0	0	16	0
TCGA-C8-A9FZ-01	4	0	0	12	13	0	0	0	0	0	0
TCGA-D8-A13Y-01	6	10	16	12	0	0	15	0	0	23	0
TCGA-D8-A13Z-01	15	0	0	23	0	42	0	9	0	0	14
TCGA-D8-A140-01	0	18	19	16	41	0	0	7	16	17	0
TCGA-D8-A141-01	0	0	0	11	0	0	0	0	0	10	0
TCGA-D8-A142-01	11	0	16	30	0	30	0	10	51	18	0
TCGA-D8-A143-01	0	3	0	13	0	21	0	0	11	13	0
TCGA-D8-A145-01	4	0	0	19	16	0	8	0	0	0	0
TCGA-D8-A146-01	0	4	6	10	0	0	11	10	0	0	0
TCGA-D8-A147-01	41	12	22	0	0	67	0	12	21	25	0
TCGA-D8-A1J8-01	200	199	143	63	205	0	65	86	0	0	0
TCGA-D8-A1J9-01	93	91	39	0	0	0	0	55	0	0	0
TCGA-D8-A1JB-01	4	4	0	6	0	16	7	0	0	16	10
TCGA-D8-A1JC-01	24	23	28	0	0	0	0	16	31	0	0
TCGA-D8-A1JD-01	15	9	0	0	44	22	0	8	13	0	11
TCGA-D8-A1JE-01	0	2	0	5	9	0	0	0	17	0	7
TCGA-D8-A1JF-01	3	3	0	5	25	0	0	0	13	0	0
TCGA-D8-A1JG-01	9	0	0	21	0	0	0	42	0	0	97
TCGA-D8-A1JH-01	0	2	3	5	0	0	6	0	8	0	0
TCGA-D8-A1JI-01	0	0	6	0	14	0	0	4	10	8	0
TCGA-D8-A1JJ-01	15	27	9	12	18	0	0	17	0	0	0
TCGA-D8-A1JK-01	8	15	23	4	44	23	33	9	14	26	50
TCGA-D8-A1JL-01	11	0	0	0	19	33	17	12	21	14	0
TCGA-D8-A1JM-01	0	0	0	10	0	0	0	10	13	9	11
TCGA-D8-A1JN-01	38	70	40	12	0	0	0	48	0	0	0
TCGA-D8-A1JP-01	7	0	23	0	0	45	19	0	14	12	15
TCGA-D8-A1JS-01	0	2	0	5	0	0	0	0	9	13	0
TCGA-D8-A1JT-01	0	0	0	9	8	0	0	0	14	10	0
TCGA-D8-A1JU-01	0	1	0	3	0	0	4	0	12	0	0
TCGA-D8-A1X5-01	5	4	0	17	0	0	11	0	0	0	29
TCGA-D8-A1X6-01	0	4	0	17	0	11	0	0	0	0	10
TCGA-D8-A1X7-01	0	0	5	3	0	0	0	5	9	10	0
TCGA-D8-A1X9-01	10	0	0	0	32	0	0	0	25	0	35
TCGA-D8-A1XA-01	0	0	5	8	0	0	6	4	0	0	5
TCGA-D8-A1XB-01	0	8	0	16	16	0	0	10	0	0	0
TCGA-D8-A1XC-01	0	0	9	13	12	0	0	0	0	0	0
TCGA-D8-A1XF-01	3	0	6	16	11	0	0	15	0	0	0
TCGA-D8-A1XG-01	0	1	0	0	18	0	4	4	0	0	0
TCGA-D8-A1XK-01	0	0	0	80	0	0	1069	0	151	0	0
TCGA-D8-A1XL-01	6	4	0	5	0	34	18	9	13	0	21
TCGA-D8-A1XM-01	3	11	14	7	0	0	0	14	15	0	0
TCGA-D8-A1XO-01	5	6	0	4	7	0	0	0	7	0	0
TCGA-D8-A1XQ-01	29	19	2	145	203	62	385	43	120	9	14
TCGA-D8-A1XR-01	0	2	4	7	14	0	5	0	0	0	0
TCGA-D8-A1XS-01	2	3	0	4	6	0	0	11	0	0	0
TCGA-D8-A1XT-01	0	2	10	15	0	9	0	0	0	9	0
TCGA-D8-A1XU-01	2	9	0	6	0	8	0	0	0	10	0
TCGA-D8-A1XV-01	4	0	0	10	0	0	0	0	22	0	0
TCGA-D8-A1XW-01	9	8	0	0	0	48	12	0	34	11	0
TCGA-D8-A1XY-01	0	6	8	26	12	0	0	0	0	7	0
TCGA-D8-A1XZ-01	8	0	7	28	22	0	0	11	20	0	0
TCGA-D8-A1Y0-01	9	4	3	3	3	11	7	2	15	12	12
TCGA-D8-A1Y1-01	0	19	0	114	0	0	0	0	100	0	0
TCGA-D8-A1Y2-01	3	7	0	6	0	0	0	0	6	0	0
TCGA-D8-A1Y3-01	0	4	0	31	0	21	0	0	11	0	0
TCGA-D8-A27E-01	0	0	3	0	5	0	0	3	0	0	0
TCGA-D8-A27F-01	11	2	0	0	0	18	0	0	22	0	17
TCGA-D8-A27G-01	430	436	206	0	0	0	0	104	0	0	0
TCGA-D8-A27H-01	45	11	10	0	0	66	0	0	28	0	0
TCGA-D8-A27I-01	4	5	0	4	6	0	0	0	17	0	0
TCGA-D8-A27K-01	2	0	0	9	0	0	0	0	10	0	0
TCGA-D8-A27L-01	0	10	20	7	0	0	0	7	0	9	0
TCGA-D8-A27M-01	11	0	6	9	0	26	0	10	0	0	28
TCGA-D8-A27N-01	1	2	4	19	4	2	4	7	8	2	7
TCGA-D8-A27P-01	0	2	0	8	14	0	0	0	0	6	0
TCGA-D8-A27R-01	4	1	0	2	13	7	0	8	0	0	0
TCGA-D8-A27T-01	0	4	6	15	0	0	6	0	0	0	0
TCGA-D8-A27V-01	68	53	46	0	0	0	0	35	0	33	0
TCGA-D8-A27W-01	0	4	0	29	0	0	0	6	16	0	0
TCGA-D8-A3Z6-01	0	7	0	11	13	0	6	0	0	0	0
TCGA-D8-A4Z1-01	6	20	0	0	0	0	0	12	0	8	0
TCGA-D8-A73U-01	27	88	60	15	0	0	0	0	0	17	0
TCGA-D8-A73W-01	0	4	0	21	27	0	0	0	0	0	0
TCGA-D8-A73X-01	0	6	0	11	0	0	9	6	20	0	0
TCGA-E2-A105-01	0	5	14	20	0	18	10	0	0	0	0
TCGA-E2-A107-01	0	7	0	6	0	0	5	5	13	0	0
TCGA-E2-A108-01	74	54	28	0	0	0	0	0	30	0	0
TCGA-E2-A109-01	0	0	15	20	28	0	0	0	0	0	21
TCGA-E2-A10A-01	3	5	4	3	13	0	0	0	0	0	0
TCGA-E2-A10B-01	12	16	14	10	0	0	14	7	0	0	0
TCGA-E2-A10C-01	159	200	104	0	0	0	0	56	0	0	0
TCGA-E2-A10F-01	2	3	0	14	0	0	0	3	0	8	0
TCGA-E2-A14N-01	17	8	0	8	0	47	0	14	0	15	0
TCGA-E2-A14O-01	0	0	0	13	0	0	0	14	0	0	9
TCGA-E2-A14P-01	6	15	12	24	0	0	10	15	0	15	15
TCGA-E2-A14Q-01	0	6	0	16	0	0	6	0	0	0	12
TCGA-E2-A14R-01	13	0	14	0	23	34	13	9	20	0	17
TCGA-E2-A14T-01	4	4	0	6	10	0	0	8	11	0	0
TCGA-E2-A14V-01	34	21	12	17	0	0	0	25	32	0	0
TCGA-E2-A14W-01	10	0	9	0	15	35	0	12	0	21	0
TCGA-E2-A14X-01	0	6	0	17	0	0	0	7	7	0	0
TCGA-E2-A14Y-01	14	15	10	11	0	0	0	0	0	0	0
TCGA-E2-A14Z-01	5	19	15	10	0	16	0	14	0	0	16
TCGA-E2-A150-01	4	5	0	15	31	0	0	8	0	0	28
TCGA-E2-A152-01	45	39	45	0	0	0	0	42	0	0	0
TCGA-E2-A153-01	0	6	0	8	0	0	0	0	8	4	0
TCGA-E2-A154-01	0	0	0	13	0	0	0	13	14	0	18
TCGA-E2-A155-01	5	12	0	17	23	0	0	8	0	0	16
TCGA-E2-A156-01	0	4	6	3	5	0	0	0	7	0	0
TCGA-E2-A158-01	6	0	0	0	18	42	0	7	24	0	0
TCGA-E2-A159-01	61	53	70	17	0	0	0	0	0	0	0
TCGA-E2-A15A-01	0	0	12	10	11	0	0	0	9	0	20
TCGA-E2-A15C-01	0	2	0	20	18	0	0	0	0	10	0
TCGA-E2-A15D-01	0	0	0	10	0	0	6	0	9	0	9
TCGA-E2-A15E-01	6	0	0	9	0	0	11	0	14	0	0
TCGA-E2-A15F-01	2	0	0	9	0	0	0	0	5	12	0
TCGA-E2-A15G-01	0	8	0	9	0	0	9	11	23	13	0
TCGA-E2-A15H-01	0	0	0	12	10	0	0	0	0	11	0
TCGA-E2-A15I-01	0	4	6	14	0	0	0	0	11	0	8
TCGA-E2-A15J-01	0	0	0	8	7	0	0	0	0	7	0
TCGA-E2-A15K-01	3	0	0	14	0	0	0	0	10	26	0
TCGA-E2-A15L-01	4	0	0	11	0	0	0	4	15	0	0
TCGA-E2-A15M-01	12	16	13	28	0	0	10	0	0	13	16
TCGA-E2-A15O-01	0	2	0	4	0	0	0	4	24	0	0
TCGA-E2-A15P-01	0	1	0	9	0	0	6	0	0	12	0
TCGA-E2-A15R-01	0	3	0	19	0	0	0	10	0	15	0
TCGA-E2-A15S-01	4	9	0	0	16	12	0	0	27	0	0
TCGA-E2-A15T-01	2	0	0	7	0	0	0	0	25	6	0
TCGA-E2-A1AZ-01	16	6	10	0	21	0	0	26	0	0	0
TCGA-E2-A1B0-01	5	4	0	13	0	0	15	15	0	8	0
TCGA-E2-A1B1-01	13	11	20	10	0	0	0	0	0	12	0
TCGA-E2-A1B4-01	0	4	11	0	18	0	0	9	0	0	0
TCGA-E2-A1B5-01	9	15	0	11	0	0	0	11	0	0	0
TCGA-E2-A1B6-01	3	0	0	6	14	20	0	0	13	0	0
TCGA-E2-A1BC-01	0	0	6	8	17	0	0	0	0	10	0
TCGA-E2-A1BD-01	0	0	0	23	0	0	0	6	0	0	14
TCGA-E2-A1IE-01	0	0	0	7	11	0	0	0	6	6	0
TCGA-E2-A1IF-01	0	0	0	2	0	0	8	3	11	0	0
TCGA-E2-A1IG-01	0	6	10	5	0	0	0	14	22	0	0
TCGA-E2-A1IH-01	17	14	9	6	0	0	13	0	14	12	0
TCGA-E2-A1II-01	0	0	0	13	0	21	0	0	0	0	0
TCGA-E2-A1IJ-01	0	0	0	3	0	0	0	0	11	0	4
TCGA-E2-A1IK-01	2	0	0	0	0	0	0	9	6	0	0
TCGA-E2-A1IL-01	0	0	0	8	0	0	0	9	0	7	7
TCGA-E2-A1IN-01	91	78	38	15	26	0	0	0	0	0	0
TCGA-E2-A1IO-01	0	1	0	5	0	0	0	3	7	0	0
TCGA-E2-A1IU-01	0	4	0	2	0	10	0	15	0	0	0
TCGA-E2-A1L6-01	0	1	0	0	9	0	4	14	0	0	0
TCGA-E2-A1L7-01	3	0	5	0	0	13	7	0	35	0	18
TCGA-E2-A1L8-01	4	3	0	0	0	0	0	0	20	11	0
TCGA-E2-A1L9-01	0	3	0	7	0	10	4	4	0	0	0
TCGA-E2-A1LA-01	8	0	0	11	0	55	21	0	0	12	0
TCGA-E2-A1LB-01	6	8	27	0	0	0	0	0	14	0	0
TCGA-E2-A1LG-01	87	32	55	0	0	0	0	27	0	18	0
TCGA-E2-A1LH-01	40	12	25	14	0	79	22	0	0	0	39
TCGA-E2-A1LI-01	7	5	0	0	7	12	0	6	0	0	0
TCGA-E2-A1LK-01	5	0	0	34	0	0	0	15	0	0	0
TCGA-E2-A1LL-01	8	0	0	10	15	20	0	0	8	0	0
TCGA-E2-A2P6-01	30	66	42	21	0	0	0	27	0	0	0
TCGA-E2-A56Z-01	0	0	0	5	22	0	0	9	24	0	0
TCGA-E2-A570-01	0	0	0	11	0	0	0	0	0	19	0
TCGA-E2-A572-01	0	0	5	6	0	0	0	0	18	0	0
TCGA-E2-A573-01	0	0	11	12	24	15	0	0	0	0	10
TCGA-E2-A574-01	27	26	22	23	0	0	0	29	0	29	0
TCGA-E2-A576-01	0	0	0	19	14	0	0	7	16	14	0
TCGA-E2-A9RU-01	6	6	22	32	0	0	10	15	0	0	16
TCGA-E9-A1N3-01	2	0	0	0	14	0	0	0	8	0	7
TCGA-E9-A1N4-01	5	3	5	3	0	0	0	7	11	0	0
TCGA-E9-A1N5-01	6	8	0	0	14	0	5	0	6	0	0
TCGA-E9-A1N8-01	7	2	0	0	0	0	8	11	0	0	8
TCGA-E9-A1N9-01	0	9	0	19	0	26	0	0	0	0	12
TCGA-E9-A1NA-01	13	5	6	8	3	16	3	9	2	32	20
TCGA-E9-A1NE-01	3	4	0	4	13	24	0	0	0	0	14
TCGA-E9-A1NF-01	4	17	0	7	0	0	0	11	0	22	0
TCGA-E9-A1NG-01	0	2	0	4	7	0	0	0	8	0	0
TCGA-E9-A1NH-01	0	0	6	6	0	0	7	0	18	0	0
TCGA-E9-A1QZ-01	0	0	0	3	0	0	4	0	9	0	7
TCGA-E9-A1R0-01	4	3	5	14	0	0	0	9	0	0	0
TCGA-E9-A1R2-01	15	0	0	4	0	18	15	5	9	0	0
TCGA-E9-A1R3-01	0	3	0	6	0	7	5	4	0	0	0
TCGA-E9-A1R4-01	22	40	55	14	0	0	0	0	0	0	22
TCGA-E9-A1R5-01	0	3	0	5	0	0	0	5	38	0	0
TCGA-E9-A1R6-01	0	0	0	12	0	0	0	13	0	0	11
TCGA-E9-A1R7-01	4	9	0	9	21	0	0	0	0	20	0
TCGA-E9-A1RA-01	0	5	0	5	0	0	0	0	5	5	5
TCGA-E9-A1RB-01	0	0	0	9	9	0	12	0	0	0	8
TCGA-E9-A1RC-01	0	0	0	17	0	0	11	10	10	7	0
TCGA-E9-A1RD-01	0	5	3	6	5	4	0	0	0	0	0
TCGA-E9-A1RE-01	0	2	0	19	28	0	0	8	9	0	0
TCGA-E9-A1RF-01	15	0	13	17	28	47	0	9	20	0	21
TCGA-E9-A1RG-01	4	3	4	4	0	8	0	0	12	6	0
TCGA-E9-A1RH-01	9	6	1	17	8	20	8	10	5	11	16
TCGA-E9-A1RI-01	0	4	0	4	4	0	0	0	6	3	8
TCGA-E9-A226-01	22	12	18	10	0	0	0	17	0	0	0
TCGA-E9-A227-01	0	0	9	2	0	8	0	0	0	0	0
TCGA-E9-A228-01	4	5	10	24	0	0	0	0	0	9	0
TCGA-E9-A229-01	5	1	3	11	5	0	0	0	0	0	5
TCGA-E9-A22A-01	3	3	6	3	0	11	0	0	10	0	0
TCGA-E9-A22B-01	0	8	13	18	0	0	0	7	21	9	0
TCGA-E9-A22D-01	3	0	0	11	0	0	0	12	14	0	0
TCGA-E9-A22E-01	20	9	25	7	0	40	0	0	28	0	15
TCGA-E9-A22G-01	9	0	0	6	0	37	32	0	0	10	23
TCGA-E9-A22H-01	0	2	0	13	0	5	3	3	0	0	0
TCGA-E9-A243-01	10	4	10	1	8	20	11	2	14	5	4
TCGA-E9-A244-01	4	4	0	14	27	25	0	0	25	0	22
TCGA-E9-A245-01	0	0	3	0	0	0	0	3	6	0	11
TCGA-E9-A247-01	0	0	0	28	19	0	0	0	0	0	0
TCGA-E9-A248-01	2	5	0	13	8	0	0	0	0	0	0
TCGA-E9-A249-01	0	0	0	10	11	0	0	4	0	0	0
TCGA-E9-A24A-01	0	0	0	6	0	0	0	5	0	0	11
TCGA-E9-A295-01	0	0	10	25	0	0	0	0	28	0	46
TCGA-E9-A2JS-01	0	0	0	42	0	0	0	17	0	0	30
TCGA-E9-A2JT-01	13	15	0	0	0	0	0	0	0	0	0
TCGA-E9-A3HO-01	7	0	0	0	16	21	0	6	13	9	0
TCGA-E9-A3QA-01	14	8	0	0	0	21	0	0	10	9	0
TCGA-E9-A3X8-01	5	0	4	8	0	8	0	0	0	12	0
TCGA-E9-A54Y-01	0	13	17	19	0	0	0	0	0	0	9
TCGA-E9-A5FK-01	2	2	0	7	8	0	0	0	8	7	5
TCGA-E9-A5FL-01	18	7	0	7	34	26	12	14	0	0	15
TCGA-E9-A5UO-01	0	0	6	10	14	0	0	0	8	0	0
TCGA-E9-A6HE-01	0	0	4	8	7	0	0	3	0	0	0
TCGA-EW-A1IW-01	27	46	0	24	0	30	0	0	0	0	0
TCGA-EW-A1IX-01	13	9	7	0	8	0	0	0	0	5	0
TCGA-EW-A1IY-01	0	9	9	0	0	0	0	16	0	4	0
TCGA-EW-A1IZ-01	0	0	0	131	148	0	109	47	0	0	0
TCGA-EW-A1J1-01	0	0	0	9	0	6	0	4	0	4	0
TCGA-EW-A1J3-01	0	0	13	6	0	6	5	0	0	0	0
TCGA-EW-A1J5-01	164	217	127	0	0	0	0	32	0	0	0
TCGA-EW-A1J6-01	0	3	0	7	0	12	0	0	22	0	0
TCGA-EW-A1OV-01	32	64	19	10	0	0	0	15	0	0	0
TCGA-EW-A1OX-01	3	2	4	3	9	0	0	0	0	0	0
TCGA-EW-A1OZ-01	5	7	0	27	0	15	0	6	0	16	0
TCGA-EW-A1P0-01	0	0	0	0	10	0	5	3	10	0	0
TCGA-EW-A1P1-01	0	0	0	0	0	0	0	0	3	0	0
TCGA-EW-A1P3-01	0	2	5	8	0	0	0	0	8	5	0
TCGA-EW-A1P4-01	10	0	0	0	22	12	0	8	25	0	0
TCGA-EW-A1P5-01	2	0	0	10	8	0	0	0	0	0	0
TCGA-EW-A1P6-01	0	0	4	3	0	0	0	0	16	3	0
TCGA-EW-A1P7-01	0	0	0	0	10	9	0	0	0	0	0
TCGA-EW-A1P8-01	0	0	0	6	0	13	5	4	0	11	0
TCGA-EW-A1PA-01	4	2	0	6	0	13	0	16	0	0	0
TCGA-EW-A1PB-01	51	21	39	0	0	40	0	0	0	0	31
TCGA-EW-A1PD-01	12	6	0	0	16	28	0	0	0	31	0
TCGA-EW-A1PE-01	0	7	0	7	14	0	0	3	0	7	0
TCGA-EW-A1PG-01	0	0	0	2	0	0	3	6	0	0	0
TCGA-EW-A1PH-01	4	2	0	18	0	10	7	9	0	12	0
TCGA-EW-A2FR-01	11	6	0	15	0	0	0	0	0	22	0
TCGA-EW-A2FS-01	0	0	0	11	0	0	11	0	9	14	0
TCGA-EW-A2FV-01	0	0	0	0	0	0	0	12	12	8	0
TCGA-EW-A2FW-01	0	4	0	16	0	0	0	0	0	0	6
TCGA-EW-A423-01	12	11	0	25	0	0	10	0	0	30	0
TCGA-EW-A6S9-01	0	4	0	12	11	0	0	4	0	0	0
TCGA-EW-A6SA-01	9	10	0	12	39	0	0	16	16	21	0
TCGA-EW-A6SB-01	7	0	0	16	0	15	16	16	0	11	0
TCGA-EW-A6SC-01	0	7	0	3	18	0	6	0	0	5	0
TCGA-EW-A6SD-01	13	17	0	11	0	0	11	0	0	7	9
TCGA-GI-A2C8-01	17	8	0	21	28	49	0	0	0	0	25
TCGA-GM-A2D9-01	161	239	209	0	0	0	0	36	0	0	0
TCGA-GM-A2DA-01	7	3	0	7	0	0	0	8	20	0	0
TCGA-GM-A2DB-01	6	3	11	13	5	17	4	6	33	8	22
TCGA-GM-A2DC-01	0	0	0	17	0	0	0	0	10	0	0
TCGA-GM-A2DD-01	4	3	0	8	16	13	11	6	0	7	0
TCGA-GM-A2DF-01	4	0	7	14	0	13	0	5	10	0	0
TCGA-GM-A2DH-01	63	28	22	0	27	29	0	14	19	0	30
TCGA-GM-A2DI-01	28	28	0	0	0	0	0	20	0	15	0
TCGA-GM-A2DK-01	0	4	4	6	0	0	9	7	7	0	0
TCGA-GM-A2DL-01	4	6	0	8	0	0	0	5	0	7	19
TCGA-GM-A2DM-01	0	3	3	0	0	0	7	4	5	0	5
TCGA-GM-A2DN-01	0	2	0	6	0	0	0	0	0	11	0
TCGA-GM-A2DO-01	60	64	52	0	0	0	0	44	0	0	0
TCGA-GM-A3NW-01	21	15	27	17	0	0	0	0	0	15	0
TCGA-GM-A3XL-01	32	7	15	12	0	46	18	0	0	14	0
TCGA-GM-A4E0-01	0	0	0	7	6	0	0	7	14	0	0
TCGA-GM-A5PV-01	0	7	4	0	0	8	5	6	17	0	0
TCGA-GM-A5PX-01	4	6	0	10	10	0	7	5	0	0	0
TCGA-HN-A2NL-01	9	0	0	6	0	16	8	0	27	11	14
TCGA-HN-A2OB-01	0	3	0	3	5	0	0	0	8	0	0
TCGA-JL-A3YX-01	5	13	7	13	11	0	0	0	0	0	0
TCGA-LD-A66U-01	0	2	0	10	32	0	0	0	0	0	0
TCGA-LD-A74U-01	68	126	105	23	0	0	0	30	0	0	0
TCGA-LD-A7W5-01	7	8	0	13	18	0	0	7	12	0	0
TCGA-LD-A7W6-01	0	0	9	7	13	0	0	0	17	0	0
TCGA-LD-A9QF-01	2	0	0	10	0	0	0	6	17	4	0
TCGA-LL-A440-01	0	1	0	3	0	0	0	2	0	0	0
TCGA-LL-A50Y-01	0	2	6	8	0	0	6	0	21	0	0
TCGA-LL-A5YL-01	7	21	22	17	0	0	0	26	0	0	0
TCGA-LL-A5YM-01	2	0	6	7	8	0	0	0	6	11	0
TCGA-LL-A5YN-01	0	0	0	11	0	10	0	7	0	15	0
TCGA-LL-A5YO-01	11	0	7	0	11	15	7	0	0	10	0
TCGA-LL-A5YP-01	5	6	10	0	32	18	0	0	0	18	16
TCGA-LL-A6FP-01	3	11	0	4	12	0	0	13	0	23	9
TCGA-LL-A6FQ-01	0	4	0	30	0	0	10	6	0	19	0
TCGA-LL-A6FR-01	0	0	0	9	0	16	7	8	23	0	0
TCGA-LL-A73Y-01	75	25	40	0	29	0	0	24	0	0	0
TCGA-LL-A73Z-01	0	0	8	9	16	0	0	0	15	0	0
TCGA-LL-A740-01	0	6	0	15	16	0	8	0	0	23	0
TCGA-LL-A7SZ-01	0	7	0	12	13	0	9	14	10	0	10
TCGA-LL-A7T0-01	6	7	0	21	18	0	0	12	13	0	0
TCGA-LL-A8F5-01	10	1	30	8	13	55	24	6	34	7	12
TCGA-LL-A9Q3-01	0	10	0	20	25	0	0	13	0	0	0
TCGA-OK-A5Q2-01	0	4	0	6	0	0	0	18	15	0	0
TCGA-OL-A5D6-01	2	5	0	5	0	0	0	9	29	7	0
TCGA-OL-A5D7-01	7	6	5	15	0	29	10	0	0	8	0
TCGA-OL-A5D8-01	0	4	0	15	0	12	8	0	0	0	0
TCGA-OL-A5DA-01	33	24	0	9	0	0	0	36	0	12	0
TCGA-OL-A5RU-01	0	0	0	19	0	0	0	0	0	27	0
TCGA-OL-A5RV-01	0	0	0	4	0	0	0	0	13	0	0
TCGA-OL-A5RW-01	68	26	39	0	40	49	17	14	0	0	0
TCGA-OL-A5RX-01	2	0	0	12	8	0	6	7	0	0	0
TCGA-OL-A5RY-01	2	1	0	4	4	0	2	0	0	0	0
TCGA-OL-A5RZ-01	10	11	0	42	0	28	0	14	0	19	28
TCGA-OL-A5S0-01	0	4	6	18	11	0	0	5	0	0	0
TCGA-OL-A66H-01	0	0	0	5	8	9	0	0	0	5	0
TCGA-OL-A66I-01	4	0	0	10	0	0	0	7	11	24	0
TCGA-OL-A66J-01	0	6	10	14	0	0	9	0	20	0	9
TCGA-OL-A66K-01	0	0	11	17	19	0	0	0	0	0	0
TCGA-OL-A66L-01	20	38	15	12	0	0	0	9	0	0	0
TCGA-OL-A66N-01	0	0	0	17	9	0	0	7	17	8	0
TCGA-OL-A66O-01	0	0	0	11	9	0	0	0	18	0	0
TCGA-OL-A66P-01	0	0	8	10	22	18	16	16	0	0	33
TCGA-OL-A6VO-01	0	0	0	17	0	0	0	0	0	10	11
TCGA-OL-A6VQ-01	15	27	7	11	15	0	0	7	0	0	0
TCGA-OL-A6VR-01	0	1	0	4	12	0	0	0	0	0	0
TCGA-OL-A97C-01	0	0	0	13	27	0	8	0	0	22	0
TCGA-PE-A5DC-01	6	10	17	17	13	39	14	4	9	12	13
TCGA-PE-A5DD-01	12	22	23	19	0	0	0	9	0	0	0
TCGA-PE-A5DE-01	141	252	173	0	0	0	0	123	0	0	0
TCGA-PL-A8LV-01	18	11	33	0	0	28	18	0	26	0	21
TCGA-PL-A8LX-01	0	0	0	13	36	0	0	0	0	0	0
TCGA-PL-A8LY-01	0	0	0	0	2	0	2	0	3	0	0
TCGA-PL-A8LZ-01	0	11	16	0	39	25	0	15	0	15	15
TCGA-S3-A6ZF-01	6	3	0	30	0	13	0	0	0	0	0
TCGA-S3-A6ZG-01	0	0	7	11	0	0	0	24	18	0	0
TCGA-S3-A6ZH-01	0	0	9	13	14	0	0	9	0	0	0
TCGA-S3-AA0Z-01	8	12	0	21	0	0	11	0	0	0	25
TCGA-S3-AA10-01	15	9	0	0	26	59	0	0	17	24	0
TCGA-S3-AA11-01	0	0	0	0	28	0	0	15	0	26	27
TCGA-S3-AA12-01	4	4	0	12	0	0	0	6	24	10	0
TCGA-S3-AA14-01	3	3	0	8	0	4	0	0	6	0	0
TCGA-S3-AA15-01	15	11	21	6	0	0	0	7	0	0	0
TCGA-S3-AA17-01	13	7	0	0	40	32	0	16	33	0	0
TCGA-UL-AAZ6-01	14	9	0	0	57	0	0	9	26	11	14
TCGA-UU-A93S-01	7	7	29	22	51	42	0	0	0	0	38
TCGA-V7-A7HQ-01	4	0	0	8	0	11	0	0	0	8	0
TCGA-W8-A86G-01	0	2	0	4	11	0	0	0	18	0	0
TCGA-WT-AB41-01	0	19	6	6	10	0	0	5	16	0	0
TCGA-WT-AB44-01	0	0	5	21	20	0	0	0	0	0	14
TCGA-XX-A899-01	8	17	5	0	0	0	0	22	8	0	0
TCGA-XX-A89A-01	97	43	56	0	0	0	0	31	0	38	0
TCGA-Z7-A8R5-01	0	0	0	19	0	0	0	0	15	0	0
TCGA-Z7-A8R6-01	18	30	9	13	21	0	0	16	0	0	0
