MutationType	DBS78A	DBS78B	DBS78C	DBS78D	DBS78E	DBS78F	DBS78G	DBS78H	DBS78I	DBS78J	DBS78K	DBS78L	DBS78M	DBS78N
AC>CA	2.36E-06	1.47E-05	3.11E-05	8.95E-06	9.25E-06	4.37E-06	2.25E-06	1.28E-01	1.41E-05	1.97E-05	1.35E-05	1.41E-04	2.11E-02	8.55E-06
AC>CG	2.43E-06	1.61E-05	8.09E-06	1.21E-05	3.52E-05	2.48E-07	7.57E-06	7.56E-06	4.94E-06	8.99E-09	2.10E-06	1.37E-04	3.82E-06	2.45E-06
AC>CT	2.43E-06	1.60E-05	8.09E-06	1.21E-05	7.14E-05	2.49E-07	7.57E-06	7.65E-06	4.93E-06	9.24E-09	2.10E-06	3.20E-04	2.41E-07	5.78E-06
AC>GA	2.44E-06	1.61E-05	8.09E-06	1.21E-05	2.01E-05	2.49E-07	7.57E-06	7.83E-06	4.93E-06	8.98E-09	2.10E-06	3.43E-04	2.30E-08	6.25E-06
AC>GG	5.50E-06	2.16E-05	2.50E-02	1.99E-01	9.30E-05	5.62E-06	9.66E-06	4.99E-02	4.97E-02	1.99E-05	1.74E-05	2.52E-04	9.14E-06	1.10E-05
AC>GT	2.44E-06	1.61E-05	8.09E-06	1.21E-05	2.31E-05	2.49E-07	7.57E-06	8.01E-06	4.93E-06	9.01E-09	2.10E-06	3.06E-04	2.88E-06	5.59E-06
AC>TA	2.44E-06	1.61E-05	8.09E-06	1.21E-05	3.60E-05	2.49E-07	7.57E-06	7.54E-06	4.94E-06	9.04E-09	2.10E-06	2.82E-04	6.29E-06	5.11E-06
AC>TG	2.44E-06	1.61E-05	8.09E-06	1.21E-05	1.27E-05	2.49E-07	7.57E-06	8.36E-06	4.94E-06	8.95E-09	2.10E-06	2.45E-04	1.99E-06	4.47E-06
AC>TT	6.03E-06	1.63E-05	9.66E-02	1.39E-05	8.96E-06	6.06E-06	6.54E-06	1.66E-06	1.81E-05	2.40E-05	2.38E-05	1.98E-01	4.02E-05	9.97E-02
AT>CA	2.44E-06	1.61E-05	8.09E-06	1.21E-05	1.46E-05	2.48E-07	7.57E-06	7.85E-06	4.94E-06	8.93E-09	2.10E-06	1.79E-04	2.33E-06	3.24E-06
AT>CC	2.44E-06	1.61E-05	8.09E-06	1.21E-05	1.04E-05	2.48E-07	7.57E-06	7.59E-06	4.94E-06	8.87E-09	2.10E-06	1.10E-04	3.57E-06	1.96E-06
AT>CG	2.44E-06	1.61E-05	8.09E-06	1.21E-05	4.20E-05	2.49E-07	7.57E-06	7.96E-06	4.94E-06	9.09E-09	2.10E-06	2.18E-04	3.76E-06	3.96E-06
AT>GA	2.44E-06	1.60E-05	8.09E-06	1.21E-05	3.99E-05	2.49E-07	7.57E-06	8.65E-06	4.93E-06	9.07E-09	2.10E-06	4.13E-04	2.15E-05	7.52E-06
AT>GC	2.44E-06	1.61E-05	8.09E-06	1.21E-05	2.66E-05	2.48E-07	7.57E-06	7.58E-06	4.94E-06	8.96E-09	2.10E-06	1.51E-04	4.02E-06	2.70E-06
AT>TA	2.44E-06	1.60E-05	8.08E-06	1.21E-05	7.37E-05	2.49E-07	7.57E-06	8.18E-06	4.93E-06	9.33E-09	2.10E-06	5.25E-04	2.39E-06	9.57E-06
CC>AA	8.73E-02	1.98E-05	1.01E-01	1.69E-05	4.64E-06	5.77E-02	1.86E-05	4.51E-02	1.16E-05	2.37E-05	1.02E-05	3.16E-04	2.21E-05	9.96E-02
CC>AG	3.08E-06	1.20E-06	4.54E-06	1.96E-05	9.42E-06	4.37E-06	1.53E-06	3.60E-06	1.05E-01	1.97E-05	2.09E-05	5.15E-04	9.63E-06	1.18E-05
CC>AT	5.58E-02	1.99E-05	2.85E-02	9.59E-06	4.79E-05	4.92E-06	6.92E-06	7.42E-06	1.25E-05	9.92E-06	8.04E-06	1.72E-05	2.42E-05	5.46E-06
CC>GA	2.43E-06	1.61E-05	8.09E-06	1.21E-05	7.83E-05	2.48E-07	7.57E-06	7.95E-06	4.94E-06	9.29E-09	2.10E-06	1.73E-04	4.44E-06	3.12E-06
CC>GG	2.44E-06	1.61E-05	8.09E-06	1.21E-05	2.58E-05	2.49E-07	7.57E-06	7.95E-06	4.94E-06	8.99E-09	2.10E-06	2.74E-04	4.11E-06	4.98E-06
CC>GT	2.85E-02	1.07E-05	9.82E-06	1.58E-05	1.01E-05	6.24E-06	4.10E-06	7.73E-06	1.69E-05	1.77E-05	1.99E-01	1.94E-05	1.52E-05	1.03E-05
CC>TA	5.61E-06	2.00E-02	9.26E-06	1.85E-05	8.99E-05	2.51E-06	2.84E-02	8.64E-02	1.60E-05	2.37E-06	1.19E-05	1.40E-04	1.31E-01	8.64E-06
CC>TG	5.48E-06	1.79E-05	8.86E-06	1.58E-05	1.11E-05	1.12E-01	6.80E-06	9.13E-06	1.58E-05	9.12E-06	2.40E-06	3.25E-04	7.99E-06	1.20E-05
CC>TT	5.25E-06	5.91E-02	1.20E-05	1.95E-05	9.25E-05	4.65E-06	1.01E-01	3.75E-06	2.09E-05	1.16E-05	1.99E-01	7.80E-02	3.45E-05	9.33E-06
CG>AT	2.44E-06	1.61E-05	8.09E-06	1.21E-05	3.87E-05	2.49E-07	7.57E-06	7.84E-06	4.93E-06	9.08E-09	2.10E-06	2.89E-04	4.52E-06	5.27E-06
CG>GC	2.44E-06	1.61E-05	8.09E-06	1.21E-05	4.17E-05	2.49E-07	7.57E-06	7.54E-06	4.93E-06	9.10E-09	2.10E-06	3.75E-04	9.87E-06	6.82E-06
CG>GT	2.44E-06	1.61E-05	8.09E-06	1.21E-05	1.52E-05	2.49E-07	7.57E-06	8.05E-06	4.94E-06	8.95E-09	2.10E-06	2.19E-04	2.78E-07	3.98E-06
CG>TA	2.44E-06	1.61E-05	8.09E-06	1.21E-05	1.59E-05	2.48E-07	7.57E-06	8.15E-06	4.94E-06	8.95E-09	2.10E-06	1.07E-04	7.60E-06	1.95E-06
CG>TC	2.44E-06	1.60E-05	8.09E-06	1.21E-05	6.27E-05	2.49E-07	7.57E-06	7.50E-06	4.93E-06	9.19E-09	2.10E-06	3.60E-04	5.00E-06	6.51E-06
CG>TT	2.44E-06	1.60E-05	8.08E-06	1.21E-05	1.46E-05	2.49E-07	7.57E-06	7.91E-06	4.93E-06	9.00E-09	2.10E-06	4.65E-04	8.27E-07	8.50E-06
CT>AA	5.22E-06	8.36E-06	9.26E-06	1.77E-05	1.04E-01	5.05E-06	4.07E-06	2.09E-02	1.85E-05	1.73E-05	2.02E-05	1.99E-01	6.90E-03	1.04E-05
CT>AC	1.15E-01	1.74E-05	4.12E-06	1.02E-05	1.72E-05	4.84E-06	4.63E-06	6.45E-06	8.96E-06	4.94E-06	1.85E-05	8.30E-06	7.48E-06	2.70E-06
CT>AG	2.44E-06	1.61E-05	8.09E-06	1.21E-05	3.59E-05	2.49E-07	7.57E-06	7.81E-06	4.94E-06	9.04E-09	2.10E-06	2.53E-04	5.77E-07	4.59E-06
CT>GA	2.44E-06	1.60E-05	8.09E-06	1.21E-05	5.97E-05	2.49E-07	7.57E-06	7.69E-06	4.93E-06	9.19E-09	2.10E-06	3.49E-04	2.12E-06	6.33E-06
CT>GC	5.84E-06	1.78E-05	4.87E-06	9.58E-06	6.54E-05	4.51E-06	9.76E-06	8.53E-06	2.39E-05	2.28E-05	1.94E-05	1.80E-01	3.40E-05	1.99E-01
CT>GG	2.43E-06	1.60E-05	8.09E-06	1.21E-05	8.63E-05	2.49E-07	7.57E-06	7.81E-06	4.93E-06	9.38E-09	2.10E-06	4.15E-04	2.91E-06	7.55E-06
CT>TA	2.44E-06	1.61E-05	8.09E-06	1.21E-05	5.88E-06	2.49E-07	7.57E-06	7.77E-06	4.93E-06	8.93E-09	2.10E-06	3.76E-04	2.26E-06	6.87E-06
CT>TC	2.44E-06	1.61E-05	8.09E-06	1.21E-05	2.33E-05	2.49E-07	7.57E-06	7.52E-06	4.93E-06	9.00E-09	2.10E-06	3.63E-04	8.61E-06	6.60E-06
CT>TG	2.44E-06	1.60E-05	8.09E-06	1.21E-05	5.64E-05	2.49E-07	7.57E-06	7.71E-06	4.93E-06	9.15E-09	2.10E-06	3.30E-04	2.76E-06	5.98E-06
GC>AA	6.46E-02	4.98E-06	9.24E-06	1.24E-05	8.79E-05	5.50E-06	1.85E-01	4.28E-06	1.01E-05	1.86E-05	1.23E-05	1.11E-02	1.06E-05	1.17E-05
GC>AG	2.44E-06	1.61E-05	8.09E-06	1.21E-05	2.49E-06	2.48E-07	7.57E-06	7.50E-06	4.94E-06	8.84E-09	2.10E-06	1.96E-04	8.50E-06	3.54E-06
GC>AT	2.44E-06	1.61E-05	8.09E-06	1.21E-05	2.69E-05	2.49E-07	7.57E-06	8.01E-06	4.94E-06	8.98E-09	2.10E-06	2.43E-04	6.51E-06	4.41E-06
GC>CA	2.43E-06	1.61E-05	8.09E-06	1.21E-05	7.68E-05	2.48E-07	7.57E-06	7.82E-06	4.94E-06	9.28E-09	2.10E-06	2.25E-04	2.04E-06	4.05E-06
GC>CG	2.44E-06	1.61E-05	8.09E-06	1.21E-05	1.11E-05	2.49E-07	7.57E-06	7.52E-06	4.94E-06	8.91E-09	2.10E-06	2.13E-04	9.88E-06	3.86E-06
GC>TA	2.44E-06	1.60E-05	8.08E-06	1.21E-05	4.71E-05	2.49E-07	7.57E-06	7.51E-06	4.93E-06	9.13E-09	2.10E-06	4.66E-04	6.01E-06	8.47E-06
TA>AT	5.45E-06	1.84E-05	2.50E-02	1.99E-01	9.07E-05	4.91E-06	9.11E-06	4.99E-02	4.97E-02	2.43E-05	1.64E-05	1.93E-05	5.65E-06	1.11E-05
TA>CG	2.44E-06	1.61E-05	8.10E-06	1.21E-05	6.43E-06	2.48E-07	7.57E-06	7.87E-06	4.94E-06	8.80E-09	2.10E-06	2.87E-05	1.33E-06	4.36E-07
TA>CT	2.44E-06	1.60E-05	8.09E-06	1.21E-05	3.26E-05	2.49E-07	7.57E-06	7.67E-06	4.93E-06	9.07E-09	2.10E-06	4.37E-04	4.38E-06	7.96E-06
TA>GC	2.43E-06	1.61E-05	8.09E-06	1.21E-05	6.04E-05	2.49E-07	7.57E-06	7.76E-06	4.93E-06	9.20E-09	2.10E-06	3.02E-04	6.36E-06	5.49E-06
TA>GG	2.44E-06	1.61E-05	8.09E-06	1.21E-05	2.95E-05	2.49E-07	7.57E-06	7.66E-06	4.93E-06	9.03E-09	2.10E-06	2.96E-04	7.94E-06	5.38E-06
TA>GT	5.53E-06	1.47E-05	3.06E-05	1.70E-05	7.96E-06	4.04E-06	6.20E-06	6.52E-02	1.88E-05	1.97E-05	2.11E-05	1.41E-04	3.98E-02	8.53E-06
TC>AA	4.18E-06	1.56E-05	8.10E-06	1.55E-05	6.74E-06	5.09E-02	9.50E-06	4.45E-06	4.65E-06	9.11E-06	1.04E-05	3.27E-04	9.46E-06	9.32E-06
TC>AG	2.44E-06	1.61E-05	8.09E-06	1.21E-05	2.63E-05	2.49E-07	7.57E-06	8.23E-06	4.93E-06	9.07E-09	2.10E-06	3.99E-04	5.99E-06	7.31E-06
TC>AT	1.54E-01	2.00E-02	2.49E-02	8.69E-06	8.93E-05	4.32E-06	7.92E-02	1.08E-05	1.77E-05	1.87E-05	1.82E-05	5.07E-02	3.01E-05	8.38E-06
TC>CA	2.44E-06	1.61E-05	8.08E-06	1.21E-05	4.31E-06	2.49E-07	7.57E-06	7.63E-06	4.93E-06	8.91E-09	2.10E-06	4.67E-04	3.87E-06	8.54E-06
TC>CG	2.44E-06	1.60E-05	8.09E-06	1.21E-05	5.40E-05	2.49E-07	7.57E-06	7.66E-06	4.93E-06	9.19E-09	2.10E-06	4.27E-04	6.50E-06	7.78E-06
TC>CT	2.44E-06	1.61E-05	8.09E-06	1.21E-05	4.41E-06	2.48E-07	7.57E-06	7.65E-06	4.94E-06	8.82E-09	2.10E-06	8.97E-05	2.49E-06	1.58E-06
TC>GA	2.44E-06	1.61E-05	8.09E-06	1.21E-05	2.42E-05	2.48E-07	7.57E-06	7.68E-06	4.94E-06	8.94E-09	2.10E-06	1.05E-04	1.48E-06	1.87E-06
TC>GG	2.44E-06	1.61E-05	8.09E-06	1.21E-05	2.55E-05	2.49E-07	7.57E-06	7.70E-06	4.94E-06	8.97E-09	2.10E-06	2.33E-04	1.53E-06	4.21E-06
TC>GT	3.83E-06	1.78E-05	5.90E-06	2.43E-01	9.37E-06	4.75E-06	1.55E-06	3.33E-02	6.62E-02	2.18E-05	9.93E-02	1.02E-05	8.38E-06	4.68E-06
TG>AA	2.43E-06	1.61E-05	8.09E-06	1.21E-05	4.19E-05	2.49E-07	7.57E-06	8.78E-06	4.94E-06	9.10E-09	2.10E-06	2.00E-04	1.82E-06	3.65E-06
TG>AC	2.44E-06	1.60E-05	8.09E-06	1.21E-05	7.02E-05	2.49E-07	7.57E-06	8.05E-06	4.93E-06	9.26E-09	2.10E-06	4.23E-04	7.61E-06	7.68E-06
TG>AT	5.86E-06	2.14E-05	9.21E-06	1.85E-05	3.61E-05	1.02E-01	1.05E-05	8.22E-06	1.94E-05	1.84E-05	1.90E-05	1.14E-04	9.25E-06	1.20E-05
TG>CA	2.44E-06	1.61E-05	8.09E-06	1.21E-05	2.31E-05	2.49E-07	7.57E-06	7.78E-06	4.94E-06	8.96E-09	2.10E-06	2.44E-04	3.37E-06	4.43E-06
TG>CC	2.82E-06	1.86E-05	9.94E-06	1.66E-05	7.22E-06	1.26E-06	9.43E-06	9.91E-06	1.95E-05	1.36E-04	1.97E-05	2.37E-05	1.22E-05	8.12E-06
TG>CT	3.88E-06	1.94E-05	1.11E-05	1.99E-01	1.29E-05	6.11E-06	9.62E-06	8.95E-06	4.71E-06	2.40E-05	6.79E-06	1.46E-04	1.05E-05	9.97E-02
TG>GA	6.84E-06	8.45E-06	1.04E-05	1.89E-05	1.03E-01	4.79E-06	6.46E-06	4.94E-06	2.02E-05	2.15E-05	2.36E-05	9.87E-02	1.03E-05	1.17E-05
TG>GC	6.52E-06	1.95E-05	9.55E-06	1.33E-05	8.87E-05	4.82E-06	4.04E-06	7.97E-06	1.87E-05	2.42E-05	2.14E-05	5.46E-04	1.99E-01	1.17E-05
TG>GT	2.43E-06	1.61E-05	8.09E-06	1.21E-05	7.04E-05	2.48E-07	7.57E-06	7.72E-06	4.94E-06	9.22E-09	2.10E-06	1.65E-04	1.39E-06	2.95E-06
TT>AA	1.79E-02	1.99E-02	9.93E-06	1.11E-05	8.75E-05	3.94E-07	7.40E-02	8.16E-06	7.91E-06	2.53E-06	8.09E-06	6.01E-02	2.36E-05	3.04E-06
TT>AC	2.44E-06	1.61E-05	8.09E-06	1.21E-05	2.19E-05	2.48E-07	7.57E-06	7.60E-06	4.94E-06	8.96E-09	2.10E-06	1.88E-04	8.56E-06	3.41E-06
TT>AG	2.44E-06	1.61E-05	8.09E-06	1.21E-05	3.54E-06	2.49E-07	7.57E-06	7.56E-06	4.93E-06	8.88E-09	2.10E-06	3.69E-04	5.69E-06	6.73E-06
TT>CA	2.44E-06	1.61E-05	8.09E-06	1.21E-05	2.06E-05	2.49E-07	7.57E-06	7.72E-06	4.94E-06	8.97E-09	2.10E-06	2.26E-04	5.13E-06	4.11E-06
TT>CC	2.44E-06	1.61E-05	8.09E-06	1.21E-05	4.30E-05	2.49E-07	7.57E-06	7.68E-06	4.93E-06	9.11E-09	2.10E-06	3.01E-04	8.95E-06	5.47E-06
TT>CG	2.44E-06	1.61E-05	8.09E-06	1.21E-05	2.03E-05	2.49E-07	7.57E-06	8.26E-06	4.93E-06	9.04E-09	2.10E-06	3.91E-04	4.48E-06	7.16E-06
TT>GA	2.43E-06	1.61E-05	8.10E-06	1.21E-05	4.52E-05	2.48E-07	7.57E-06	7.68E-06	4.94E-06	9.01E-09	2.10E-06	4.45E-05	7.07E-06	6.85E-07
TT>GC	2.44E-06	1.60E-05	8.09E-06	1.21E-05	4.59E-05	2.49E-07	7.57E-06	7.64E-06	4.93E-06	9.12E-09	2.10E-06	4.00E-04	3.29E-06	7.27E-06
TT>GG	2.43E-06	1.61E-05	8.09E-06	1.21E-05	2.85E-05	2.48E-07	7.57E-06	7.55E-06	4.94E-06	8.96E-09	2.10E-06	9.66E-05	6.40E-06	1.70E-06
