MutationType	DBS78A	DBS78B	DBS78C	DBS78D	DBS78E	DBS78F	DBS78G	DBS78H
AC>CA	9.98E-06	2.83E-06	7.56E-06	7.45E-02	1.16E-05	1.58E-05	1.81E-05	1.15E-05
AC>CG	7.78E-06	2.57E-06	8.77E-06	5.49E-06	1.18E-05	1.26E-05	7.77E-06	3.30E-06
AC>CT	7.78E-06	2.57E-06	8.77E-06	5.49E-06	1.18E-05	1.26E-05	7.77E-06	3.30E-06
AC>GA	7.78E-06	2.57E-06	8.77E-06	5.49E-06	1.18E-05	1.26E-05	7.77E-06	3.30E-06
AC>GG	8.27E-02	5.05E-06	1.25E-05	8.39E-06	4.98E-02	1.35E-05	6.63E-02	4.71E-06
AC>GT	7.78E-06	2.57E-06	8.77E-06	5.49E-06	1.18E-05	1.26E-05	7.77E-06	3.30E-06
AC>TA	7.78E-06	2.57E-06	8.77E-06	5.49E-06	1.18E-05	1.26E-05	7.77E-06	3.30E-06
AC>TG	7.78E-06	2.57E-06	8.77E-06	5.49E-06	1.18E-05	1.26E-05	7.77E-06	3.30E-06
AC>TT	6.39E-06	3.19E-02	9.96E-02	6.09E-06	2.01E-05	1.70E-05	1.60E-05	1.99E-01
AT>CA	7.78E-06	2.57E-06	8.77E-06	5.49E-06	1.18E-05	1.26E-05	7.77E-06	3.30E-06
AT>CC	7.78E-06	2.57E-06	8.77E-06	5.49E-06	1.18E-05	1.26E-05	7.77E-06	3.30E-06
AT>CG	7.78E-06	2.57E-06	8.77E-06	5.49E-06	1.18E-05	1.26E-05	7.77E-06	3.30E-06
AT>GA	7.78E-06	2.57E-06	8.77E-06	5.49E-06	1.18E-05	1.26E-05	7.77E-06	3.30E-06
AT>GC	7.78E-06	2.57E-06	8.77E-06	5.49E-06	1.18E-05	1.26E-05	7.77E-06	3.30E-06
AT>TA	7.78E-06	2.57E-06	8.77E-06	5.49E-06	1.18E-05	1.26E-05	7.77E-06	3.30E-06
CC>AA	5.98E-06	1.03E-01	3.84E-06	4.72E-02	3.32E-02	5.70E-02	7.96E-02	9.09E-06
CC>AG	6.79E-06	3.76E-06	2.05E-06	3.38E-06	5.62E-06	1.34E-05	1.45E-01	8.89E-06
CC>AT	9.16E-06	6.88E-02	1.08E-05	4.07E-02	1.44E-05	4.99E-02	1.01E-05	1.74E-06
CC>GA	7.78E-06	2.57E-06	8.77E-06	5.49E-06	1.18E-05	1.26E-05	7.77E-06	3.30E-06
CC>GG	7.78E-06	2.57E-06	8.77E-06	5.49E-06	1.18E-05	1.26E-05	7.77E-06	3.30E-06
CC>GT	7.62E-06	2.94E-06	5.39E-06	3.37E-06	1.93E-01	8.12E-02	3.04E-06	6.64E-02
CC>TA	6.45E-02	9.18E-06	3.63E-02	4.57E-02	1.84E-05	1.54E-05	1.70E-05	7.86E-06
CC>TG	8.07E-06	6.35E-06	1.25E-05	8.08E-06	9.97E-02	2.85E-02	1.70E-05	9.66E-06
CC>TT	7.77E-02	4.32E-06	9.64E-02	3.66E-06	1.63E-05	1.64E-05	1.36E-05	5.45E-06
CG>AT	7.78E-06	2.57E-06	8.77E-06	5.49E-06	1.18E-05	1.26E-05	7.77E-06	3.30E-06
CG>GC	7.78E-06	2.57E-06	8.77E-06	5.49E-06	1.18E-05	1.26E-05	7.77E-06	3.30E-06
CG>GT	7.78E-06	2.57E-06	8.77E-06	5.49E-06	1.18E-05	1.26E-05	7.77E-06	3.30E-06
CG>TA	7.78E-06	2.57E-06	8.77E-06	5.49E-06	1.18E-05	1.26E-05	7.77E-06	3.30E-06
CG>TC	7.78E-06	2.57E-06	8.77E-06	5.49E-06	1.18E-05	1.26E-05	7.77E-06	3.30E-06
CG>TT	7.78E-06	2.57E-06	8.77E-06	5.49E-06	1.18E-05	1.26E-05	7.77E-06	3.30E-06
CT>AA	8.91E-06	9.38E-06	6.34E-06	5.91E-02	1.35E-05	2.85E-02	1.32E-05	4.35E-06
CT>AC	8.67E-06	3.41E-02	6.31E-06	2.03E-02	1.34E-05	4.99E-02	7.71E-06	3.47E-06
CT>AG	7.78E-06	2.57E-06	8.77E-06	5.49E-06	1.18E-05	1.26E-05	7.77E-06	3.30E-06
CT>GA	7.78E-06	2.57E-06	8.77E-06	5.49E-06	1.18E-05	1.26E-05	7.77E-06	3.30E-06
CT>GC	9.96E-02	5.68E-06	1.22E-05	8.03E-06	1.79E-05	1.39E-05	1.76E-05	5.43E-06
CT>GG	7.78E-06	2.57E-06	8.77E-06	5.49E-06	1.18E-05	1.26E-05	7.77E-06	3.30E-06
CT>TA	7.78E-06	2.57E-06	8.77E-06	5.49E-06	1.18E-05	1.26E-05	7.77E-06	3.30E-06
CT>TC	7.78E-06	2.57E-06	8.77E-06	5.49E-06	1.18E-05	1.26E-05	7.77E-06	3.30E-06
CT>TG	7.78E-06	2.57E-06	8.77E-06	5.49E-06	1.18E-05	1.26E-05	7.77E-06	3.30E-06
GC>AA	8.86E-02	5.70E-06	4.45E-02	1.01E-06	1.66E-05	1.47E-05	3.98E-02	6.61E-06
GC>AG	7.78E-06	2.57E-06	8.77E-06	5.49E-06	1.18E-05	1.26E-05	7.77E-06	3.30E-06
GC>AT	7.78E-06	2.57E-06	8.77E-06	5.49E-06	1.18E-05	1.26E-05	7.77E-06	3.30E-06
GC>CA	7.78E-06	2.57E-06	8.77E-06	5.49E-06	1.18E-05	1.26E-05	7.77E-06	3.30E-06
GC>CG	7.78E-06	2.57E-06	8.77E-06	5.49E-06	1.18E-05	1.26E-05	7.77E-06	3.30E-06
GC>TA	7.78E-06	2.57E-06	8.77E-06	5.49E-06	1.18E-05	1.26E-05	7.77E-06	3.30E-06
TA>AT	4.98E-02	4.27E-06	5.70E-02	1.79E-06	4.98E-02	1.28E-05	1.24E-05	6.73E-06
TA>CG	7.78E-06	2.57E-06	8.77E-06	5.49E-06	1.18E-05	1.26E-05	7.77E-06	3.30E-06
TA>CT	7.78E-06	2.57E-06	8.77E-06	5.49E-06	1.18E-05	1.26E-05	7.77E-06	3.30E-06
TA>GC	7.78E-06	2.57E-06	8.77E-06	5.49E-06	1.18E-05	1.26E-05	7.77E-06	3.30E-06
TA>GG	7.78E-06	2.57E-06	8.77E-06	5.49E-06	1.18E-05	1.26E-05	7.77E-06	3.30E-06
TA>GT	7.55E-06	5.66E-06	9.88E-06	1.19E-01	1.75E-05	1.64E-05	1.38E-05	5.31E-06
TC>AA	8.57E-06	2.65E-02	9.37E-06	6.72E-06	6.64E-02	2.85E-02	1.18E-05	3.82E-06
TC>AG	7.78E-06	2.57E-06	8.77E-06	5.49E-06	1.18E-05	1.26E-05	7.77E-06	3.30E-06
TC>AT	1.33E-01	4.38E-02	3.63E-02	4.06E-02	2.15E-05	1.09E-01	1.90E-05	1.56E-06
TC>CA	7.78E-06	2.57E-06	8.77E-06	5.49E-06	1.18E-05	1.26E-05	7.77E-06	3.30E-06
TC>CG	7.78E-06	2.57E-06	8.77E-06	5.49E-06	1.18E-05	1.26E-05	7.77E-06	3.30E-06
TC>CT	7.78E-06	2.57E-06	8.77E-06	5.49E-06	1.18E-05	1.26E-05	7.77E-06	3.30E-06
TC>GA	7.78E-06	2.57E-06	8.77E-06	5.49E-06	1.18E-05	1.26E-05	7.77E-06	3.30E-06
TC>GG	7.78E-06	2.57E-06	8.77E-06	5.49E-06	1.18E-05	1.26E-05	7.77E-06	3.30E-06
TC>GT	2.22E-02	4.06E-06	7.70E-06	3.33E-02	1.84E-01	1.58E-05	9.64E-06	3.37E-06
TG>AA	7.78E-06	2.57E-06	8.77E-06	5.49E-06	1.18E-05	1.26E-05	7.77E-06	3.30E-06
TG>AC	7.78E-06	2.57E-06	8.77E-06	5.49E-06	1.18E-05	1.26E-05	7.77E-06	3.30E-06
TG>AT	6.85E-06	1.71E-02	1.03E-05	7.42E-06	6.64E-02	1.14E-05	7.57E-06	5.18E-06
TG>CA	7.78E-06	2.57E-06	8.77E-06	5.49E-06	1.18E-05	1.26E-05	7.77E-06	3.30E-06
TG>CC	9.63E-06	4.99E-02	5.04E-06	6.64E-02	1.04E-05	1.32E-01	1.05E-01	1.08E-05
TG>CT	9.76E-06	7.05E-06	5.27E-06	5.52E-06	1.52E-05	1.68E-05	1.91E-05	1.61E-01
TG>GA	9.76E-06	6.72E-06	7.82E-06	5.73E-06	9.96E-02	2.85E-02	1.48E-05	1.22E-01
TG>GC	1.67E-05	5.81E-06	8.31E-06	5.53E-06	1.57E-05	1.26E-01	1.95E-05	3.44E-06
TG>GT	7.78E-06	2.57E-06	8.77E-06	5.49E-06	1.18E-05	1.26E-05	7.77E-06	3.30E-06
TT>AA	5.11E-02	3.46E-06	1.81E-02	1.88E-06	1.23E-05	1.49E-05	1.31E-05	5.54E-06
TT>AC	7.78E-06	2.57E-06	8.77E-06	5.49E-06	1.18E-05	1.26E-05	7.77E-06	3.30E-06
TT>AG	7.78E-06	2.57E-06	8.77E-06	5.49E-06	1.18E-05	1.26E-05	7.77E-06	3.30E-06
TT>CA	7.78E-06	2.57E-06	8.77E-06	5.49E-06	1.18E-05	1.26E-05	7.77E-06	3.30E-06
TT>CC	7.78E-06	2.57E-06	8.77E-06	5.49E-06	1.18E-05	1.26E-05	7.77E-06	3.30E-06
TT>CG	7.78E-06	2.57E-06	8.77E-06	5.49E-06	1.18E-05	1.26E-05	7.77E-06	3.30E-06
TT>GA	7.78E-06	2.57E-06	8.77E-06	5.49E-06	1.18E-05	1.26E-05	7.77E-06	3.30E-06
TT>GC	7.78E-06	2.57E-06	8.77E-06	5.49E-06	1.18E-05	1.26E-05	7.77E-06	3.30E-06
TT>GG	7.78E-06	2.57E-06	8.77E-06	5.49E-06	1.18E-05	1.26E-05	7.77E-06	3.30E-06
