MutationType	DBS78A	DBS78B	DBS78C	DBS78D	DBS78E	DBS78F	DBS78G	DBS78H
AC>CA	5.45E-06	5.86E-06	8.38E-06	5.78E-06	7.47E-02	1.10E-05	1.01E-05	1.81E-05
AC>CG	4.44E-06	4.01E-06	5.41E-06	6.78E-06	1.59E-05	9.29E-06	5.52E-06	5.25E-06
AC>CT	4.44E-06	4.01E-06	5.41E-06	6.78E-06	1.59E-05	9.29E-06	5.52E-06	5.25E-06
AC>GA	4.44E-06	4.01E-06	5.41E-06	6.78E-06	1.59E-05	9.29E-06	5.52E-06	5.25E-06
AC>GG	1.06E-05	8.48E-06	5.80E-06	9.96E-02	1.34E-05	1.33E-01	1.62E-05	8.12E-06
AC>GT	4.44E-06	4.01E-06	5.41E-06	6.78E-06	1.59E-05	9.29E-06	5.52E-06	5.25E-06
AC>TA	4.44E-06	4.01E-06	5.41E-06	6.78E-06	1.59E-05	9.29E-06	5.52E-06	5.25E-06
AC>TG	4.44E-06	4.01E-06	5.41E-06	6.78E-06	1.59E-05	9.29E-06	5.52E-06	5.25E-06
AC>TT	6.65E-02	3.56E-06	1.71E-02	8.35E-06	1.73E-05	9.73E-06	6.02E-06	8.38E-06
AT>CA	4.44E-06	4.01E-06	5.41E-06	6.78E-06	1.59E-05	9.29E-06	5.52E-06	5.25E-06
AT>CC	4.44E-06	4.01E-06	5.41E-06	6.78E-06	1.59E-05	9.29E-06	5.52E-06	5.25E-06
AT>CG	4.44E-06	4.01E-06	5.41E-06	6.78E-06	1.59E-05	9.29E-06	5.52E-06	5.25E-06
AT>GA	4.44E-06	4.01E-06	5.41E-06	6.78E-06	1.59E-05	9.29E-06	5.52E-06	5.25E-06
AT>GC	4.44E-06	4.01E-06	5.41E-06	6.78E-06	1.59E-05	9.29E-06	5.52E-06	5.25E-06
AT>TA	4.44E-06	4.01E-06	5.41E-06	6.78E-06	1.59E-05	9.29E-06	5.52E-06	5.25E-06
CC>AA	1.21E-01	3.66E-11	6.95E-02	3.50E-05	4.89E-02	3.33E-02	1.81E-05	1.31E-05
CC>AG	5.12E-06	1.06E-06	8.90E-06	7.11E-06	1.85E-05	6.23E-06	1.79E-05	1.35E-01
CC>AT	2.50E-02	6.17E-06	2.16E-02	6.49E-06	1.56E-05	3.33E-02	6.84E-06	4.83E-06
CC>GA	4.44E-06	4.01E-06	5.41E-06	6.78E-06	1.59E-05	9.29E-06	5.52E-06	5.25E-06
CC>GG	4.44E-06	4.01E-06	5.41E-06	6.78E-06	1.59E-05	9.29E-06	5.52E-06	5.25E-06
CC>GT	4.51E-02	1.66E-02	3.32E-02	7.94E-06	1.40E-05	1.16E-05	9.64E-06	3.98E-02
CC>TA	7.04E-06	3.46E-02	6.18E-06	3.49E-06	1.09E-01	9.58E-06	1.16E-05	2.34E-05
CC>TG	1.20E-05	7.26E-06	6.44E-06	1.35E-01	1.73E-05	1.21E-05	1.80E-05	1.59E-05
CC>TT	5.67E-06	6.71E-02	2.94E-06	8.04E-06	1.40E-05	1.05E-05	1.01E-05	1.09E-05
CG>AT	4.44E-06	4.01E-06	5.41E-06	6.78E-06	1.59E-05	9.29E-06	5.52E-06	5.25E-06
CG>GC	4.44E-06	4.01E-06	5.41E-06	6.78E-06	1.59E-05	9.29E-06	5.52E-06	5.25E-06
CG>GT	4.44E-06	4.01E-06	5.41E-06	6.78E-06	1.59E-05	9.29E-06	5.52E-06	5.25E-06
CG>TA	4.44E-06	4.01E-06	5.41E-06	6.78E-06	1.59E-05	9.29E-06	5.52E-06	5.25E-06
CG>TC	4.44E-06	4.01E-06	5.41E-06	6.78E-06	1.59E-05	9.29E-06	5.52E-06	5.25E-06
CG>TT	4.44E-06	4.01E-06	5.41E-06	6.78E-06	1.59E-05	9.29E-06	5.52E-06	5.25E-06
CT>AA	4.65E-06	3.29E-06	8.45E-06	8.77E-06	7.99E-02	6.64E-02	3.32E-02	1.11E-01
CT>AC	7.90E-06	7.46E-06	4.23E-02	4.27E-06	1.59E-05	1.33E-01	8.30E-06	5.69E-06
CT>AG	4.44E-06	4.01E-06	5.41E-06	6.78E-06	1.59E-05	9.29E-06	5.52E-06	5.25E-06
CT>GA	4.44E-06	4.01E-06	5.41E-06	6.78E-06	1.59E-05	9.29E-06	5.52E-06	5.25E-06
CT>GC	7.17E-06	6.51E-06	4.89E-06	7.74E-06	8.08E-06	3.34E-02	4.97E-02	1.34E-05
CT>GG	4.44E-06	4.01E-06	5.41E-06	6.78E-06	1.59E-05	9.29E-06	5.52E-06	5.25E-06
CT>TA	4.44E-06	4.01E-06	5.41E-06	6.78E-06	1.59E-05	9.29E-06	5.52E-06	5.25E-06
CT>TC	4.44E-06	4.01E-06	5.41E-06	6.78E-06	1.59E-05	9.29E-06	5.52E-06	5.25E-06
CT>TG	4.44E-06	4.01E-06	5.41E-06	6.78E-06	1.59E-05	9.29E-06	5.52E-06	5.25E-06
GC>AA	4.84E-06	3.25E-02	2.12E-02	6.68E-06	1.66E-05	3.32E-02	1.77E-06	9.66E-06
GC>AG	4.44E-06	4.01E-06	5.41E-06	6.78E-06	1.59E-05	9.29E-06	5.52E-06	5.25E-06
GC>AT	4.44E-06	4.01E-06	5.41E-06	6.78E-06	1.59E-05	9.29E-06	5.52E-06	5.25E-06
GC>CA	4.44E-06	4.01E-06	5.41E-06	6.78E-06	1.59E-05	9.29E-06	5.52E-06	5.25E-06
GC>CG	4.44E-06	4.01E-06	5.41E-06	6.78E-06	1.59E-05	9.29E-06	5.52E-06	5.25E-06
GC>TA	4.44E-06	4.01E-06	5.41E-06	6.78E-06	1.59E-05	9.29E-06	5.52E-06	5.25E-06
TA>AT	6.66E-06	4.26E-06	1.01E-05	1.11E-01	1.95E-05	8.26E-06	8.99E-02	1.37E-05
TA>CG	4.44E-06	4.01E-06	5.41E-06	6.78E-06	1.59E-05	9.29E-06	5.52E-06	5.25E-06
TA>CT	4.44E-06	4.01E-06	5.41E-06	6.78E-06	1.59E-05	9.29E-06	5.52E-06	5.25E-06
TA>GC	4.44E-06	4.01E-06	5.41E-06	6.78E-06	1.59E-05	9.29E-06	5.52E-06	5.25E-06
TA>GG	4.44E-06	4.01E-06	5.41E-06	6.78E-06	1.59E-05	9.29E-06	5.52E-06	5.25E-06
TA>GT	6.58E-06	2.66E-02	7.28E-06	5.67E-06	1.16E-01	1.11E-05	9.77E-06	2.35E-04
TC>AA	7.98E-02	7.90E-06	1.50E-01	4.99E-02	1.71E-05	9.06E-06	1.48E-05	2.03E-05
TC>AG	4.44E-06	4.01E-06	5.41E-06	6.78E-06	1.59E-05	9.29E-06	5.52E-06	5.25E-06
TC>AT	3.32E-02	5.41E-02	1.42E-01	1.40E-05	2.92E-06	6.65E-02	4.97E-02	2.14E-05
TC>CA	4.44E-06	4.01E-06	5.41E-06	6.78E-06	1.59E-05	9.29E-06	5.52E-06	5.25E-06
TC>CG	4.44E-06	4.01E-06	5.41E-06	6.78E-06	1.59E-05	9.29E-06	5.52E-06	5.25E-06
TC>CT	4.44E-06	4.01E-06	5.41E-06	6.78E-06	1.59E-05	9.29E-06	5.52E-06	5.25E-06
TC>GA	4.44E-06	4.01E-06	5.41E-06	6.78E-06	1.59E-05	9.29E-06	5.52E-06	5.25E-06
TC>GG	4.44E-06	4.01E-06	5.41E-06	6.78E-06	1.59E-05	9.29E-06	5.52E-06	5.25E-06
TC>GT	6.72E-06	2.49E-02	8.03E-06	3.98E-02	1.99E-01	6.64E-02	3.98E-02	1.68E-05
TG>AA	4.44E-06	4.01E-06	5.41E-06	6.78E-06	1.59E-05	9.29E-06	5.52E-06	5.25E-06
TG>AC	4.44E-06	4.01E-06	5.41E-06	6.78E-06	1.59E-05	9.29E-06	5.52E-06	5.25E-06
TG>AT	4.37E-02	7.06E-06	4.99E-02	4.99E-02	1.63E-05	7.77E-06	1.19E-05	7.42E-06
TG>CA	4.44E-06	4.01E-06	5.41E-06	6.78E-06	1.59E-05	9.29E-06	5.52E-06	5.25E-06
TG>CC	4.56E-06	3.65E-07	4.71E-07	5.88E-06	2.83E-06	8.68E-06	1.17E-01	2.26E-05
TG>CT	5.34E-06	1.99E-06	3.42E-02	1.37E-01	1.05E-05	3.34E-02	4.97E-02	1.62E-05
TG>GA	7.19E-06	8.84E-06	5.11E-06	7.01E-06	1.68E-05	1.82E-01	3.32E-02	4.20E-05
TG>GC	7.09E-06	8.02E-06	8.43E-06	9.01E-02	1.81E-05	1.03E-05	4.98E-02	1.66E-05
TG>GT	4.44E-06	4.01E-06	5.41E-06	6.78E-06	1.59E-05	9.29E-06	5.52E-06	5.25E-06
TT>AA	5.72E-06	2.66E-02	6.07E-06	7.73E-06	1.53E-05	3.32E-02	4.73E-06	1.08E-05
TT>AC	4.44E-06	4.01E-06	5.41E-06	6.78E-06	1.59E-05	9.29E-06	5.52E-06	5.25E-06
TT>AG	4.44E-06	4.01E-06	5.41E-06	6.78E-06	1.59E-05	9.29E-06	5.52E-06	5.25E-06
TT>CA	4.44E-06	4.01E-06	5.41E-06	6.78E-06	1.59E-05	9.29E-06	5.52E-06	5.25E-06
TT>CC	4.44E-06	4.01E-06	5.41E-06	6.78E-06	1.59E-05	9.29E-06	5.52E-06	5.25E-06
TT>CG	4.44E-06	4.01E-06	5.41E-06	6.78E-06	1.59E-05	9.29E-06	5.52E-06	5.25E-06
TT>GA	4.44E-06	4.01E-06	5.41E-06	6.78E-06	1.59E-05	9.29E-06	5.52E-06	5.25E-06
TT>GC	4.44E-06	4.01E-06	5.41E-06	6.78E-06	1.59E-05	9.29E-06	5.52E-06	5.25E-06
TT>GG	4.44E-06	4.01E-06	5.41E-06	6.78E-06	1.59E-05	9.29E-06	5.52E-06	5.25E-06
