MutationType	DBS78A	DBS78B	DBS78C	DBS78D	DBS78E	DBS78F	DBS78G	DBS78H
AC>CA	2.277418707308243e-05	1.9343981034397562e-05	2.1810056168192204e-05	4.245572818035725e-05	0.1598248830428929	3.052355004912287e-05	6.85206126945559e-05	6.802039835640192e-05
AC>CG	3.815596865024418e-05	3.1608588324161245e-05	3.113953534921166e-05	4.520619731920306e-05	3.583964935387485e-05	3.991700104961637e-05	7.888596737757326e-05	9.076288406504319e-05
AC>CT	3.815596865024418e-05	3.1608588324161245e-05	3.113953534921166e-05	4.520619731920306e-05	3.583964935387485e-05	3.991700104961637e-05	7.888596737757326e-05	9.076288406504319e-05
AC>GA	3.815596865024418e-05	3.1608587960363366e-05	3.113953534921166e-05	4.520619731920306e-05	3.583964935387485e-05	3.991700104961637e-05	7.888596737757326e-05	9.076288406504319e-05
AC>GG	2.560651652361301e-05	2.2865569723402866e-05	1.5083011249289458e-05	0.09967881097788336	2.7816513529987928e-05	0.13293879810025827	5.6964270152093376e-05	8.120784332277253e-05
AC>GT	3.815596865024418e-05	3.1608588324161245e-05	3.113953534921166e-05	4.520619731920306e-05	3.583964935387485e-05	3.991700104961637e-05	7.888596737757326e-05	9.076288406504319e-05
AC>TA	3.815596865024418e-05	3.1608587960363366e-05	3.113953534921166e-05	4.520619731920306e-05	3.583964935387485e-05	3.991700104961637e-05	7.888596737757326e-05	9.076288406504319e-05
AC>TG	3.815596865024418e-05	3.1608587960363366e-05	3.113953534921166e-05	4.520619731920306e-05	3.583964935387485e-05	3.991700104961637e-05	7.888596737757326e-05	9.076288406504319e-05
AC>TT	0.06652198812371353	2.3284158305614256e-05	0.017114156179741304	4.239550908096135e-05	3.183368135069053e-05	3.5622071845864414e-05	7.731411751592532e-05	8.480128817609512e-05
AT>CA	3.815596865024418e-05	3.1608587960363366e-05	3.113953534921166e-05	4.520619731920306e-05	3.583964935387485e-05	3.991700104961637e-05	7.888596737757326e-05	9.076288406504319e-05
AT>CC	3.815596865024418e-05	3.1608588324161245e-05	3.113953534921166e-05	4.520619731920306e-05	3.583964935387485e-05	3.991700104961637e-05	7.888596737757326e-05	9.076288406504319e-05
AT>CG	3.815596865024418e-05	3.1608587960363366e-05	3.113953534921166e-05	4.520619731920306e-05	3.583964935387485e-05	3.991700104961637e-05	7.888596737757326e-05	9.076288406504319e-05
AT>GA	3.815596865024418e-05	3.1608587960363366e-05	3.113953534921166e-05	4.520619731920306e-05	3.583964935387485e-05	3.991700104961637e-05	7.888596737757326e-05	9.076288406504319e-05
AT>GC	3.815596865024418e-05	3.1608588324161245e-05	3.113953534921166e-05	4.520619731920306e-05	3.583964935387485e-05	3.991700104961637e-05	7.888596737757326e-05	9.076288406504319e-05
AT>TA	3.815596865024418e-05	3.1608587960363366e-05	3.113953534921166e-05	4.520619731920306e-05	3.583964935387485e-05	3.991700104961637e-05	7.888596737757326e-05	9.076288406504319e-05
CC>AA	0.6495356798171997	5.867272739853729e-11	0.15318674764184834	6.087157744332217e-05	0.0798969857285556	0.03329716908125378	3.838239432760737e-05	4.320152766013052e-05
CC>AG	1.752370804979364e-05	1.5030331636856075e-06	1.56120672238913e-05	1.2733662627795183e-05	2.443641076865788e-05	8.261519153052176e-06	3.47630617626409e-05	0.7745983064174652
CC>AT	0.024993598298897267	2.271940993523458e-05	0.03526267246888892	4.36155703937402e-05	3.553119240677916e-05	0.03333790692013281	7.498654376831837e-05	8.747721294639632e-05
CC>GA	3.815596865024418e-05	3.1608588324161245e-05	3.113953534921166e-05	4.520619731920306e-05	3.583964935387485e-05	3.991700104961637e-05	7.888596737757326e-05	9.076288406504319e-05
CC>GG	3.815596865024418e-05	3.1608587960363366e-05	3.113953534921166e-05	4.520619731920306e-05	3.583964935387485e-05	3.991700104961637e-05	7.888596737757326e-05	9.076288406504319e-05
CC>GT	0.07315381437874749	0.01664746138994815	0.033244334029041055	3.870906257361639e-05	2.5291088059020693e-05	3.0475113089945634e-05	6.664410684606992e-05	0.039853398517880126
CC>TA	1.8878947864209293e-05	0.10716151287124376	1.6468004740341643e-05	3.6614556665881534e-05	0.1997437135083601	2.8396304699351725e-05	5.4315291345119475e-05	9.894598115351982e-05
CC>TG	3.9957442947979874e-05	1.7612399995714512e-05	1.5329748596138554e-05	0.21953466007471434	3.183276349011055e-05	3.671871680808181e-05	4.423112796367867e-05	7.391736071440391e-05
CC>TT	1.9410440951111994e-05	0.6214468121528626	5.7034034540937025e-06	2.3492399373026272e-05	2.277341304726399e-05	3.921697134501301e-05	4.026198723181551e-05	7.738930944469757e-05
CG>AT	3.815596865024418e-05	3.1608588324161245e-05	3.113953534921166e-05	4.520619731920306e-05	3.583964935387485e-05	3.991700104961637e-05	7.888596737757326e-05	9.076288406504319e-05
CG>GC	3.815596865024418e-05	3.1608587960363366e-05	3.113953534921166e-05	4.520619731920306e-05	3.583964935387485e-05	3.991700104961637e-05	7.888596737757326e-05	9.076288406504319e-05
CG>GT	3.815596865024418e-05	3.1608587960363366e-05	3.113953534921166e-05	4.520619731920306e-05	3.583964935387485e-05	3.991700104961637e-05	7.888596737757326e-05	9.076288406504319e-05
CG>TA	3.815596865024418e-05	3.1608587960363366e-05	3.113953534921166e-05	4.520619731920306e-05	3.583964935387485e-05	3.991700104961637e-05	7.888596737757326e-05	9.076288406504319e-05
CG>TC	3.815596865024418e-05	3.1608588324161245e-05	3.113953534921166e-05	4.520619731920306e-05	3.583964935387485e-05	3.991700104961637e-05	7.888596737757326e-05	9.076288406504319e-05
CG>TT	3.815596865024418e-05	3.1608588324161245e-05	3.113953534921166e-05	4.520619731920306e-05	3.583964935387485e-05	3.991700104961637e-05	7.888596737757326e-05	9.076288406504319e-05
CT>AA	9.396999854516252e-06	4.6960993315137145e-06	1.2888035226410465e-05	2.5251214401578183e-05	0.11987297079404928	0.06639446102521021	0.03321213306769551	0.17891658870939864
CT>AC	2.458586107561625e-05	2.5468900028968733e-05	0.042355045714787556	3.691563651955221e-05	3.583470461308025e-05	0.13323563492449467	7.242534338729456e-05	8.541071874788032e-05
CT>AG	3.815596865024418e-05	3.1608588324161245e-05	3.113953534921166e-05	4.520619731920306e-05	3.583964935387485e-05	3.991700104961637e-05	7.888596737757326e-05	9.076288406504319e-05
CT>GA	3.815596865024418e-05	3.1608588324161245e-05	3.113953534921166e-05	4.520619731920306e-05	3.583964935387485e-05	3.991700104961637e-05	7.888596737757326e-05	9.076288406504319e-05
CT>GC	3.136091963824583e-05	1.901365768768315e-05	2.0980628414690726e-05	4.33471956057474e-05	2.543314822105458e-05	0.033413465430567155	0.04981547864008462	7.759194704703987e-05
CT>GG	3.815596865024418e-05	3.1608588324161245e-05	3.113953534921166e-05	4.520619731920306e-05	3.583964935387485e-05	3.991700104961637e-05	7.888596737757326e-05	9.076288406504319e-05
CT>TA	3.815596865024418e-05	3.1608588324161245e-05	3.113953534921166e-05	4.520619731920306e-05	3.583964935387485e-05	3.991700104961637e-05	7.888596737757326e-05	9.076288406504319e-05
CT>TC	3.815596865024418e-05	3.1608587960363366e-05	3.113953534921166e-05	4.520619731920306e-05	3.583964935387485e-05	3.991700104961637e-05	7.888596737757326e-05	9.076288406504319e-05
CT>TG	3.815596865024418e-05	3.1608587960363366e-05	3.113953534921166e-05	4.520619731920306e-05	3.583964935387485e-05	3.991700104961637e-05	7.888596737757326e-05	9.076288406504319e-05
GC>AA	3.277724317740649e-05	0.04916892835608451	0.021198188697917432	3.480015366221778e-05	3.324645640532253e-05	0.033261986765501204	7.016063173068688e-05	8.485023136017844e-05
GC>AG	3.815596865024418e-05	3.1608588324161245e-05	3.113953534921166e-05	4.520619731920306e-05	3.583964935387485e-05	3.991700104961637e-05	7.888596737757326e-05	9.076288406504319e-05
GC>AT	3.815596865024418e-05	3.1608588324161245e-05	3.113953534921166e-05	4.520619731920306e-05	3.583964935387485e-05	3.991700104961637e-05	7.888596737757326e-05	9.076288406504319e-05
GC>CA	3.815596865024418e-05	3.1608588324161245e-05	3.113953534921166e-05	4.520619731920306e-05	3.583964935387485e-05	3.991700104961637e-05	7.888596737757326e-05	9.076288406504319e-05
GC>CG	3.815596865024418e-05	3.1608587960363366e-05	3.113953534921166e-05	4.520619731920306e-05	3.583964935387485e-05	3.991700104961637e-05	7.888596737757326e-05	9.076288406504319e-05
GC>TA	3.815596865024418e-05	3.1608587960363366e-05	3.113953534921166e-05	4.520619731920306e-05	3.583964935387485e-05	3.991700104961637e-05	7.888596737757326e-05	9.076288406504319e-05
TA>AT	1.2710900341611443e-05	8.028994824371693e-06	1.1894634502464946e-05	0.1794552061762488	2.1571804421571293e-05	1.458842981350017e-05	0.14594137186832085	6.204557703313185e-05
TA>CG	3.815596865024418e-05	3.1608587960363366e-05	3.113953534921166e-05	4.520619731920306e-05	3.583964935387485e-05	3.991700104961637e-05	7.888596737757326e-05	9.076288406504319e-05
TA>CT	3.815596865024418e-05	3.1608588324161245e-05	3.113953534921166e-05	4.520619731920306e-05	3.583964935387485e-05	3.991700104961637e-05	7.888596737757326e-05	9.076288406504319e-05
TA>GC	3.815596865024418e-05	3.1608587960363366e-05	3.113953534921166e-05	4.520619731920306e-05	3.583964935387485e-05	3.991700104961637e-05	7.888596737757326e-05	9.076288406504319e-05
TA>GG	3.815596865024418e-05	3.1608588324161245e-05	3.113953534921166e-05	4.520619731920306e-05	3.583964935387485e-05	3.991700104961637e-05	7.888596737757326e-05	9.076288406504319e-05
TA>GT	1.5749825469313015e-05	0.026590108295535902	1.583264049997979e-05	4.284514798200689e-05	0.23971567914122716	2.424263957025923e-05	6.327078226604499e-05	0.0002952301575144256
TC>AA	0.07980930623559175	2.1242775710561544e-05	0.14976130495478193	0.04994814902674989	3.212779379282438e-05	3.302623654235504e-05	5.569997592829168e-05	4.595660848059069e-05
TC>AG	3.815596865024418e-05	3.1608587960363366e-05	3.113953534921166e-05	4.520619731920306e-05	3.583964935387485e-05	3.991700104961637e-05	7.888596737757326e-05	9.076288406504319e-05
TC>AT	0.03325412553077229	0.1254026018792956	0.4618710413784356	3.265657396696048e-05	4.8390322859859225e-06	0.06652739570891271	0.04977676522394177	5.502813107796101e-05
TC>CA	3.815596865024418e-05	3.1608587960363366e-05	3.113953534921166e-05	4.520619731920306e-05	3.583964935387485e-05	3.991700104961637e-05	7.888596737757326e-05	9.076288406504319e-05
TC>CG	3.815596865024418e-05	3.1608588324161245e-05	3.113953534921166e-05	4.520619731920306e-05	3.583964935387485e-05	3.991700104961637e-05	7.888596737757326e-05	9.076288406504319e-05
TC>CT	3.815596865024418e-05	3.1608588324161245e-05	3.113953534921166e-05	4.520619731920306e-05	3.583964935387485e-05	3.991700104961637e-05	7.888596737757326e-05	9.076288406504319e-05
TC>GA	3.815596865024418e-05	3.1608588324161245e-05	3.113953534921166e-05	4.520619731920306e-05	3.583964935387485e-05	3.991700104961637e-05	7.888596737757326e-05	9.076288406504319e-05
TC>GG	3.815596865024418e-05	3.1608588324161245e-05	3.113953534921166e-05	4.520619731920306e-05	3.583964935387485e-05	3.991700104961637e-05	7.888596737757326e-05	9.076288406504319e-05
TC>GT	1.5574927078887413e-05	0.02489609979345033	1.96672484435112e-05	0.03986020514857957	0.19855383518597106	0.06637564040102006	0.039818940112877496	6.137651290032409e-05
TG>AA	3.815596865024418e-05	3.1608587960363366e-05	3.113953534921166e-05	4.520619731920306e-05	3.583964935387485e-05	3.991700104961637e-05	7.888596737757326e-05	9.076288406504319e-05
TG>AC	3.815596865024418e-05	3.1608587960363366e-05	3.113953534921166e-05	4.520619731920306e-05	3.583964935387485e-05	3.991700104961637e-05	7.888596737757326e-05	9.076288406504319e-05
TG>AT	0.0703299425644218	1.9543049438652817e-05	0.049934947275505695	0.04995280341681792	3.4423441320541315e-05	3.4769026751746426e-05	6.095660137361847e-05	6.65796542307362e-05
TG>CA	3.815596865024418e-05	3.1608588324161245e-05	3.113953534921166e-05	4.520619731920306e-05	3.583964935387485e-05	3.991700104961637e-05	7.888596737757326e-05	9.076288406504319e-05
TG>CC	5.99572063155751e-06	6.94269453482832e-07	5.572587786994987e-07	1.1782899514400924e-05	3.3142741554236314e-06	1.6843268713273574e-05	0.5434537351131439	4.2229084493783374e-05
TG>CT	1.0936056385500888e-05	4.598900090968527e-06	0.03418838698901401	0.21248862388529233	1.746925893245689e-05	0.03340621751258084	0.04980030603910564	5.6879953808675056e-05
TG>GA	2.0872113600489685e-05	1.1452737848127725e-05	1.4631508474849397e-05	2.2889455556196482e-05	2.383705889790913e-05	0.33206685614568415	0.033228417340137636	0.00011868862711708061
TG>GC	2.182673722664931e-05	1.8191202975259558e-05	2.251990003969695e-05	0.1460909124431055	2.7900033359173904e-05	3.421155562080003e-05	0.04982358601264423	7.258674359036376e-05
TG>GT	3.815596865024418e-05	3.1608587960363366e-05	3.113953534921166e-05	4.520619731920306e-05	3.583964935387485e-05	3.991700104961637e-05	7.888596737757326e-05	9.076288406504319e-05
TT>AA	3.322189113532659e-05	0.026771037836078905	2.3586138513564948e-05	4.337394566391595e-05	3.275458202551817e-05	0.033262206399012936	6.944613924133591e-05	8.1867232802324e-05
TT>AC	3.815596865024418e-05	3.1608588324161245e-05	3.113953534921166e-05	4.520619731920306e-05	3.583964935387485e-05	3.991700104961637e-05	7.888596737757326e-05	9.076288406504319e-05
TT>AG	3.815596865024418e-05	3.1608587960363366e-05	3.113953534921166e-05	4.520619731920306e-05	3.583964935387485e-05	3.991700104961637e-05	7.888596737757326e-05	9.076288406504319e-05
TT>CA	3.815596865024418e-05	3.1608588324161245e-05	3.113953534921166e-05	4.520619731920306e-05	3.583964935387485e-05	3.991700104961637e-05	7.888596737757326e-05	9.076288406504319e-05
TT>CC	3.815596865024418e-05	3.1608587960363366e-05	3.113953534921166e-05	4.520619731920306e-05	3.583964935387485e-05	3.991700104961637e-05	7.888596737757326e-05	9.076288406504319e-05
TT>CG	3.815596865024418e-05	3.1608587960363366e-05	3.113953534921166e-05	4.520619731920306e-05	3.583964935387485e-05	3.991700104961637e-05	7.888596737757326e-05	9.076288406504319e-05
TT>GA	3.815596865024418e-05	3.1608587960363366e-05	3.113953534921166e-05	4.520619731920306e-05	3.583964935387485e-05	3.991700104961637e-05	7.888596737757326e-05	9.076288406504319e-05
TT>GC	3.815596865024418e-05	3.1608588324161245e-05	3.113953534921166e-05	4.520619731920306e-05	3.583964935387485e-05	3.991700104961637e-05	7.888596737757326e-05	9.076288406504319e-05
TT>GG	3.815596865024418e-05	3.1608588324161245e-05	3.113953534921166e-05	4.520619731920306e-05	3.583964935387485e-05	3.991700104961637e-05	7.888596737757326e-05	9.076288406504319e-05
