MutationType	SBS96A	SBS96B	SBS96C	SBS96D	SBS96E	SBS96F	SBS96G	SBS96H	SBS96I	SBS96J
A[C>A]A	4.96E-04	3.85E-03	6.23E-03	4.02E-03	5.07E-03	6.28E-03	5.71E-03	1.36E-03	4.85E-03	9.29E-03
A[C>A]C	1.16E-04	2.78E-03	4.07E-03	3.54E-03	2.45E-03	2.61E-07	1.14E-02	4.94E-03	5.60E-03	5.19E-03
A[C>A]G	1.85E-04	1.46E-03	2.89E-03	9.86E-04	1.79E-03	2.20E-05	1.48E-04	2.08E-03	2.87E-03	7.69E-03
A[C>A]T	3.82E-04	1.90E-03	5.00E-03	5.32E-03	2.96E-03	3.97E-03	9.05E-03	4.01E-03	1.08E-02	4.17E-03
A[C>G]A	9.47E-04	2.32E-03	5.37E-03	2.92E-03	1.76E-03	4.79E-03	3.60E-03	5.07E-03	3.51E-03	5.39E-03
A[C>G]C	7.96E-04	2.10E-03	3.69E-03	6.01E-03	1.58E-03	3.72E-03	8.41E-04	3.21E-03	9.38E-04	8.50E-04
A[C>G]G	6.71E-04	1.46E-03	2.04E-03	1.86E-03	0.00E+00	1.98E-03	1.21E-03	3.10E-03	4.86E-03	2.66E-03
A[C>G]T	6.04E-04	2.15E-03	4.25E-03	4.12E-03	2.64E-03	7.86E-03	8.65E-03	4.92E-03	1.12E-02	2.01E-04
A[C>T]A	1.27E-03	8.55E-03	5.84E-03	2.46E-03	1.35E-03	5.17E-03	8.44E-03	6.20E-03	4.18E-03	3.54E-03
A[C>T]C	8.56E-04	1.61E-03	2.08E-03	3.06E-03	1.31E-03	1.92E-03	5.40E-03	2.79E-03	3.77E-03	5.01E-03
A[C>T]G	1.52E-03	1.53E-02	1.18E-02	7.77E-03	1.44E-03	1.04E-02	6.99E-03	1.10E-02	1.14E-02	9.00E-03
A[C>T]T	3.27E-04	4.23E-04	6.16E-03	3.18E-03	2.40E-03	2.07E-03	3.98E-03	2.98E-03	1.37E-03	4.09E-03
A[T>A]A	3.42E-04	2.52E-03	2.90E-03	2.45E-03	2.59E-03	6.88E-05	1.90E-03	5.73E-04	3.40E-04	1.37E-03
A[T>A]C	3.83E-04	1.19E-03	4.28E-03	1.52E-03	6.89E-04	2.09E-03	2.70E-03	4.95E-03	7.92E-03	4.84E-03
A[T>A]G	1.28E-04	2.33E-07	2.38E-03	5.85E-03	4.71E-03	8.62E-04	1.84E-03	2.33E-03	3.36E-03	2.36E-03
A[T>A]T	0.00E+00	2.11E-03	1.22E-03	1.34E-03	4.88E-03	1.51E-03	6.96E-03	7.11E-03	2.25E-03	3.21E-03
A[T>C]A	4.06E-04	2.86E-03	1.97E-03	6.38E-03	3.98E-03	1.97E-03	4.14E-03	3.72E-03	3.12E-03	6.87E-03
A[T>C]C	3.14E-04	7.34E-04	4.89E-03	4.08E-03	3.52E-03	2.36E-03	3.13E-03	1.50E-03	2.60E-03	3.54E-03
A[T>C]G	4.93E-04	1.53E-03	3.33E-03	6.90E-03	2.05E-03	2.26E-03	4.00E-03	4.52E-03	5.81E-03	6.73E-03
A[T>C]T	2.17E-04	1.05E-03	4.68E-03	9.21E-03	5.41E-03	2.33E-03	2.91E-03	1.96E-03	1.45E-02	1.41E-03
A[T>G]A	1.00E-04	2.95E-03	8.97E-04	2.35E-03	2.62E-03	2.11E-03	3.08E-03	2.21E-03	3.94E-03	4.53E-03
A[T>G]C	1.02E-04	3.98E-04	2.64E-03	6.21E-04	4.14E-08	2.33E-03	1.90E-03	3.97E-04	1.36E-03	3.74E-07
A[T>G]G	1.67E-04	3.65E-03	2.10E-03	4.70E-03	1.00E-03	2.05E-03	2.84E-03	3.51E-03	2.43E-03	2.18E-03
A[T>G]T	5.07E-04	3.81E-04	2.32E-03	3.17E-03	3.27E-03	1.03E-03	1.18E-03	2.15E-03	0.00E+00	7.68E-08
C[C>A]A	5.24E-04	3.90E-03	4.01E-03	2.21E-03	3.01E-03	3.03E-03	5.46E-03	3.57E-03	5.08E-03	5.62E-03
C[C>A]C	2.42E-04	2.39E-03	2.65E-03	8.92E-03	7.59E-03	7.05E-03	8.49E-03	3.15E-03	6.25E-04	0.00E+00
C[C>A]G	7.88E-04	1.83E-03	2.29E-03	1.50E-03	1.26E-04	1.34E-03	2.85E-03	1.09E-03	2.68E-03	3.27E-03
C[C>A]T	7.14E-04	1.33E-03	3.85E-03	7.71E-03	7.16E-03	4.05E-03	6.68E-03	5.24E-03	1.80E-03	4.78E-03
C[C>G]A	2.37E-03	2.41E-03	3.90E-03	4.81E-03	1.08E-03	7.34E-04	5.15E-03	4.92E-03	1.18E-03	3.87E-03
C[C>G]C	3.69E-04	3.66E-03	4.73E-03	2.42E-03	1.71E-03	5.28E-03	4.71E-03	3.79E-03	5.52E-03	5.58E-03
C[C>G]G	9.26E-04	1.71E-03	2.19E-03	6.64E-03	1.21E-03	2.56E-03	1.72E-03	5.06E-03	2.09E-03	3.81E-07
C[C>G]T	1.58E-03	4.38E-03	4.34E-03	3.73E-03	5.76E-03	4.42E-03	6.11E-03	6.47E-03	9.91E-04	0.00E+00
C[C>T]A	3.62E-03	1.03E-02	5.37E-03	4.34E-03	2.59E-03	3.80E-03	4.93E-03	3.99E-03	8.55E-03	3.79E-03
C[C>T]C	1.63E-03	3.51E-03	3.32E-03	4.03E-03	4.47E-03	2.12E-03	3.89E-03	1.06E-03	4.26E-03	1.81E-03
C[C>T]G	1.47E-03	6.04E-03	6.45E-03	1.04E-02	3.54E-03	1.80E-03	4.38E-03	1.37E-02	8.80E-03	4.20E-03
C[C>T]T	5.31E-04	1.38E-03	5.92E-03	2.66E-03	3.13E-03	2.81E-03	3.90E-03	4.25E-03	4.76E-03	4.23E-03
C[T>A]A	1.08E-04	1.52E-03	4.18E-03	1.97E-03	2.34E-04	1.36E-03	2.20E-03	2.33E-03	2.96E-03	3.00E-03
C[T>A]C	3.62E-04	8.54E-04	2.69E-03	2.88E-03	2.91E-03	5.37E-03	1.11E-02	2.20E-03	2.40E-03	7.64E-04
C[T>A]G	5.18E-04	2.36E-03	3.49E-03	5.19E-03	6.75E-04	3.50E-03	2.59E-03	5.74E-03	3.49E-03	1.56E-03
C[T>A]T	0.00E+00	2.32E-03	5.25E-03	9.89E-04	2.52E-03	7.55E-04	2.74E-03	1.52E-03	5.48E-04	2.62E-03
C[T>C]A	2.95E-04	1.40E-03	1.84E-03	3.24E-03	2.00E-03	2.15E-03	1.59E-03	1.89E-03	1.99E-03	1.06E-03
C[T>C]C	7.60E-05	1.33E-03	3.25E-03	1.59E-03	4.63E-03	9.06E-07	2.52E-03	2.93E-03	4.22E-03	5.15E-03
C[T>C]G	3.97E-04	1.69E-03	3.73E-03	4.93E-03	4.07E-03	3.52E-03	3.15E-03	6.49E-04	2.55E-03	1.04E-02
C[T>C]T	1.51E-04	3.64E-04	6.84E-03	3.88E-03	3.64E-03	1.16E-03	2.84E-03	2.80E-03	2.08E-03	1.48E-03
C[T>G]A	4.01E-09	1.41E-07	1.01E-03	1.58E-04	2.41E-07	1.71E-03	5.21E-03	1.35E-03	6.05E-04	3.62E-07
C[T>G]C	3.89E-04	1.52E-03	2.45E-03	3.48E-03	1.20E-03	1.75E-03	1.79E-03	5.36E-03	3.70E-03	3.63E-03
C[T>G]G	7.15E-04	2.08E-03	1.21E-03	5.36E-03	3.37E-03	3.53E-03	2.54E-03	4.10E-03	5.51E-03	4.81E-03
C[T>G]T	0.00E+00	5.11E-09	2.44E-03	5.02E-03	2.28E-03	2.51E-03	2.38E-03	3.14E-03	5.39E-03	4.87E-03
G[C>A]A	7.50E-04	3.36E-03	3.22E-03	4.20E-03	4.43E-03	3.32E-03	8.54E-03	3.73E-03	5.45E-03	6.52E-04
G[C>A]C	3.40E-04	1.68E-03	7.70E-03	4.41E-03	4.02E-03	4.74E-03	4.39E-03	3.24E-03	6.61E-04	3.77E-03
G[C>A]G	2.10E-04	2.37E-03	1.78E-07	1.25E-02	2.44E-03	2.97E-03	0.00E+00	2.86E-03	3.73E-03	0.00E+00
G[C>A]T	3.77E-04	1.77E-03	1.86E-03	2.61E-03	4.74E-03	3.05E-03	2.49E-03	5.02E-03	3.90E-03	2.40E-03
G[C>G]A	6.11E-04	1.23E-03	4.47E-03	2.93E-03	1.66E-03	2.18E-03	2.87E-03	6.68E-04	4.94E-04	2.33E-04
G[C>G]C	2.25E-04	3.49E-04	1.75E-03	3.81E-03	2.51E-03	2.10E-03	2.26E-03	1.06E-03	2.78E-03	1.53E-03
G[C>G]G	4.45E-04	8.02E-04	9.75E-04	1.54E-03	3.09E-04	7.15E-07	1.26E-03	6.01E-04	3.95E-04	1.71E-03
G[C>G]T	4.97E-04	1.15E-03	7.07E-03	6.92E-03	2.26E-03	6.51E-03	5.68E-03	2.31E-03	1.52E-03	1.62E-03
G[C>T]A	1.58E-03	5.50E-03	1.11E-02	2.65E-03	8.54E-03	1.16E-02	4.20E-03	6.47E-03	5.78E-03	1.14E-02
G[C>T]C	7.91E-04	1.72E-03	3.14E-03	1.37E-03	6.73E-03	4.74E-03	7.14E-03	4.73E-03	8.94E-03	3.09E-03
G[C>T]G	1.79E-03	5.00E-03	1.12E-02	8.18E-03	2.73E-03	0.00E+00	5.85E-03	1.18E-02	9.39E-03	7.76E-03
G[C>T]T	1.40E-03	3.29E-03	3.38E-03	1.53E-03	5.62E-03	1.10E-02	5.84E-03	3.30E-03	3.93E-03	3.09E-03
G[T>A]A	1.10E-04	4.14E-04	2.82E-03	2.49E-03	4.79E-03	3.40E-03	1.22E-03	2.57E-03	3.69E-03	2.70E-03
G[T>A]C	0.00E+00	1.27E-07	3.11E-03	3.18E-03	2.69E-03	1.33E-03	2.69E-03	1.90E-03	1.06E-03	2.35E-03
G[T>A]G	2.78E-04	1.26E-03	2.40E-03	3.63E-03	1.85E-03	3.18E-03	4.65E-03	1.84E-03	1.84E-03	0.00E+00
G[T>A]T	8.57E-05	1.52E-03	3.31E-03	3.67E-03	2.24E-03	1.47E-03	1.44E-03	3.70E-03	1.07E-03	2.16E-03
G[T>C]A	4.55E-04	4.57E-03	5.87E-03	1.91E-03	4.04E-03	6.65E-03	2.11E-03	3.60E-03	4.78E-03	7.86E-03
G[T>C]C	2.97E-04	1.29E-03	3.98E-03	3.07E-03	4.91E-03	5.69E-08	2.30E-03	6.76E-03	2.65E-03	0.00E+00
G[T>C]G	4.15E-04	1.51E-03	1.80E-03	3.05E-03	0.00E+00	1.71E-03	4.91E-03	4.59E-03	4.48E-03	1.86E-03
G[T>C]T	1.05E-04	8.36E-04	1.45E-03	2.09E-03	2.17E-03	2.54E-03	1.57E-03	2.15E-03	2.92E-03	3.32E-03
G[T>G]A	0.00E+00	1.06E-07	2.33E-03	5.30E-04	2.79E-03	3.04E-03	2.73E-03	2.73E-03	5.24E-08	4.36E-03
G[T>G]C	2.12E-04	2.08E-03	2.87E-03	2.15E-03	1.07E-03	1.07E-07	5.64E-04	1.45E-03	3.93E-03	3.16E-03
G[T>G]G	6.49E-04	9.73E-04	4.36E-03	4.37E-03	2.88E-03	2.67E-03	2.82E-03	3.54E-03	4.21E-03	1.65E-03
G[T>G]T	2.93E-04	1.47E-03	1.75E-03	4.69E-03	3.15E-03	1.60E-03	1.89E-03	6.88E-04	2.72E-03	3.82E-03
T[C>A]A	4.72E-03	6.42E-03	9.26E-03	3.43E-03	5.07E-03	6.40E-03	1.11E-02	5.45E-03	3.48E-03	1.93E-03
T[C>A]C	1.02E-03	3.41E-03	7.82E-03	1.57E-03	2.31E-03	6.67E-03	8.44E-03	6.24E-03	4.93E-03	1.41E-03
T[C>A]G	8.89E-04	1.32E-03	1.84E-03	1.20E-03	2.28E-13	0.00E+00	2.97E-03	5.36E-03	2.53E-03	6.22E-03
T[C>A]T	3.02E-03	5.45E-03	6.62E-03	5.98E-03	5.87E-03	4.78E-03	5.52E-03	7.78E-03	5.56E-03	4.41E-03
T[C>G]A	2.02E-02	3.05E-02	5.32E-03	1.97E-03	1.01E-02	8.50E-03	3.93E-03	2.55E-03	8.82E-03	9.33E-03
T[C>G]C	7.01E-03	7.83E-03	4.21E-03	6.22E-03	2.33E-03	1.50E-02	6.59E-03	6.53E-03	1.72E-03	7.51E-03
T[C>G]G	3.21E-03	2.94E-03	3.79E-04	9.79E-04	1.59E-03	0.00E+00	1.41E-03	5.65E-04	5.35E-04	2.75E-03
T[C>G]T	2.35E-03	2.89E-02	8.32E-03	6.01E-03	1.48E-02	1.08E-02	6.96E-03	6.51E-03	3.24E-03	1.63E-02
T[C>T]A	6.86E-03	2.30E-02	1.23E-02	2.42E-03	1.33E-02	8.38E-03	6.58E-03	1.24E-02	7.03E-03	1.23E-02
T[C>T]C	3.48E-03	7.09E-03	1.09E-02	5.23E-03	7.18E-03	5.72E-03	6.60E-03	9.79E-03	1.65E-02	3.35E-03
T[C>T]G	3.17E-03	8.85E-03	7.25E-03	1.13E-02	9.00E-03	7.88E-03	1.30E-02	5.55E-03	4.10E-03	4.18E-03
T[C>T]T	7.77E-03	1.11E-02	8.07E-03	6.71E-03	1.13E-02	4.74E-03	1.87E-02	7.74E-03	8.15E-03	9.91E-03
T[T>A]A	3.71E-04	1.04E-03	4.33E-03	7.18E-03	3.87E-03	2.66E-03	4.09E-03	6.14E-03	6.24E-03	4.08E-03
T[T>A]C	1.48E-04	1.37E-03	2.86E-03	3.58E-03	1.81E-03	2.27E-03	3.75E-03	1.57E-03	3.28E-03	1.45E-03
T[T>A]G	6.10E-04	2.46E-03	4.42E-03	3.44E-04	8.11E-04	3.64E-03	3.84E-03	2.69E-03	2.69E-03	2.14E-03
T[T>A]T	1.97E-04	6.03E-04	4.18E-03	5.52E-03	2.64E-03	2.87E-03	4.89E-03	1.36E-03	6.95E-08	1.38E-03
T[T>C]A	4.86E-09	2.27E-03	1.67E-04	2.68E-03	1.30E-13	3.05E-03	1.23E-03	4.17E-03	7.25E-03	4.36E-03
T[T>C]C	6.34E-05	1.07E-03	3.59E-03	3.21E-03	1.15E-03	1.36E-03	2.88E-03	3.67E-03	5.08E-03	3.38E-03
T[T>C]G	1.12E-04	5.46E-03	2.37E-03	4.55E-04	0.00E+00	2.94E-03	1.91E-03	2.23E-03	2.43E-07	3.70E-03
T[T>C]T	9.79E-05	1.32E-03	1.68E-03	5.08E-03	4.04E-03	6.04E-03	3.76E-03	4.59E-03	9.80E-03	7.89E-03
T[T>G]A	2.82E-04	3.12E-03	3.51E-03	4.67E-03	0.00E+00	2.40E-03	5.16E-04	4.70E-03	1.28E-03	5.37E-03
T[T>G]C	1.59E-04	4.55E-04	2.52E-03	1.70E-03	1.26E-03	3.63E-03	7.62E-04	3.60E-03	6.53E-04	1.35E-03
T[T>G]G	0.00E+00	1.08E-06	4.33E-03	1.24E-03	2.06E-03	5.89E-03	2.70E-03	1.93E-03	2.20E-03	2.22E-06
T[T>G]T	1.05E-04	4.16E-03	8.17E-03	2.80E-03	2.26E-03	1.50E-03	2.00E-03	5.34E-03	5.62E-03	6.87E-03
