MutationType	SBS96A	SBS96B	SBS96C	SBS96D	SBS96E	SBS96F	SBS96G	SBS96H	SBS96I	SBS96J
A[C>A]A	0.0011436787084676326	0.008782337138291041	0.019944777712225914	0.012600792851299048	0.006994435330856283	0.020915872417390347	0.017329749558120965	0.007386132003739476	0.012733053416013718	0.03612701203674078
A[C>A]C	0.00011591854272604493	0.002777666784822941	0.014741924963891716	0.010394069187581323	0.013322265446186065	3.7101015838963275e-07	0.022427653428167105	0.023544116877019405	0.012659880984574556	0.01357065229468617
A[C>A]G	0.00048762580776084974	0.002196050625830777	0.0028899802659566377	0.0015987749014271912	0.0017933928032732639	2.217196254719056e-05	0.0001484889886341989	0.004442825727164745	0.003556335112079978	0.023103492520749568
A[C>A]T	0.0009019644989166409	0.003505722852423787	0.009668499522376806	0.013913078047335149	0.009392709005624056	0.019951585866510867	0.014224120788276196	0.00850948952138424	0.01839771308004856	0.017849505133926868
A[C>G]A	0.0026852681301534178	0.005303060822188854	0.01126653105020523	0.010141113912686706	0.00918109631165862	0.009020641780174782	0.008350063860416413	0.012026279838755727	0.011200448038289323	0.012974148455128898
A[C>G]C	0.0020456470316275953	0.0034018779173493386	0.007166876783594489	0.01345776030793786	0.0015816169343679577	0.013249459024518729	0.0008408734574913979	0.008825146654749006	0.001512210663028668	0.0008499369370554178
A[C>G]G	0.0013582501327618957	0.001684950703781851	0.004600939434499196	0.004547728480116575	0.0	0.0019817999474071256	0.001211712881922722	0.005364561980286453	0.007163368460282982	0.004259459683214261
A[C>G]T	0.001452997658464028	0.005779173038899898	0.008234444857225753	0.027505365014076234	0.021314612403512	0.02695640455931425	0.02887801554119278	0.007633847744113869	0.0206063878678151	0.00020063966512680055
A[C>T]A	0.006727397441864014	0.010050985054112971	0.01688212975859642	0.005381052196025848	0.006270715687423945	0.014999986533075571	0.025329937413334846	0.01122944059316069	0.01577926161698997	0.005673056840896607
A[C>T]C	0.0017992648014115062	0.006762048788368702	0.007960863038897514	0.02896098457276821	0.018291942216455935	0.003944447450339794	0.010700036771595478	0.008585965706618025	0.012046627886593341	0.01673455983400345
A[C>T]G	0.004220319306477904	0.036382760293781756	0.023963449988514185	0.0313748586922884	0.011516923550516367	0.021898711878250765	0.022317003598436712	0.07411386147141456	0.05716074891388416	0.056854671239852904
A[C>T]T	0.0005568254098761826	0.0006183865007528766	0.02222178652882576	0.005582962790504098	0.015618005394935608	0.01900694686919451	0.015091395750641824	0.012371886754408479	0.0070953491609543565	0.011108593549579382
A[T>A]A	0.0007987777178641408	0.0025208815932273865	0.007162479122894183	0.003706671719144028	0.007273712598970405	6.913325938393556e-05	0.005734475143253803	0.0005743462686325529	0.000340470252558589	0.0028466014280127184
A[T>A]C	0.0013368107902351767	0.0017222221963322682	0.008600800484418868	0.0046756886411458256	0.0006890959289592047	0.004744957108050585	0.005349068064242601	0.0146815727930516	0.016432635299861432	0.005724089127033949
A[T>A]G	0.00041775392019189895	2.709646594212245e-07	0.011124221608042717	0.01773184649646282	0.015958792064338923	0.005298165325075388	0.0045287181623280045	0.0024656134361066505	0.006904620677232742	0.003858591544209844
A[T>A]T	0.0	0.002336861181538552	0.009958595223724841	0.004220314014492033	0.008776873396709562	0.0015097035095095635	0.020135839097201826	0.015061474870890379	0.0050103053450584415	0.010143589321523904
A[T>C]A	0.0016343702096492051	0.00293183351168409	0.0028420155867934227	0.016276754066348077	0.02594952695071697	0.003811437974640175	0.009212503302842378	0.010594810638576747	0.00793761108070612	0.028211933374404908
A[T>C]C	0.0019794990541413425	0.0016365099479045853	0.010260722739621997	0.012394222617149352	0.010408567450940608	0.0023576345074616256	0.006890498101711273	0.0020009380594956383	0.004933860921300948	0.011414921935647726
A[T>C]G	0.001329433266073467	0.005471717235241158	0.011313370103016496	0.015490693971514702	0.005523305712267756	0.004487958788263327	0.00975999110378325	0.01957935681566596	0.022298353724181652	0.013696119376618299
A[T>C]T	0.0006089589063776657	0.0016834635753367074	0.011237908154726028	0.03200735971331596	0.025588670931756496	0.004812925774604082	0.004601694045413751	0.0030765510954438467	0.02618160881102085	0.0021837616034588335
A[T>G]A	0.00014977447572164237	0.0029469982279692886	0.0012400597101077438	0.004177573835477233	0.00697102090343833	0.00999285876750946	0.006188512966036797	0.004169216713176382	0.008058245573192855	0.012384862033650279
A[T>G]C	0.00020620358118321746	0.0005879202400649319	0.006958405239663535	0.0010135706345408835	4.140188423207292e-08	0.008862384501844645	0.0034426679825628526	0.0003977720975626653	0.0019560308878567413	6.387940629792865e-07
A[T>G]G	0.0005860670935362577	0.004497553577493818	0.0057963490975907915	0.008253115834668279	0.0015910289715975524	0.0067898924462497234	0.004469950124621392	0.006879793014377356	0.0038921189275242796	0.003253556657301715
A[T>G]T	0.0007330104719358136	0.00038228201607353184	0.005201972497161478	0.006478174310452905	0.012277454053663917	0.006644753692671657	0.002171107172034681	0.004213495849398896	0.0	1.2528716410997732e-07
C[C>A]A	0.001297352195251733	0.0038957999417164046	0.015256097074598074	0.011474469024688006	0.01115665938705206	0.017373965680599214	0.012013857998039248	0.010806004144251346	0.017144688218832017	0.024204744771122933
C[C>A]C	0.0013188919750973583	0.00474534338100927	0.005100523018086278	0.02380433212965727	0.021804553922265768	0.013200497440993785	0.026152263837389	0.004920632407548736	0.0006253150291740895	0.0
C[C>A]G	0.0024181542452424766	0.0025858869310468797	0.003396330215037374	0.0036164067184586202	0.00012578180758820895	0.0018603762611746788	0.006025652028620243	0.0034434102424256707	0.0037738515995442866	0.007694018672597646
C[C>A]T	0.0014952514437027275	0.0013333693172773637	0.016960517317056657	0.025390753336250783	0.02093561682891023	0.011135442927479745	0.02058403636328876	0.012109339656308293	0.0037189435213804247	0.005604885148090944
C[C>G]A	0.005114467861131445	0.003071862645447254	0.020258587878197433	0.017111952975392343	0.008109415881335735	0.001115463515802162	0.009503238325095253	0.01137717232832074	0.0015502134570851921	0.009240205772221089
C[C>G]C	0.0008680598746082068	0.004324291172280312	0.009314975701272488	0.006681777071207762	0.0069400220992974935	0.016011804342269897	0.012220245320349932	0.0072045808658003805	0.010231993859633803	0.009102159004714849
C[C>G]G	0.002502986812036559	0.002787839796155822	0.006235008966177702	0.011247768863830743	0.0017798417247831821	0.005689679272472858	0.002529310354600511	0.010572433937340975	0.005561133520677686	3.8097730339359257e-07
C[C>G]T	0.005525948618719667	0.004376216413041334	0.0179938156157732	0.010066601075232029	0.022569621540606023	0.01065050633624196	0.025839033909142016	0.014849184453487397	0.0009907731786370317	0.0
C[C>T]A	0.011339390239601243	0.019860274204984308	0.011721034618005888	0.014575817249715328	0.006902622361667454	0.01238852459937334	0.01682029142975807	0.011531899496912957	0.029697473847409128	0.0037936805766548786
C[C>T]C	0.0056853061194487966	0.00496258194723076	0.007122374698519706	0.011985451728105546	0.026309317722916604	0.0021175311878323553	0.01768902475014329	0.0014180127764120698	0.011645785626024007	0.0019470762927085161
C[C>T]G	0.011919071152806281	0.012983791902661324	0.01836653845384717	0.015955997607670726	0.012151237018406391	0.0025363733991980554	0.018658209592103958	0.06442835777997971	0.05268997997045517	0.008770610950887204
C[C>T]T	0.005256771529093385	0.009598258044570684	0.016188855515792966	0.006807664595544338	0.022023428045213223	0.02086027655750513	0.010569750145077706	0.010355963936449577	0.013955570850521326	0.019317478686571122
C[T>A]A	0.00022538059274666012	0.003084007278084755	0.006822208780795336	0.004755411203950644	0.00023409142158925533	0.0028789238538593056	0.005150553787422041	0.0023358805337920785	0.007990091154351831	0.004497346023526916
C[T>A]C	0.0010721845203081394	0.0012641384339076467	0.004385427385568619	0.009541337378323078	0.008583684585755692	0.016054016165435316	0.01946460045874119	0.0030034450465564076	0.006108128186315298	0.0007641816511750222
C[T>A]G	0.0007316091796383262	0.003020627144724131	0.008296615444123748	0.012046064960770764	0.00067551938954864	0.01049828976392746	0.0066788992844522	0.016490284260362385	0.010844367977475145	0.0024677714021664353
C[T>A]T	0.0	0.00232306258236008	0.014876953326165676	0.001483984031960972	0.01053541973233223	0.0009393642749273567	0.014198972284793854	0.0021100208361644946	0.0012046555755659937	0.004136110005941873
C[T>C]A	0.0005958683959192967	0.0013978306324545996	0.005663089128211141	0.0062569616282629244	0.005872031347826124	0.002993770223110914	0.0036811667347365074	0.002438855590298772	0.0032414982095360758	0.0023416146364183986
C[T>C]C	0.00018060621223412455	0.0013312336057424545	0.01320688147097826	0.013814746960997581	0.013837608508765697	9.592097740099155e-07	0.00555769282291294	0.010870941262692214	0.010597220226190984	0.01818129848688841
C[T>C]G	0.0014421547854510663	0.002455751644447446	0.005420766025781632	0.007644982542842627	0.0096493135439232	0.014081455301493406	0.006663377190125175	0.000878654490225017	0.0025514734908938406	0.03527325876057148
C[T>C]T	0.0005354190347134135	0.0003643729854629764	0.01763900127261877	0.0047893085516989235	0.010771114192903043	0.006199775217100978	0.01007217425565159	0.0049955646507442	0.005904122442007065	0.004420862975530326
C[T>G]A	4.006090392749684e-09	2.290432462359604e-07	0.001389887823108893	0.00015807565452519157	2.929040590515797e-07	0.004712790455027971	0.006586439595639604	0.0020671736990266255	0.0006052579090351174	7.348053996077207e-07
C[T>G]C	0.0006544459029100835	0.004607351729646442	0.004370273649692535	0.010186187757062726	0.0015609827331900306	0.0036622791725676508	0.005068597119321794	0.010606265161186457	0.008198713790625334	0.007108085474465042
C[T>G]G	0.001329979554611782	0.0032438556459825586	0.010699463356286288	0.02117654597386718	0.014561699889600276	0.007594586613089404	0.005277885962277651	0.006663179734141522	0.00815329011529684	0.011820036126300693
C[T>G]T	0.0	5.111293079039306e-09	0.002953581279143691	0.012931162910535931	0.0037129850967630774	0.016132228076457977	0.0035791104659438134	0.007940375533144107	0.01676251124590635	0.011355796167867993
G[C>A]A	0.0020133398938924074	0.0056106262847002725	0.017180509679019452	0.01758777452632785	0.01384107731282711	0.010917933285236358	0.015264930436387658	0.011061399523168803	0.006746954005211592	0.0006522144042296479
G[C>A]C	0.0010532870539464057	0.004597823740914465	0.02018852150067687	0.009921563079115004	0.005701832356862724	0.025885561108589174	0.017130831183794725	0.004460547648432111	0.0007988321213588279	0.007603045375600459
G[C>A]G	0.0011570941307581962	0.003389650474264272	2.7274550120637284e-07	0.013451244914904237	0.0028173148217227606	0.006523491675034165	0.0	0.00511704902164638	0.006591586861759424	0.0
G[C>A]T	0.0016571315354667604	0.0028130682185292244	0.005330271692946554	0.005491787627624945	0.02069233488291502	0.009065153636038303	0.008049676474183799	0.00906515765536824	0.011868956500665731	0.0024019405245780945
G[C>G]A	0.0019812616286799313	0.004532571602612734	0.011009537801146507	0.008876608312129974	0.002784178406000137	0.0106494533829391	0.005826663225889206	0.0015492780366912484	0.0004942101003507559	0.00023341169580817222
G[C>G]C	0.0004939954176734318	0.00034945669695943813	0.0028082659468054772	0.00711721065454185	0.009687483590096236	0.0074678935110569	0.0042483962140977384	0.0023794886154064445	0.004446614161133766	0.011567107401788235
G[C>G]G	0.0013287134701386095	0.0008020794950425625	0.0014815920199509947	0.004889263345211248	0.0005049247993156314	9.781211019799229e-07	0.002043339889496565	0.0006054692430211617	0.00039511618359711065	0.0034571232158015163
G[C>G]T	0.0015783843817189335	0.005319878086447715	0.022020964928833563	0.012978391872570683	0.011652733944356442	0.00910688452422619	0.01929129846394062	0.0033714438788592814	0.002210227493196726	0.0025376762213124237
G[C>T]A	0.005560509208589792	0.010278786672279239	0.014377147587947548	0.012257167557254433	0.008539264651928152	0.0325429854914546	0.010827759699895977	0.016708903346443548	0.012475602608174086	0.026990028098225594
G[C>T]C	0.0059830985032022	0.002288424037396908	0.00861211927549448	0.0017402243116521276	0.014471322437748313	0.0123665489256382	0.024351349845528603	0.010763759631663561	0.019230967527255415	0.014433390740305186
G[C>T]G	0.012239024508744478	0.011040291684963757	0.037134846299886705	0.029947524331510066	0.007807453814893961	0.0	0.014436946203942858	0.06681370809674263	0.055045267567038536	0.009151065268088131
G[C>T]T	0.005687782727181912	0.006806262092845827	0.009123208420351147	0.0019166536862030626	0.012473824247717858	0.0264478063210845	0.02132216114550829	0.013714949321001767	0.007698162191627489	0.005593847692944109
G[T>A]A	0.00017821300032210273	0.0007085353733600642	0.0045944117475301026	0.004844837115786049	0.010496729984879494	0.0034029021859169005	0.0018796439282596112	0.004804214322961322	0.005223274091258645	0.007710065133869648
G[T>A]C	0.0	1.4230013078986303e-07	0.0066730295849993125	0.004930703318564156	0.0032289336606538656	0.0013320646962098764	0.006156995333731175	0.003846943058965735	0.0010653227950342624	0.0046298872798615776
G[T>A]G	0.0010618478641845285	0.002497326659212007	0.004545557778328657	0.007132780179381371	0.0028463916853070257	0.0169655148871243	0.008121101837605237	0.005447178982535661	0.0028503497131168844	0.0
G[T>A]T	9.297429642174393e-05	0.0017336673103272916	0.014981541503220796	0.008055848607476008	0.005635196017101407	0.004511458150500402	0.0028822765219956637	0.010078616719692946	0.0016432247590273618	0.0029125844454597426
G[T>C]A	0.00045541576109826566	0.005693379254080355	0.009377824515104294	0.009961753990501166	0.006164788641035557	0.021439914871007205	0.005584636190906167	0.006013287123687405	0.011192474326782076	0.012652577945448228
G[T>C]C	0.0010992780793458224	0.0024983459908980874	0.007394686061888933	0.007631951570510864	0.005930057913064957	5.6856765695556535e-08	0.003999997745268047	0.01597989166610887	0.008119623025413603	0.0
G[T>C]G	0.0010362930654082448	0.00437851355818566	0.0036034340038895605	0.003049776565103457	0.0	0.001709505813778378	0.011018242593854666	0.011450303206220269	0.0070490011304059404	0.0025403103773783187
G[T>C]T	0.00024556047283113	0.0021706906380131842	0.005224602716043592	0.007293239468708634	0.007707048626616597	0.014490233547985554	0.006451135920360685	0.005269346224793026	0.015045431535691023	0.012243193760514259
G[T>G]A	0.0	1.7324888972325532e-07	0.005753630585968494	0.000530770723858609	0.004399663396179676	0.018767453171312808	0.004467545022362174	0.004287184578720371	5.244269800641632e-08	0.00997022245530843
G[T>G]C	0.0003740758635103703	0.003376314375508117	0.005002966895699501	0.0021513183256047343	0.0034688133879228642	1.2313050206103072e-07	0.0009174687787890434	0.0014498972643366415	0.0039326951518205535	0.00948145091533661
G[T>G]G	0.0020748962673906137	0.002581210011658186	0.008767873443741792	0.004368555173277855	0.007638536859303713	0.020259312354028225	0.007825882961742536	0.0050843989476561545	0.010062582232058049	0.0025167016769133944
G[T>G]T	0.0006075902376323939	0.0026390607032305505	0.002111507870722562	0.007636584015563131	0.012557103578001261	0.009787805937230587	0.004511289950460196	0.0010882774344509016	0.006365247629582882	0.006235682885870886
T[C>A]A	0.019012805249076337	0.02291051857173443	0.013229282479733229	0.025370165705680847	0.022493951860815285	0.02113995756953955	0.020952242054045202	0.009039909765431276	0.004844710603797513	0.006081084534525871
T[C>A]C	0.0118978938087821	0.025337084755301477	0.01910780044272542	0.0021552215330302715	0.0036060684360563755	0.01927820164710283	0.01767480671405792	0.011065332870930433	0.009086903277784586	0.0022893182933330534
T[C>A]G	0.004113103868439794	0.0021194147648998297	0.004731727903708816	0.0012778033094946295	2.3044934830201613e-13	0.0	0.004100490920245647	0.009196001151576639	0.004067170433700085	0.011794020235538483
T[C>A]T	0.011978459592537405	0.012405118788698034	0.01725743217393756	0.03547001704573631	0.04174785353243351	0.009831698844209313	0.014710461255162954	0.021002224039284555	0.01650581192225218	0.01847825348377228
T[C>G]A	0.12050230503082275	0.11966035962104797	0.007391411567399903	0.0019994245219052686	0.0354986660182476	0.01981064018327743	0.008825638606391838	0.002553850272364812	0.024007643945515154	0.021967639029026032
T[C>G]C	0.029248571069911123	0.04522334672510624	0.010348155070096255	0.010865706903859972	0.008327465131878852	0.06263310238718986	0.014046359621095864	0.010449652875968241	0.00282876531941838	0.046911496296525
T[C>G]G	0.012572772857920295	0.005540500540519133	0.0005431746074464174	0.0019887843878393595	0.0037565131206065416	0.0	0.0018349330173805356	0.0005651977434853294	0.0005568209775731247	0.007889287218858954
T[C>G]T	0.17237672507762908	0.15858276784420014	0.02898501381278038	0.028939954936504364	0.055617112666368484	0.020194071345031265	0.0192440552636981	0.00972704167061238	0.016400819271802904	0.03894341550767422
T[C>T]A	0.2251444935798645	0.1311374917626381	0.012326005042268662	0.0031541882082819937	0.05103637035936117	0.01929324455559254	0.01201339103281498	0.02243178036203375	0.01583072617650032	0.03305062744766474
T[C>T]C	0.06687225550413131	0.04251982625573873	0.03056600261479616	0.014949323050677777	0.026022923365235328	0.011880441850713547	0.026940308697521686	0.0184468851191923	0.032599044125527145	0.01014423966407776
T[C>T]G	0.061655149608850476	0.030465970189389326	0.0250957652926445	0.022613233583982015	0.01908128634095192	0.018708749339566566	0.021775376237928867	0.03675952963531017	0.007280402444303035	0.007711997001661075
T[C>T]T	0.11628960072994232	0.07058975622057914	0.022979199420660734	0.011419497616589069	0.04108799453824759	0.006470225756166137	0.03533491753041744	0.014699265926174121	0.0483848936855793	0.02753274030983448
T[T>A]A	0.0006919335166458041	0.002569039398804307	0.006380672147497535	0.016445637308061124	0.0077787532936781645	0.007492062170058489	0.008141687233000993	0.021133633330464363	0.017233684961684047	0.007870644237846136
T[T>A]C	0.00023691155947744847	0.003247534390538931	0.0034465324516645525	0.00851355683989823	0.0018139079628670118	0.008992120902985335	0.007821186003275216	0.008483208017423749	0.007409908063709736	0.004726844735666402
T[T>A]G	0.0016666854091454298	0.0024625549093007545	0.01426057107746601	0.0005580015713348985	0.00129781449213624	0.0039849429471928485	0.010635779518634082	0.00396809671074152	0.003932028543204069	0.016562969237565995
T[T>A]T	0.0008278805791633204	0.0009507542151368398	0.006545690542782268	0.014956938195973634	0.0035351773577474432	0.029737820476293565	0.009354036115109921	0.0027206653263635227	6.945896302568144e-08	0.0023066671972628685
T[T>C]A	4.855458257679857e-09	0.0036796020809561013	0.00016695366939529778	0.009757119808091375	1.2991809234322304e-13	0.0051622417040448456	0.0026168683543801308	0.01661143423989415	0.020037824233531863	0.009702363178382712
T[T>C]C	0.0001033988082781434	0.0016096673440188169	0.009343078825623394	0.006880548135721654	0.0011541197076439858	0.007736215088516474	0.006387932672680563	0.019234703667461873	0.012345230299979448	0.012714028387796361
T[T>C]G	0.0001406771829352732	0.009218314895406365	0.010879331268370152	0.0005805569594514281	0.0	0.007298871269449591	0.003295768518000841	0.0036166614572834986	2.425985258014407e-07	0.010415164846926927
T[T>C]T	0.00012061274464940653	0.002066861279308796	0.0033909650985151562	0.010956581604045824	0.005658995360136032	0.018476860038936137	0.0071330839818983804	0.009016734103147428	0.01757401181384921	0.03109624292701483
T[T>G]A	0.0009266388136893511	0.0044942088425159454	0.007828484708443283	0.0046727847940076115	0.0	0.004089466715231538	0.000516228936612606	0.008332944684661924	0.0019024845212697982	0.017347461730241775
T[T>G]C	0.00048188232467509805	0.0004552292977536121	0.004391242866404355	0.005016485881060381	0.004419064847752452	0.011947824992239476	0.0017424747347831726	0.004775927129958291	0.0010509863030165433	0.0030901498161256314
T[T>G]G	0.0	1.1583734192299743e-06	0.010467973677441478	0.0027198561001569033	0.0033634084734785576	0.007853750105277868	0.009540093317627906	0.00430340238344229	0.0033652933082521487	3.230071524740197e-06
T[T>G]T	0.00039434774662368	0.005065089800621081	0.018161229696125155	0.009586726035922765	0.004566962271928788	0.0023274492472410203	0.008833883982151746	0.010309044659334177	0.01459850389510393	0.01078965678339756
