MutationType	SBS96A	SBS96B	SBS96C	SBS96D	SBS96E	SBS96F	SBS96G	SBS96H	SBS96I	SBS96J	SBS96K	SBS96L	SBS96M	SBS96N
A[C>A]A	2.29E-03	5.66E-03	6.05E-03	4.98E-03	3.56E-03	1.25E-03	1.13E-02	6.08E-03	2.32E-03	5.94E-03	4.06E-03	9.90E-03	4.14E-03	9.57E-03
A[C>A]C	2.24E-08	3.74E-03	6.01E-03	5.79E-03	2.06E-03	4.22E-03	5.90E-03	4.46E-03	6.80E-03	3.56E-03	4.20E-03	8.69E-03	1.04E-02	2.17E-03
A[C>A]G	2.69E-03	6.79E-22	8.13E-04	1.58E-03	7.59E-08	3.36E-03	5.76E-03	5.23E-04	4.28E-03	1.99E-03	1.79E-03	4.00E-03	1.16E-03	5.38E-03
A[C>A]T	3.30E-03	1.51E-03	6.87E-03	2.30E-03	2.47E-03	2.02E-03	4.93E-03	2.57E-03	3.64E-03	5.21E-03	7.09E-03	7.97E-03	2.51E-03	4.82E-03
A[C>G]A	1.42E-03	2.84E-03	1.53E-03	3.18E-03	2.65E-03	6.19E-03	5.18E-03	1.94E-03	4.57E-03	5.45E-03	6.42E-03	3.39E-03	3.13E-03	3.54E-03
A[C>G]C	4.16E-04	2.07E-03	2.33E-03	4.21E-03	1.04E-08	2.92E-03	1.93E-03	4.47E-03	2.58E-03	3.17E-03	3.88E-03	5.90E-03	5.23E-03	5.82E-40
A[C>G]G	1.71E-04	3.37E-04	1.26E-03	4.61E-03	2.20E-07	2.82E-03	1.53E-03	1.03E-03	1.06E-03	7.61E-03	9.34E-08	3.58E-03	1.67E-03	7.27E-04
A[C>G]T	1.16E-03	2.47E-03	7.98E-03	4.54E-03	3.39E-03	1.54E-03	5.12E-03	2.61E-03	4.96E-03	8.16E-03	7.26E-03	9.28E-03	4.83E-03	7.05E-03
A[C>T]A	1.38E-03	4.43E-03	5.07E-03	1.69E-03	5.91E-03	1.78E-05	5.02E-03	1.05E-03	3.17E-03	1.12E-02	2.80E-03	7.52E-03	7.84E-03	5.92E-03
A[C>T]C	1.44E-03	7.16E-04	2.88E-03	2.42E-03	2.70E-03	3.90E-03	2.76E-03	5.03E-03	4.47E-03	2.28E-03	3.39E-03	3.50E-03	2.52E-03	7.20E-03
A[C>T]G	1.08E-02	8.70E-04	8.18E-03	3.51E-03	6.27E-03	1.17E-02	1.89E-02	3.61E-03	6.34E-03	8.55E-03	2.24E-02	1.06E-02	8.93E-03	2.23E-02
A[C>T]T	1.31E-03	4.14E-03	3.98E-03	3.17E-03	8.80E-03	3.98E-03	6.68E-03	1.54E-03	4.37E-03	3.00E-03	3.55E-03	6.15E-03	6.45E-03	2.70E-03
A[T>A]A	1.88E-04	2.11E-04	1.76E-03	2.83E-03	4.22E-03	4.96E-04	1.02E-03	3.04E-03	7.63E-04	1.90E-03	5.34E-03	3.71E-03	8.98E-04	1.45E-03
A[T>A]C	1.26E-03	8.87E-05	1.25E-03	2.30E-03	1.49E-03	2.42E-03	1.81E-03	2.85E-03	9.18E-03	7.00E-03	7.55E-03	1.64E-03	3.15E-03	4.36E-03
A[T>A]G	1.01E-04	1.95E-03	1.56E-03	3.97E-03	5.12E-03	1.34E-03	4.32E-03	2.95E-03	0.00E+00	2.39E-03	2.85E-03	8.30E-03	2.68E-03	2.24E-03
A[T>A]T	0.00E+00	1.93E-03	2.41E-03	2.51E-03	4.54E-03	5.38E-03	4.59E-03	1.04E-02	3.35E-03	3.25E-03	1.07E-02	4.50E-04	4.44E-03	2.98E-03
A[T>C]A	1.90E-04	9.55E-03	1.89E-03	4.45E-03	5.91E-03	1.37E-03	9.18E-03	1.03E-02	6.85E-03	6.52E-03	5.21E-03	6.27E-03	3.97E-03	1.01E-02
A[T>C]C	7.95E-04	6.20E-04	3.19E-03	1.64E-03	2.69E-03	1.01E-03	3.76E-03	4.83E-03	5.23E-03	2.72E-03	5.07E-03	4.06E-03	3.01E-03	0.00E+00
A[T>C]G	1.71E-03	7.61E-04	5.21E-03	3.38E-03	8.28E-04	1.55E-03	3.64E-03	4.01E-03	6.09E-03	3.38E-03	7.06E-03	2.20E-03	9.22E-03	2.59E-03
A[T>C]T	2.36E-03	6.47E-03	1.26E-03	7.77E-03	8.59E-03	3.68E-03	9.85E-03	3.93E-03	5.38E-03	2.07E-03	8.37E-04	7.16E-03	1.28E-03	6.96E-04
A[T>G]A	4.85E-05	2.03E-03	4.01E-03	1.92E-03	2.00E-03	9.98E-04	8.47E-03	2.35E-03	3.21E-03	2.70E-03	8.53E-04	1.01E-02	3.85E-03	2.01E-03
A[T>G]C	1.34E-04	1.15E-04	3.78E-03	1.47E-03	1.66E-03	1.43E-03	1.42E-03	1.06E-03	1.00E-03	1.25E-03	7.93E-07	1.48E-03	6.65E-04	5.82E-04
A[T>G]G	1.16E-04	1.74E-04	3.46E-03	2.02E-03	1.57E-03	3.53E-03	3.73E-03	2.63E-03	1.93E-03	3.23E-03	1.69E-30	6.65E-03	1.86E-03	1.45E-03
A[T>G]T	2.59E-04	1.55E-03	1.96E-03	4.44E-03	1.60E-03	1.82E-03	2.20E-07	3.42E-03	5.29E-03	2.54E-03	1.52E-07	1.62E-03	2.95E-03	1.98E-03
C[C>A]A	1.87E-04	5.23E-03	3.91E-03	3.27E-03	2.46E-03	2.06E-03	3.25E-03	4.18E-03	1.02E-02	6.67E-03	8.71E-03	5.36E-03	4.40E-03	5.21E-03
C[C>A]C	2.08E-04	5.55E-03	5.94E-03	4.01E-03	4.11E-03	2.93E-03	2.96E-03	1.13E-02	6.59E-04	3.62E-03	2.88E-14	1.63E-03	5.11E-03	2.32E-03
C[C>A]G	1.04E-03	5.31E-04	4.02E-03	2.17E-03	0.00E+00	7.11E-04	3.14E-04	4.08E-04	2.61E-03	2.95E-03	1.40E-07	6.28E-03	4.04E-04	3.26E-07
C[C>A]T	1.32E-04	4.71E-03	7.20E-03	2.54E-03	4.28E-03	3.79E-03	8.86E-03	9.56E-03	2.44E-03	2.80E-03	2.51E-03	1.36E-02	5.96E-03	5.53E-03
C[C>G]A	1.27E-03	1.27E-03	4.40E-03	2.35E-03	4.07E-03	4.43E-03	4.56E-03	1.76E-03	2.52E-03	4.48E-03	4.38E-03	6.21E-03	4.17E-03	3.48E-03
C[C>G]C	1.87E-04	2.64E-03	1.88E-03	3.86E-03	1.82E-03	2.45E-03	5.51E-03	3.59E-03	5.99E-03	6.28E-03	2.20E-03	6.35E-03	3.37E-03	4.92E-03
C[C>G]G	4.89E-04	3.06E-04	3.56E-03	4.60E-04	2.34E-03	4.74E-03	1.85E-07	2.15E-03	4.09E-03	3.52E-03	1.75E-03	3.23E-03	8.71E-03	1.12E-35
C[C>G]T	1.43E-03	2.86E-03	3.64E-03	2.84E-03	4.14E-03	4.24E-03	2.70E-03	8.96E-03	6.49E-03	2.86E-03	5.06E-05	2.32E-03	1.50E-02	2.40E-03
C[C>T]A	2.14E-03	5.20E-03	5.85E-03	3.45E-03	2.23E-03	2.48E-03	3.27E-03	4.98E-03	9.53E-03	5.49E-03	8.43E-03	1.04E-02	4.84E-03	4.75E-03
C[C>T]C	1.06E-03	5.73E-03	5.24E-03	2.69E-03	7.41E-03	1.40E-03	9.83E-03	5.49E-03	1.69E-03	3.72E-03	7.18E-03	3.19E-03	5.85E-03	3.11E-03
C[C>T]G	2.86E-03	2.67E-03	4.45E-03	2.56E-03	4.61E-03	4.48E-03	3.55E-03	6.95E-03	1.28E-02	8.32E-03	8.37E-03	4.86E-03	1.90E-02	3.00E-03
C[C>T]T	3.50E-03	3.80E-03	6.06E-03	3.32E-03	1.69E-03	4.41E-03	4.41E-03	5.43E-03	3.73E-03	4.36E-03	5.94E-03	8.99E-03	8.85E-03	7.07E-03
C[T>A]A	1.31E-03	8.85E-04	2.95E-03	0.00E+00	2.65E-08	1.06E-03	3.69E-03	1.58E-03	5.04E-03	1.21E-03	2.69E-03	2.95E-03	2.22E-03	2.01E-03
C[T>A]C	4.90E-04	5.68E-03	3.43E-03	4.29E-03	1.49E-03	1.08E-03	5.00E-03	3.60E-03	3.64E-03	3.21E-03	3.88E-03	4.47E-03	9.31E-04	2.54E-03
C[T>A]G	3.34E-04	9.20E-04	6.61E-03	4.01E-03	1.49E-03	1.89E-03	4.99E-03	2.55E-03	5.16E-03	4.08E-03	8.62E-07	6.64E-03	1.18E-02	2.11E-03
C[T>A]T	0.00E+00	5.79E-03	1.67E-03	3.13E-03	6.18E-03	8.56E-08	2.43E-03	5.98E-04	5.56E-03	6.46E-03	1.41E-03	5.39E-03	2.60E-03	1.98E-03
C[T>C]A	9.52E-05	1.26E-03	1.77E-03	1.11E-03	2.46E-03	1.73E-03	5.82E-04	2.03E-03	1.58E-03	8.13E-04	3.69E-03	4.22E-03	7.76E-04	2.82E-03
C[T>C]C	5.82E-05	2.31E-03	2.86E-03	5.81E-03	4.38E-03	1.02E-03	5.98E-03	3.19E-03	4.62E-03	3.02E-03	4.17E-03	2.40E-03	3.79E-03	4.41E-03
C[T>C]G	1.42E-04	2.93E-03	5.68E-03	5.18E-03	1.81E-03	1.87E-03	7.22E-03	5.43E-03	1.02E-07	1.89E-03	3.59E-07	9.07E-03	2.69E-03	5.73E-03
C[T>C]T	4.57E-05	1.49E-03	3.15E-03	3.17E-03	3.54E-03	0.00E+00	3.80E-03	1.08E-03	5.33E-03	5.67E-03	6.96E-03	2.86E-03	1.54E-03	2.67E-03
C[T>G]A	0.00E+00	5.02E-08	2.01E-03	3.75E-04	2.73E-03	5.81E-08	7.06E-04	5.28E-07	2.48E-07	1.08E-03	2.03E-03	1.26E-03	5.20E-03	1.65E-03
C[T>G]C	1.85E-03	1.18E-03	2.19E-03	8.07E-04	7.97E-05	1.04E-03	4.23E-04	6.41E-03	3.24E-03	2.30E-03	5.38E-03	2.14E-03	3.48E-03	7.28E-03
C[T>G]G	3.60E-04	2.38E-03	3.68E-03	1.56E-03	3.78E-03	3.44E-03	1.71E-03	2.03E-03	2.00E-03	9.65E-03	3.47E-03	3.37E-03	1.66E-03	4.81E-03
C[T>G]T	0.00E+00	2.12E-03	2.84E-03	2.26E-03	5.32E-03	5.96E-04	3.59E-03	7.38E-03	3.41E-03	2.21E-03	6.44E-03	7.39E-03	2.63E-03	2.28E-03
G[C>A]A	3.36E-04	1.99E-03	3.08E-03	3.13E-03	3.66E-03	1.58E-03	2.45E-03	6.66E-03	1.78E-02	3.21E-03	1.04E-02	4.16E-03	3.61E-03	2.99E-03
G[C>A]C	2.20E-03	8.73E-03	4.69E-03	3.24E-03	2.80E-03	2.35E-03	7.82E-03	3.82E-03	2.96E-03	4.92E-03	9.31E-03	4.76E-03	5.67E-03	9.25E-03
G[C>A]G	2.26E-03	2.72E-03	1.56E-03	0.00E+00	1.43E-03	0.00E+00	2.65E-04	2.01E-03	2.04E-03	4.71E-04	3.37E-03	1.34E-03	3.09E-03	1.10E-03
G[C>A]T	5.21E-04	5.52E-04	2.88E-03	3.40E-03	7.09E-03	2.60E-03	1.34E-03	4.36E-03	3.28E-03	3.19E-03	2.83E-03	6.22E-03	3.50E-03	2.37E-03
G[C>G]A	7.64E-04	3.36E-03	5.48E-03	3.22E-03	2.48E-03	1.43E-03	5.29E-03	6.51E-03	0.00E+00	1.02E-03	4.53E-03	4.41E-03	0.00E+00	8.44E-04
G[C>G]C	9.71E-05	1.52E-03	1.06E-03	3.79E-03	3.20E-03	1.74E-03	2.84E-03	3.24E-03	3.99E-03	5.86E-03	9.78E-04	3.46E-03	1.48E-03	3.50E-03
G[C>G]G	4.21E-04	3.68E-04	3.49E-03	0.00E+00	4.15E-04	1.56E-03	6.96E-04	1.36E-03	3.70E-07	1.32E-07	4.27E-05	2.20E-03	2.08E-03	1.45E-03
G[C>G]T	8.63E-04	2.57E-03	5.65E-03	3.89E-03	7.52E-03	3.53E-03	4.56E-03	1.87E-03	4.33E-03	7.39E-03	4.28E-03	8.31E-03	5.77E-03	3.83E-03
G[C>T]A	1.59E-03	6.97E-03	6.52E-03	2.18E-03	4.30E-03	1.11E-03	5.99E-03	5.22E-03	6.86E-03	2.75E-03	8.83E-03	6.69E-03	3.47E-03	4.48E-03
G[C>T]C	3.01E-03	1.05E-02	5.22E-03	6.37E-03	3.97E-03	1.54E-03	2.73E-03	5.93E-03	5.97E-03	3.86E-03	1.42E-03	3.84E-03	3.24E-03	3.56E-03
G[C>T]G	3.61E-03	4.20E-03	2.16E-03	2.49E-03	5.76E-03	8.54E-03	7.29E-03	6.73E-03	1.53E-02	1.09E-02	1.51E-02	5.77E-03	5.11E-03	1.73E-02
G[C>T]T	4.46E-03	2.96E-03	2.43E-03	3.70E-03	3.14E-03	2.33E-03	3.78E-03	6.93E-03	2.48E-03	6.79E-03	4.31E-03	2.69E-03	1.14E-02	6.82E-03
G[T>A]A	1.12E-03	5.89E-05	1.25E-03	2.39E-03	7.16E-04	5.69E-04	2.15E-03	3.20E-03	5.22E-03	3.52E-03	2.88E-04	5.46E-03	1.76E-03	4.78E-03
G[T>A]C	2.42E-09	7.42E-08	1.48E-03	2.81E-03	2.69E-03	1.53E-03	1.72E-03	3.31E-03	2.04E-03	1.62E-07	2.72E-03	3.03E-03	2.10E-03	2.53E-08
G[T>A]G	3.04E-04	2.57E-03	2.54E-03	3.08E-03	6.40E-04	2.64E-03	1.66E-03	2.39E-03	2.19E-03	3.52E-03	2.06E-03	4.70E-03	1.94E-03	1.49E-03
G[T>A]T	1.01E-04	7.62E-09	9.73E-04	2.60E-03	2.18E-03	1.54E-03	1.15E-03	6.67E-03	1.83E-03	1.69E-03	2.95E-03	3.85E-03	3.27E-03	2.15E-03
G[T>C]A	1.41E-03	3.59E-03	3.76E-03	3.07E-03	1.95E-03	1.84E-03	3.27E-03	1.59E-03	3.10E-03	6.46E-03	2.88E-03	9.39E-03	5.23E-03	4.34E-03
G[T>C]C	2.43E-03	4.68E-03	4.31E-03	1.47E-03	2.73E-03	9.68E-04	4.83E-03	1.21E-03	2.81E-03	2.31E-03	2.43E-03	5.34E-03	3.92E-03	1.46E-03
G[T>C]G	1.57E-04	1.29E-03	0.00E+00	2.12E-03	4.92E-04	3.77E-03	1.91E-03	2.55E-03	1.72E-03	2.22E-03	7.18E-03	4.90E-03	1.39E-03	4.98E-03
G[T>C]T	5.32E-18	1.55E-04	3.56E-03	4.87E-03	1.32E-03	1.70E-03	2.37E-03	2.71E-03	4.67E-03	5.80E-03	6.33E-03	5.10E-03	4.48E-03	4.77E-03
G[T>G]A	0.00E+00	2.03E-03	1.80E-03	1.55E-03	2.91E-03	1.46E-03	2.30E-03	2.09E-03	1.44E-07	1.83E-03	2.32E-03	1.52E-03	6.56E-03	1.63E-03
G[T>G]C	1.41E-03	5.37E-08	4.58E-04	1.23E-03	2.07E-03	1.18E-03	2.04E-03	3.34E-03	2.31E-07	4.71E-04	3.40E-03	1.35E-03	6.84E-04	4.10E-03
G[T>G]G	1.35E-03	6.84E-04	4.35E-03	1.89E-03	2.04E-03	0.00E+00	3.16E-03	5.27E-04	2.04E-03	2.99E-03	7.24E-03	2.55E-03	4.53E-03	4.65E-03
G[T>G]T	6.40E-04	3.25E-03	1.39E-03	3.52E-03	4.81E-03	0.00E+00	2.16E-03	3.63E-03	8.40E-04	7.89E-03	5.36E-03	4.24E-03	1.67E-03	3.08E-03
T[C>A]A	4.15E-03	2.78E-03	3.41E-03	5.14E-03	4.59E-03	6.79E-03	5.15E-03	1.20E-02	2.29E-03	5.48E-03	4.73E-03	6.76E-03	1.05E-02	5.31E-03
T[C>A]C	4.30E-03	1.91E-03	5.83E-03	5.34E-03	4.39E-03	5.99E-03	3.19E-03	5.43E-03	3.70E-03	8.74E-03	4.78E-03	1.32E-02	1.02E-02	6.03E-03
T[C>A]G	1.12E-03	9.99E-04	7.84E-04	6.81E-04	1.10E-03	1.01E-03	5.24E-03	6.95E-03	4.66E-03	0.00E+00	3.72E-03	1.33E-03	6.69E-04	4.64E-03
T[C>A]T	1.04E-02	2.21E-03	5.59E-03	5.01E-03	9.67E-03	3.95E-03	9.39E-03	1.17E-02	2.79E-03	5.83E-03	1.29E-02	8.03E-03	5.96E-03	1.64E-03
T[C>G]A	1.06E-02	2.48E-02	3.31E-03	3.27E-03	7.01E-03	5.05E-03	1.41E-02	3.73E-03	2.96E-03	1.13E-02	9.09E-03	4.81E-03	4.30E-02	6.37E-03
T[C>G]C	7.61E-03	8.16E-03	8.16E-03	4.38E-03	4.69E-03	4.01E-03	1.24E-02	2.10E-03	9.13E-06	7.31E-03	3.86E-03	9.48E-03	3.55E-03	1.70E-02
T[C>G]G	2.93E-03	3.71E-03	6.87E-04	2.48E-03	1.25E-03	1.15E-03	1.36E-02	2.57E-03	1.90E-03	8.23E-04	6.96E-04	1.46E-03	4.34E-06	9.24E-03
T[C>G]T	1.12E-02	3.23E-02	4.12E-03	4.60E-03	8.92E-03	9.79E-03	1.77E-02	5.45E-03	1.46E-03	8.39E-03	6.92E-03	7.60E-03	1.28E-02	1.01E-02
T[C>T]A	1.69E-02	4.22E-02	9.80E-04	5.20E-03	3.69E-03	7.78E-03	1.79E-02	5.94E-03	1.39E-02	1.07E-02	1.56E-02	8.12E-03	2.45E-02	1.16E-02
T[C>T]C	5.87E-03	1.19E-02	4.01E-03	3.98E-03	6.60E-03	3.51E-03	8.51E-03	1.08E-02	5.65E-03	4.35E-03	8.67E-03	3.15E-03	8.29E-03	6.02E-03
T[C>T]G	1.06E-02	1.14E-02	6.43E-03	2.49E-03	7.71E-03	4.44E-03	2.66E-03	1.02E-02	1.42E-02	3.00E-03	2.10E-02	8.68E-03	1.26E-02	3.34E-03
T[C>T]T	7.46E-03	1.76E-02	1.35E-03	4.53E-03	6.58E-03	5.64E-03	5.66E-03	8.36E-03	1.67E-02	7.67E-03	1.16E-02	1.74E-02	7.55E-03	8.49E-03
T[T>A]A	7.69E-04	1.82E-03	3.33E-03	2.15E-03	1.46E-03	2.27E-03	2.29E-03	7.34E-03	5.48E-03	8.04E-03	2.88E-03	2.31E-03	3.79E-03	5.84E-03
T[T>A]C	4.58E-04	1.13E-03	3.81E-03	1.74E-03	2.10E-06	2.10E-03	7.74E-04	2.97E-03	7.91E-03	1.11E-08	3.02E-03	4.78E-03	1.06E-02	1.72E-03
T[T>A]G	1.47E-04	2.70E-04	4.55E-03	2.67E-03	2.64E-03	4.87E-04	3.12E-03	2.15E-03	3.32E-03	4.07E-03	3.83E-03	3.83E-03	4.77E-03	9.49E-03
T[T>A]T	4.97E-04	1.57E-03	5.89E-03	1.98E-03	4.36E-03	2.33E-03	1.23E-03	4.53E-03	0.00E+00	1.21E-03	2.38E-03	5.65E-04	2.76E-03	3.38E-03
T[T>C]A	0.00E+00	7.31E-04	1.47E-03	2.77E-03	1.05E-03	1.26E-03	1.88E-03	4.25E-03	4.31E-03	3.63E-03	5.13E-03	1.87E-03	8.44E-03	1.99E-03
T[T>C]C	1.00E-03	5.37E-03	2.60E-03	1.99E-03	0.00E+00	4.48E-03	2.08E-03	1.91E-03	5.94E-03	3.59E-03	4.99E-03	8.64E-03	1.83E-03	4.61E-03
T[T>C]G	2.54E-03	2.09E-03	4.07E-03	1.63E-03	1.33E-03	5.26E-04	2.05E-03	1.08E-03	1.04E-30	1.41E-03	7.73E-08	3.25E-03	1.23E-03	6.80E-03
T[T>C]T	0.00E+00	1.37E-03	4.28E-03	1.99E-03	1.92E-03	1.18E-03	4.72E-03	8.15E-03	9.82E-03	5.31E-03	1.59E-02	1.38E-02	4.82E-03	2.12E-03
T[T>G]A	1.11E-07	1.39E-03	4.00E-03	1.74E-03	0.00E+00	3.43E-03	3.96E-03	1.19E-07	4.96E-03	1.92E-03	0.00E+00	3.22E-03	1.25E-03	6.84E-03
T[T>G]C	1.02E-04	1.95E-03	3.99E-03	9.89E-04	1.84E-03	1.80E-03	3.41E-03	1.06E-03	9.52E-08	2.72E-03	2.00E-06	3.76E-03	3.74E-08	1.89E-03
T[T>G]G	0.00E+00	0.00E+00	2.49E-03	2.32E-03	1.14E-03	5.61E-04	2.66E-03	2.26E-03	4.03E-03	5.53E-03	4.72E-07	4.85E-03	1.25E-03	9.53E-04
T[T>G]T	2.93E-04	9.75E-04	3.01E-03	4.60E-03	2.61E-03	2.99E-03	4.99E-03	1.37E-03	6.55E-03	4.43E-03	2.17E-03	2.24E-03	5.12E-03	6.80E-03
