MutationType	SBS96A	SBS96B	SBS96C	SBS96D	SBS96E	SBS96F	SBS96G	SBS96H	SBS96I	SBS96J	SBS96K	SBS96L	SBS96M	SBS96N
A[C>A]A	0.005799773149192333	0.008811743208207233	0.024296398647129534	0.019039839506149292	0.011902035633102059	0.011335286125540734	0.029951078072190284	0.014857110939919949	0.007455366384238005	0.009861296415344783	0.007424449100835418	0.038855547457933425	0.011261226982490382	0.025724109634757165
A[C>A]C	2.2431700118366117e-08	0.004129781474216543	0.009775686571353503	0.01534239947795868	0.005192601587623358	0.010022236593067646	0.009449345351481498	0.006173790393495438	0.027769105136394502	0.010135177336633206	0.005781948466210452	0.017279257811606014	0.02393393311649561	0.0021682200953364377
A[C>A]G	0.0031122608429811293	6.789234319338914e-22	0.0011174840154126286	0.007013951055705547	7.586451715724251e-08	0.007126539433375001	0.00849768565967679	0.000770503819728674	0.008374129870935576	0.0019888795098040647	0.0027915773288441415	0.004517590705592056	0.0017701801378279924	0.011567463725805282
A[C>A]T	0.00410044431919232	0.0028398032300174236	0.019329803064465523	0.032746043801307675	0.007748535056248329	0.0039600826021825245	0.016378078795969486	0.0035248382880638473	0.003971233638242211	0.011851670779287815	0.016772032000608304	0.020379406537676913	0.0025133492425084116	0.00912408735603094
A[C>G]A	0.0032535493606701492	0.0038624745793640614	0.015410465188324451	0.006633727508597076	0.006433550780639052	0.013143584132194519	0.016613840870559216	0.003939158143475651	0.011540887877345085	0.01754222298040986	0.009052513539841872	0.007892973674461245	0.011052590049803256	0.010373193491250276
A[C>G]C	0.000664066476747394	0.003486332157626748	0.008613966777920723	0.009146553231403232	1.037897874311966e-08	0.016749170515686272	0.001933780949912034	0.009978494822189533	0.00505903591401875	0.008804559893906116	0.0038803555071353912	0.009723436929368745	0.005441260045427043	5.818014660270136e-40
A[C>G]G	0.00027995438331487323	0.0007365419069458312	0.0025995382573455574	0.012647895328700542	2.2008430278219748e-07	0.009768345113843679	0.0015274242236216651	0.0015543972114528514	0.0010639673222957668	0.016080143880088826	9.343704618913761e-08	0.0063414121977984905	0.0023476768285036085	0.0007271451875567436
A[C>G]T	0.001952988444827497	0.0050739962258376185	0.048331068456172945	0.010146731697022914	0.02566489428281784	0.011397023592144251	0.007627321220934391	0.006335700367799291	0.006600899621844292	0.015250172838568688	0.007258485299389506	0.019245962951390538	0.01098213717341423	0.008335099974647164
A[C>T]A	0.003053666974665248	0.007477000774815679	0.02391246724873781	0.0034705116879194973	0.014939261227846145	1.7769591067917645e-05	0.011212493694878969	0.0010546183213591576	0.016207835637032986	0.02461128877475858	0.004165801405906677	0.015519430674612523	0.023417250998318196	0.009097172319889069
A[C>T]C	0.003474522176256478	0.0013730287784710527	0.010812887246720493	0.0119487090036273	0.009938074508681893	0.01398229980841279	0.007028421945869922	0.011686989366353373	0.0072404399514198305	0.007959175389260054	0.013583142124116421	0.016727035958319904	0.0035221689993797157	0.016235829843208194
A[C>T]G	0.018246892939498594	0.0014099314808869055	0.029722819849848748	0.006769205303862711	0.016794010810554028	0.05040243901312351	0.044592251628637315	0.030491909012198448	0.05417684614658356	0.028728672489523887	0.08824337497353554	0.025861011818051338	0.027348404563963414	0.06757545173168182
A[C>T]T	0.0031923575850669296	0.006659809034317732	0.012821889109909534	0.009305947786197066	0.021383230201900007	0.02013504132628441	0.010622639209032059	0.002868253150029432	0.01154725980013609	0.008892038185149432	0.005526289186673239	0.01106042079627514	0.009249813528731466	0.01166329737752676
A[T>A]A	0.00018765168887284743	0.0003405799202681692	0.0017591796815395356	0.005530538316816091	0.00938714456242451	0.0030336993280798198	0.0010661053296644241	0.00915677008425746	0.0007633566993376917	0.0019041913748424123	0.006704587830535047	0.006275237863883376	0.00145807727240026	0.0014543821677079904
A[T>A]C	0.003048921178560704	0.00014405996771529316	0.002032666001468897	0.009547675959765911	0.001601925794966519	0.006429704464972019	0.0018112150952219962	0.0043797625228762654	0.017099521681666376	0.019008079078048468	0.013764097521658414	0.0026504470966756343	0.0064467694610357285	0.012011169921606779
A[T>A]G	0.00016150707545250497	0.003154126915615052	0.0015573746525289554	0.011616519559174776	0.017190453503280877	0.009323791414499284	0.010410592332482338	0.0173537565395236	0.0	0.004314762485455504	0.006434150005526362	0.008360501009155996	0.003863672411935681	0.002241767007615181
A[T>A]T	0.0	0.0019298264756798743	0.0027059190440922977	0.0044636928329509825	0.030193013325333595	0.01506129065528512	0.007335853017866612	0.014760262798517942	0.005888480320572853	0.0052535328595666895	0.015544991940259933	0.00045021134428679943	0.008091680239886045	0.004810910671949387
A[T>C]A	0.00018990483599168329	0.011827065190300346	0.003048663213849068	0.014651938248425722	0.018988843262195586	0.006332694320008159	0.026574849709868432	0.021744045210652985	0.008982324553653599	0.010627897781137107	0.011345616523931313	0.014452329315122369	0.003970505984671036	0.019725866615772247
A[T>C]C	0.0014916121213275346	0.0013138099573552608	0.006797366618209821	0.016314450837671756	0.00723474845290184	0.004827682347968221	0.006732683423354047	0.010110994987189769	0.011096533574163913	0.00614287806674838	0.006311638653278351	0.009829574327159207	0.004221072495090539	0.0
A[T>C]G	0.0033876057190354914	0.0013508299438399264	0.010504477476122431	0.015296626184135676	0.0008284609970417023	0.014450467936694623	0.004311911102411159	0.006218378804624081	0.016911383904516696	0.012195512466132642	0.021863617189228534	0.01748927924782038	0.015111080557107925	0.009078363735727634
A[T>C]T	0.0052790944930166004	0.008850251976400613	0.0018055775435641408	0.018555693933740257	0.022895431518554686	0.013372985366731881	0.013571592943640099	0.013674129707010253	0.006364654423668981	0.007872695848345757	0.0008374895799192928	0.015625174716115	0.0012819277560993214	0.0009959289105495373
A[T>G]A	4.861314230311109e-05	0.002098892733130242	0.009637744445353747	0.002697442704811692	0.0042628576321021685	0.0016030047554522753	0.021841699443757533	0.0037944859104641184	0.006278467550873757	0.006646620901301503	0.0008527279831469059	0.010880490074293902	0.004686636041151359	0.0020070159111469366
A[T>G]C	0.00013426816184397352	0.00017292117979650357	0.00603478429839015	0.006119947414845228	0.0021758350818004146	0.0025570136262103916	0.001418376723381698	0.0010570119345377862	0.0010032078489331298	0.0020296285542031	1.3896682844460884e-06	0.001476850360631943	0.0006664391955212068	0.0005825512856347359
A[T>G]G	0.00018971558311022818	0.00017371897120028735	0.011681492688548189	0.005721351457759738	0.002294800756499171	0.014477126859128475	0.0072399231139570475	0.004567286419933226	0.0019254229962825775	0.007857416570186616	1.687023601000691e-30	0.01084310544820255	0.0018577614936191368	0.0014543790746984087
A[T>G]T	0.00038610483529453175	0.002854268961844042	0.0024984454736113547	0.011810588650405407	0.010975852701812982	0.005681931134313345	3.0379658255696995e-07	0.007020746322018568	0.007985268021002412	0.0025390522554516793	2.368987452427973e-07	0.0023140063975786293	0.007086660340428352	0.0019762895079566078
C[C>A]A	0.00018737696828168376	0.008863858756409848	0.019170716777443884	0.011372438352555036	0.007518000993877649	0.009746839664876461	0.018394320085644723	0.006602609902624864	0.030563920363783838	0.015819920413196194	0.01987505555152893	0.0088090387172997	0.007971876952797174	0.014972345158457755
C[C>A]C	0.00027059678997147784	0.00896859155036509	0.014112099865451455	0.011622696369886398	0.04427681528031826	0.008111736737191677	0.00543300686404109	0.025407342412381694	0.0006589798311699369	0.0075679530389606954	2.8783470658758915e-14	0.0026438173845235724	0.006649730763967368	0.0038054241798818112
C[C>A]G	0.0023064251290634274	0.0008655153011204675	0.010680464193853823	0.004362394381314516	0.0	0.0016972435638308524	0.00031514910988335033	0.0004089150848585632	0.005472350772470236	0.002954658614999062	2.0448024997895454e-07	0.007921854313462973	0.00040431660600096257	3.2630261311232113e-07
C[C>A]T	0.00013170124730095268	0.008829454751685261	0.026609139889478682	0.017856267653405665	0.015171529073268176	0.01717219166457653	0.012319773466439221	0.03790655126795173	0.007612074445933104	0.004503965564072132	0.0036151006817817686	0.02193310409784317	0.012092429772019386	0.007457813154909672
C[C>G]A	0.0020320049885000913	0.00601006718352437	0.01496971882879734	0.006790176592767238	0.008516994584351779	0.00974369340115402	0.011220589693516558	0.0038722178898751734	0.0033214871305972337	0.008735978323966265	0.006532526575028896	0.01418115645647049	0.008885040134191512	0.006325094034957601
C[C>G]C	0.0002821128375046555	0.004267117334529757	0.01627131812274456	0.010058766510337592	0.003966566594317556	0.004761942522600293	0.012936492966832702	0.0044317221765538765	0.012514697148299092	0.022021510916783883	0.0021977266296744347	0.007633219659333402	0.005495505966246181	0.006760692037642002
C[C>G]G	0.000797740858979698	0.0007295957339955806	0.005221219772079166	0.00045999488793313503	0.0031182633712887762	0.016093732602894307	1.8543928490544203e-07	0.0035890393424779176	0.005024109823074241	0.00716010220348835	0.0017508349175841432	0.009398717572912574	0.01728196770490058	1.1208055092996124e-35
C[C>G]T	0.0022172519937157633	0.010455815866589547	0.01365568723413162	0.005457049235701561	0.033552443608641624	0.014718993566930294	0.0029147278445975644	0.020543083548545837	0.01543169659562409	0.006986512988805771	5.066670337328105e-05	0.0023290963261388244	0.017091393074952065	0.002401692979037762
C[C>T]A	0.005698843995924107	0.015001886058598757	0.01848672586493194	0.01138024069369016	0.006599840635317378	0.006476265838756934	0.004737083859396307	0.018461722973734142	0.021375079452991486	0.016020454838871954	0.03183490671217441	0.022715286910533906	0.011274000070989132	0.007586108520627022
C[C>T]C	0.001725235638372169	0.010797522962093353	0.010066304914653301	0.005639208666980267	0.033316944539546964	0.0025718417949974538	0.014848918946472622	0.01787935011088848	0.0038402002117436497	0.011372784525156021	0.016693875193595886	0.006535741593688726	0.011486390326172113	0.004277201648801565
C[C>T]G	0.01017821712885052	0.00629717555298015	0.009405270312052603	0.0054417959414422516	0.008723167236895257	0.043186867237091066	0.006042263098061084	0.011158582102507354	0.0838609479367733	0.032754928432404996	0.0205103050917387	0.014099215529859066	0.05600133016705513	0.010803174786269664
C[C>T]T	0.007601138506288407	0.01107022101059556	0.01257180860835464	0.016202144138514996	0.03211190477013588	0.017894006054848432	0.0106826792226975	0.01513044759631157	0.006021944247186184	0.013283166475594044	0.016963452100753784	0.018897874653339385	0.018164954707026795	0.021670262888073923
C[T>A]A	0.0014059215774750555	0.0010972777973279335	0.008010499086230994	0.0	2.6484258341952227e-08	0.0021868096431717277	0.006876703211582935	0.002147812768816948	0.005044566094882039	0.0019798989567107127	0.00417383862151155	0.004569424130022526	0.0034918014891445635	0.0037502516367680983
C[T>A]C	0.0006723487804407569	0.007964066584827378	0.019295983016490936	0.013981517776846886	0.008101702854037284	0.002224745090208202	0.006457001198577927	0.004978373693847971	0.004522095527499914	0.007766534574329853	0.005513874463008506	0.013151542011362594	0.0009314335882663726	0.0034333862035566655
C[T>A]G	0.0003887689352268353	0.001160674775019288	0.011099403575698335	0.012853229511529207	0.0029739225283265114	0.00949656954035163	0.006212768088835219	0.0049518757499754425	0.01380805168300923	0.012459989823400974	8.619055734016001e-07	0.015211926028132438	0.021571544492326213	0.0027580628171563148
C[T>A]T	0.0	0.005791807547211647	0.00240072775632143	0.010730240680277347	0.01922198049724102	8.556141324334021e-08	0.005179976195336167	0.0009713971665064492	0.006478788648337286	0.011545961536467076	0.0014113940085280774	0.005393123020792245	0.010316793993115424	0.0019751070686879757
C[T>C]A	0.00014340228603941795	0.0027432416973169893	0.004832031531259417	0.0023565818555653095	0.004275748878717423	0.008527242857962847	0.0009155133480476252	0.003592230612412095	0.0034927398199215533	0.0012725005303508396	0.003832365067613167	0.004215715825563666	0.0013851993018761278	0.004556630720367138
C[T>C]C	5.8221741346642376e-05	0.002477920185424409	0.007916984893381596	0.012806017324328423	0.017891783732920885	0.006714174570515752	0.011570035852491856	0.005154504207894206	0.013812233452063083	0.006234585841269791	0.006244920456811087	0.0035336335189640523	0.012913589365780354	0.006754729337990284
C[T>C]G	0.00014255141136629846	0.0063016192289069295	0.021880571357905866	0.018804556410759687	0.003888819870326188	0.003871109704778064	0.022158779948949815	0.008096069147478601	1.0191704129904595e-07	0.0026494932479010913	3.59456566911831e-07	0.01584081582259387	0.0026907218637667652	0.01125376009304091
C[T>C]T	4.7652041212131734e-05	0.0025531182065606116	0.006949941627681255	0.01602509366348386	0.01047944026067853	0.0	0.0207316467538476	0.0017925426823921953	0.007626588756011188	0.010383036632942776	0.013822023756802498	0.007474887045100331	0.0022211005939880126	0.005309461057186127
C[T>G]A	0.0	5.023145490667957e-08	0.00628472613170743	0.0003750206396205158	0.0047593398815934055	9.482774601110578e-08	0.0007065813715712466	6.326913535303902e-07	6.024840217833116e-07	0.001587622617398665	0.002864599921269928	0.0012648803181946277	0.008458851713612603	0.0016477452884601008
C[T>G]C	0.0018522185376241395	0.0017649909132160246	0.004459534518332475	0.0012598104309290647	7.982770582657395e-05	0.002244047401472926	0.0006908821331762738	0.02053492981940508	0.009736583274178656	0.003333582915365696	0.008320040755577907	0.005019433982670307	0.00904645728878677	0.014763145707547665
C[T>G]G	0.0005734753794968128	0.005046388949267566	0.012798496871255338	0.012677478976547718	0.012197803938761353	0.014678980782628059	0.012394787557423115	0.015138044394552708	0.002000300958752632	0.016819654605871648	0.007569326424037825	0.010178583674132824	0.0016567574813961983	0.011064751380285998
C[T>G]T	0.0	0.0021190716782314213	0.010158268362283706	0.010347638884559274	0.012099916487932206	0.0009232513140887022	0.005994891055161133	0.015810348982085998	0.0076848272234201435	0.006140793975720271	0.008530952781438828	0.011623138203208327	0.003310837859669391	0.004614709038287401
G[C>A]A	0.00033566534984856843	0.0048964260378852485	0.007935332553461193	0.013741219043731689	0.011459651775658131	0.005628120363689959	0.003954795189201832	0.017658606451004744	0.026327754370868206	0.007338805491599487	0.01670812685601959	0.006469091959297657	0.01119284424930811	0.004534881934523583
G[C>A]C	0.002428903214504599	0.013321203028317541	0.014598228875547648	0.016857581213116646	0.004226174391806126	0.004501607007114217	0.018677349807787104	0.00900439137574267	0.0046082150435144565	0.014246420064515064	0.014005529507994652	0.01030867360532375	0.007195063357312392	0.020107857386585694
G[C>A]G	0.003798048953467514	0.0034957161580678074	0.0036086321895254514	0.0	0.0020408662329714387	0.0	0.0002658452368905273	0.0032849065959453584	0.005164441745728254	0.0004708483516992601	0.007006270010265325	0.001336370874196291	0.0067254300229251385	0.0011032506007495613
G[C>A]T	0.0016099281725473701	0.0013203429291024805	0.005788383353501558	0.013309576222673059	0.02363771591335535	0.012114476598799228	0.0025666059801551454	0.008984215232480275	0.008040929585695267	0.00948599549010396	0.0028343340381979942	0.014471214284854688	0.005704947658341552	0.005398084595799446
G[C>G]A	0.001245882508669638	0.005263911932706833	0.015552365127950907	0.007583383657038212	0.005198886152356863	0.006698192842304706	0.005285569652915001	0.0179381949827075	0.0	0.0010187648233426216	0.0054329314037204314	0.006241297399253653	0.0	0.0013720433698551915
G[C>G]C	9.711196762509643e-05	0.0031501966761523234	0.0032519734231755137	0.014716872572898864	0.0066950604465091604	0.0023767340346239505	0.0072740367063374835	0.006424809154123068	0.007496822904795408	0.009817660227417946	0.0009778617672509427	0.008910803869366647	0.004509058501571417	0.006589141488075256
G[C>G]G	0.0006871240322908534	0.0008846638957038522	0.008536281931702661	0.0	0.0004152301233261824	0.0025431390851736067	0.0006967046092540841	0.004093472885105598	3.6994747460994403e-07	1.315771442023106e-07	4.296224167319451e-05	0.0024489121086730846	0.003122900046105315	0.0014547810705153098
G[C>G]T	0.0028895767871302816	0.005621016724035144	0.020594671368598938	0.024543394148349763	0.026608239579945802	0.008084238041192293	0.005704133702806757	0.0042799397371716	0.0043349191546440125	0.01192079707980156	0.004282440247920681	0.010826308280229568	0.005774356933443414	0.005836855356051274
G[C>T]A	0.002306519495701309	0.017718843743205072	0.025683965906500815	0.007645029714331031	0.004304785049077964	0.003640357730910182	0.02460363134741783	0.014345233701169491	0.01799997817724943	0.00867930231615901	0.024979268200695515	0.021614167978987096	0.00812542624771595	0.021597932651638986
G[C>T]C	0.004663126055146449	0.014921902026981116	0.013797009829431772	0.01847448032349348	0.007508231047540903	0.003384093567728996	0.01512305736541748	0.011531858101898251	0.01986815668642521	0.012194731924682855	0.002791206678375602	0.008499508909881114	0.0067824688740074635	0.009511642344295978
G[C>T]G	0.01027147825807333	0.010596494935452939	0.0021606212481856345	0.0035231297835707663	0.015572146326303483	0.07823799699544906	0.01040206295228927	0.015076810680331048	0.05088864637136794	0.0338277455419302	0.0719429213553667	0.009662682097405196	0.030723665095865726	0.025071313977241515
G[C>T]T	0.006326755425334343	0.006231426775198058	0.007260247599333525	0.005531861260533333	0.018524982407689093	0.005566849373281002	0.008726102895120125	0.015621417481452227	0.005972198583185673	0.011172230076044797	0.010024366341531277	0.006152893323451281	0.01646767891943455	0.011438402347266674
G[T>A]A	0.0011923701847081248	5.8928184444084764e-05	0.0012546746542091204	0.005794723192229867	0.0011445851530879736	0.0006449203006923199	0.005163017567247153	0.005026308530750612	0.007698193976260726	0.005094234189971303	0.0002896524074913032	0.01163463108241558	0.0024821823462843895	0.009845769871026278
G[T>A]C	2.4234214635043827e-09	7.416001039928233e-08	0.00302476624538599	0.007696484634652734	0.006977161671966314	0.005626352061517537	0.002319405840245281	0.008733698372476261	0.004503443278372288	3.38175266278995e-07	0.0027174141914656502	0.0031793164369105396	0.002101811295483458	2.5300320771748375e-08
G[T>A]G	0.0003305053687199688	0.003759140774491243	0.015380913577973842	0.007979423319920898	0.0006401694845408201	0.005005461117252708	0.002159393299371004	0.004755255207419396	0.0021913956898970354	0.006785297831038406	0.0029866633079450367	0.009915261715650558	0.0019416859373460136	0.0024371480995455386
G[T>A]T	0.00010052635334432126	7.620511865980006e-09	0.003209216147661209	0.006584823597222567	0.006662221858277917	0.003372401325032115	0.0011521998478659866	0.02105157310143113	0.0018274128975235727	0.0027596704650065364	0.004872028669342399	0.0056368703415898835	0.007348572835326195	0.0033181500621140003
G[T>C]A	0.002044940320774913	0.005540277622640133	0.0073785029351711275	0.01926399637013674	0.008610564889386297	0.004627265082672238	0.006501903850585222	0.001585414705925814	0.004821179491517569	0.02137754615396261	0.00443274570174026	0.020162446293670654	0.0060485455477873986	0.009977330267429353
G[T>C]C	0.004293929501393734	0.004888525645901342	0.01132902077995368	0.002945671742781997	0.002732524953455595	0.011822600103914737	0.007518412917852402	0.002308969758450985	0.00457853265106678	0.004959182627499103	0.0039363107760436835	0.012046502158045768	0.005882914509857074	0.001462371740490198
G[T>C]G	0.0001576877240495378	0.001482447916350793	0.0	0.0033753552121879695	0.0004924473651499283	0.01435585916042328	0.003125773835927248	0.003247243864868253	0.001719746994510274	0.003910544095560908	0.013428293769629817	0.008735263533890248	0.002656111866235733	0.007825846411287784
G[T>C]T	5.317610308008189e-18	0.0001549719501895197	0.007487878715619445	0.010503868851810694	0.005844682594761253	0.0040962154234875925	0.0036893549375236036	0.004272852931171656	0.010210183076560497	0.011655131296318188	0.020636383816599844	0.007114160626952071	0.015183208510279655	0.012033661175519229
G[T>G]A	0.0	0.0029033402912318706	0.009977133199572562	0.001970625715330243	0.00671912199513722	0.0034279410727322103	0.006215019756928087	0.002093987203022607	2.349885448893474e-07	0.004181625550404533	0.0023233011526766364	0.0016097085899673402	0.014042523596435786	0.00264086691090597
G[T>G]C	0.0021040465333499016	5.374348006625951e-08	0.00045849847273586873	0.002689228019590928	0.003932079253718257	0.0027349818963557484	0.0049892200622707605	0.00333659187387525	4.950242441736918e-07	0.00047086548356105594	0.0033988144248723985	0.002179573671844537	0.0011148279862027266	0.0040956024080514904
G[T>G]G	0.002729481675669376	0.0022679579618852586	0.009057191200554371	0.013867928460240365	0.013762656971812249	0.0	0.006184768419615239	0.000527388509364573	0.003808729235947794	0.008785260561853647	0.01061731092631817	0.0026789561263285576	0.00529083540876627	0.009205818548798561
G[T>G]T	0.001008521905168895	0.003638219219124039	0.0017787878221838583	0.008308848603428487	0.010396577138453721	0.0	0.0028449957724660637	0.004252771940082311	0.0008402157787031683	0.010592950641557764	0.007050446336893401	0.007083221338689327	0.0030364190066393348	0.003956465469673276
T[C>A]A	0.014887033496052027	0.025707106664776803	0.011755011603236198	0.010853645426686853	0.022119995951652528	0.01728223357349634	0.01367119695059955	0.05218445099890232	0.005611848272383213	0.012704934738576413	0.014348088204860688	0.0131645817309618	0.019563551619695474	0.007294481672147413
T[C>A]C	0.013885413808748127	0.014325722679495811	0.01920479517430067	0.03279524743556976	0.011022183485329152	0.017986971884965897	0.006336335651576519	0.00685960790142417	0.0057684160768985745	0.015785284619778395	0.006102516315877438	0.019401532411575318	0.010714380071340202	0.038532497733831404
T[C>A]G	0.00261870538815856	0.0023899488826600646	0.0007836387492716312	0.001112345978617668	0.0010965263471007347	0.0022397755179554223	0.00822184719145298	0.014364377968013287	0.01032656580209732	0.0	0.012294197019946296	0.0015367257175967098	0.0006688409950584174	0.007596675866147961
T[C>A]T	0.023268384113907813	0.01055686897598207	0.010153080988675355	0.02116424757987261	0.03288804385811091	0.04218954667448997	0.02300795945338905	0.0277761735022068	0.0036210391686570843	0.013873468060046435	0.020252545177936555	0.015122071653604508	0.010853196308016847	0.0016397956758737564
T[C>G]A	0.1530322402715683	0.08845904432237148	0.003309164941331451	0.008636567834764719	0.016524624172598125	0.006563557218760297	0.04424844327149913	0.012312523471861996	0.003354801400564611	0.03090282008051872	0.012903165072202682	0.005003524401007769	0.054316545650362966	0.04270692244172096
T[C>G]C	0.051995085924863814	0.03362781885080039	0.030493956804275513	0.011339084105566144	0.007251342316734366	0.025130516849458218	0.03682071231305599	0.002099289116682712	9.132877312368033e-06	0.02016739882528782	0.022841960936784745	0.016666443552821875	0.005869045516010374	0.06442262157797814
T[C>G]G	0.008977764434575874	0.008483975380659103	0.0016024759039282798	0.006540164398029446	0.0012471763417124747	0.002961438929196447	0.02304550735279918	0.0047993672080338	0.0018955007195472716	0.001288024289533496	0.0006962431163231031	0.0014622260445207758	4.908244451939936e-06	0.012324832938611507
T[C>G]T	0.18882613778114318	0.12361582964658738	0.010259229479162002	0.042891886457800864	0.04800754450261593	0.05865706652402878	0.04634543918074053	0.03970356769859791	0.0014584207907319068	0.040441004931926726	0.011565455980598927	0.018042335664467002	0.02451907712966204	0.05034460872411728
T[C>T]A	0.19106809198856353	0.15378502309322356	0.0014555848317058917	0.01825427729638012	0.0036934587442197355	0.01992212142795325	0.03632059022784233	0.01871058586984873	0.03843479212373495	0.045543891936540605	0.03998997639902872	0.016325140437924334	0.06720061898231507	0.05025365874171257
T[C>T]C	0.06088167428970337	0.049247142486274244	0.010565254744142294	0.01484807450324297	0.03018652480095625	0.012037808168679475	0.015531020797789096	0.03839893769472837	0.04408922083675861	0.021110082883387803	0.026704527251422406	0.004166168715470395	0.037934348732233045	0.02364745261147618
T[C>T]G	0.037750006467103955	0.048710709996521474	0.01849369639530778	0.01392780989408493	0.016465645283460617	0.027115543000400068	0.008566976990550756	0.030011335760354994	0.025221221148967743	0.007012356258928776	0.050528973713542216	0.010329693276522767	0.03509069010615349	0.010459874384105209
T[C>T]T	0.09361718744039535	0.09318219907581807	0.0014957504696212708	0.02209106907248497	0.03183283358812332	0.015460269059985876	0.04737480208277702	0.016475168900797144	0.05603104308247566	0.0237793181091547	0.04131225496530533	0.038326640909649254	0.025083953514695168	0.01874268762767315
T[T>A]A	0.0010229512670775875	0.0018187271431088447	0.003942330693826079	0.003583162557333708	0.004788494110107422	0.026928695291280745	0.0037384210125878782	0.014131009890525093	0.008480550622221018	0.011813590582460174	0.01657917592674494	0.005124670173972845	0.007809959910809993	0.01346373832784593
T[T>A]C	0.0004580486673972928	0.0012373539066174999	0.015228117862716318	0.0058041509706527	2.9215989059139247e-06	0.004393007233738899	0.0007741475132661435	0.01677643833681941	0.009091885015368461	1.113084225402329e-08	0.0030186334921609177	0.009565726201981307	0.019611619343049825	0.004138968139886856
T[T>A]G	0.00022833746625110506	0.0004037104459712282	0.009459534705956684	0.009726976230740546	0.005251734494231641	0.0004873835016041994	0.006817162455990911	0.003491677828219508	0.004057108165011414	0.008257088338198493	0.005833248963805202	0.006215077545493841	0.013541391585022211	0.019565811846405268
T[T>A]T	0.0009693823000418433	0.002934152502893994	0.02068216109516925	0.017570643872022628	0.010863317269831895	0.004954505199566484	0.0012321088063345087	0.014730904308862591	0.0	0.0017236680258065462	0.005165497749112546	0.0009187107440084219	0.004374411329627037	0.0033787935754730825
T[T>C]A	0.0	0.0007312652540107933	0.005031505413353443	0.005714643048122525	0.0017839312187959422	0.0020504962652921678	0.003643499920144677	0.008385569136589766	0.00807001730427146	0.00860737515672554	0.01015213131904602	0.003683259058743715	0.01608752217143774	0.00321090305224061
T[T>C]C	0.0010011924430727958	0.00620912212471012	0.01263356376439333	0.004199373815208673	0.0	0.01666489050257951	0.004459645599126817	0.003465171530842781	0.011903421953320503	0.01016122754663229	0.010653582774102688	0.01617628922685981	0.0032541298773139716	0.014873884804546832
T[T>C]G	0.004096920221263645	0.0031973653705790637	0.008541237190365791	0.0026629000902175905	0.0013260958779028442	0.0058039394207298756	0.005561167094856501	0.0025393702609775915	1.0420444080265424e-30	0.001412220768446481	7.725985824436096e-08	0.004220118965915276	0.0012291648425161838	0.014977176025627158
T[T>C]T	0.0	0.001510766672436148	0.0149003098718822	0.006702034082263708	0.0035330795682966707	0.004479493945837021	0.007580440095625818	0.02077999394387007	0.01627330370247364	0.01513801971391331	0.01872203754151087	0.03493354544043541	0.011714114621281625	0.005626178975217044
T[T>G]A	1.7705450545698602e-07	0.0020876302616670726	0.01231635297012872	0.0036292915530793833	0.0	0.011863482929766179	0.008272816613316535	1.1861308166771777e-07	0.01286210399121046	0.002867577157940104	0.0	0.006593770626932382	0.001252446317994755	0.012743445858359338
T[T>G]C	0.00015108691066103574	0.003238252189476043	0.010484625399112702	0.0015108869411232348	0.005809724354185164	0.008001838298514485	0.006742990110069513	0.0010566216545782937	9.51806384819065e-08	0.00438973115411514	2.0091944591627e-06	0.004662701115012169	3.740543093044835e-08	0.004617450293153524
T[T>G]G	0.0	0.0	0.0053230059500947394	0.021625174954533578	0.0011558264065683944	0.0005615778254082215	0.003820759717450528	0.0036389734728032863	0.009527774713933467	0.012320834491401911	9.840440270636464e-07	0.00619076807051897	0.0012553081925602782	0.0009530765004456043
T[T>G]T	0.0002933068759418234	0.0011764194903662428	0.008665542048402131	0.010510425735265016	0.00817354554310441	0.009540452249348163	0.015238411399104734	0.0022390871303286986	0.01579893259331584	0.010500831715762615	0.002165242657096355	0.01462458148598671	0.012220926210298317	0.00679769366979599
