Samples	SBS96A	SBS96B	SBS96C	SBS96D	SBS96E	SBS96F	SBS96G	SBS96H	SBS96I	SBS96J	SBS96K
TCGA-3C-AAAU-01	0	2	12	13	8	2	8	1	0	0	0
TCGA-3C-AALI-01	302	212	104	21	0	5	10	131	0	0	23
TCGA-3C-AALJ-01	8	0	6	6	14	0	0	6	10	13	3
TCGA-3C-AALK-01	6	6	0	12	9	3	3	0	10	7	8
TCGA-4H-AAAK-01	0	0	0	5	11	0	3	12	2	0	0
TCGA-5L-AAT0-01	43	69	67	1	0	0	0	42	0	57	0
TCGA-5L-AAT1-01	563	640	418	2	0	0	0	212	0	97	54
TCGA-5T-A9QA-01	0	2	3	18	4	4	4	0	5	13	0
TCGA-A1-A0SB-01	0	0	1	1	0	0	4	1	9	0	0
TCGA-A1-A0SD-01	0	1	3	8	0	2	1	2	23	0	0
TCGA-A1-A0SE-01	0	3	5	1	3	0	4	7	0	10	3
TCGA-A1-A0SF-01	3	26	13	6	0	0	1	2	0	13	0
TCGA-A1-A0SG-01	1	0	3	5	1	0	2	13	10	0	0
TCGA-A1-A0SH-01	26	33	17	7	0	2	5	0	0	32	16
TCGA-A1-A0SI-01	106	70	64	5	0	0	4	19	0	8	2
TCGA-A1-A0SJ-01	5	5	0	13	7	2	2	0	0	3	3
TCGA-A1-A0SK-01	1	1	5	8	0	24	0	4	35	0	6
TCGA-A1-A0SM-01	0	0	0	7	0	0	6	12	0	2	5
TCGA-A1-A0SN-01	19	5	0	11	9	7	1	17	0	6	1
TCGA-A1-A0SO-01	13	11	21	0	50	98	8	10	54	0	88
TCGA-A1-A0SP-01	0	1	2	11	14	13	3	0	0	26	0
TCGA-A2-A04N-01	2	5	0	8	1	4	4	15	8	4	2
TCGA-A2-A04R-01	6	1	8	4	18	20	3	6	10	0	26
TCGA-A2-A04U-01	1	0	7	7	0	17	4	7	23	1	0
TCGA-A2-A04W-01	45	32	48	10	0	0	12	30	0	10	0
TCGA-A2-A0CK-01	0	3	3	10	0	0	1	0	9	1	0
TCGA-A2-A0CL-01	60	54	40	21	0	0	2	16	7	0	0
TCGA-A2-A0CR-01	70	80	21	4	0	0	2	11	1	21	0
TCGA-A2-A0CS-01	0	1	0	14	12	3	3	2	10	1	2
TCGA-A2-A0CV-01	2	0	0	8	6	0	1	6	0	0	1
TCGA-A2-A0CW-01	12	15	0	10	0	6	0	8	15	8	10
TCGA-A2-A0D3-01	0	2	0	20	0	0	1	1	0	5	3
TCGA-A2-A0EN-01	0	1	0	3	2	0	2	6	20	5	0
TCGA-A2-A0EP-01	2	1	2	0	2	0	3	0	3	3	0
TCGA-A2-A0ES-01	0	0	0	2	3	0	0	2	4	8	0
TCGA-A2-A0EW-01	1	0	2	5	0	4	5	2	0	0	1
TCGA-A2-A0ST-01	1	1	5	3	2	0	3	0	12	0	1
TCGA-A2-A0SU-01	1	1	1	6	11	8	1	0	0	4	2
TCGA-A2-A0SX-01	3	3	0	6	1	0	4	0	0	15	9
TCGA-A2-A0SY-01	60	38	16	8	0	0	0	29	1	25	0
TCGA-A2-A0T0-01	15	9	0	8	20	72	35	6	0	19	33
TCGA-A2-A0T1-01	0	0	1	3	4	0	4	6	13	1	0
TCGA-A2-A0T3-01	1	1	0	13	2	1	1	3	0	3	19
TCGA-A2-A0T4-01	6	4	0	9	6	12	4	0	0	0	0
TCGA-A2-A0T5-01	0	1	0	5	0	2	0	1	4	0	0
TCGA-A2-A0T6-01	0	3	0	13	3	0	0	2	6	1	0
TCGA-A2-A0T7-01	0	3	0	8	0	6	3	5	4	0	0
TCGA-A2-A0YC-01	2	4	0	8	1	12	1	0	0	3	1
TCGA-A2-A0YD-01	18	22	1	7	0	0	0	27	7	4	1
TCGA-A2-A0YE-01	0	7	3	12	0	1	2	1	0	6	11
TCGA-A2-A0YF-01	0	2	1	8	0	0	2	1	0	7	18
TCGA-A2-A0YG-01	0	7	5	12	2	10	7	6	15	14	0
TCGA-A2-A0YH-01	25	14	9	5	4	5	0	6	22	6	4
TCGA-A2-A0YI-01	2	0	0	0	0	0	1	3	4	8	0
TCGA-A2-A0YJ-01	7	1	0	20	9	28	7	6	11	0	9
TCGA-A2-A0YK-01	201	156	73	2	0	0	0	32	2	11	1
TCGA-A2-A0YL-01	10	11	0	2	0	0	0	0	4	16	0
TCGA-A2-A0YM-01	13	12	28	26	3	7	9	9	0	0	2
TCGA-A2-A0YT-01	2	13	1	15	5	10	4	23	0	5	3
TCGA-A2-A1FV-01	0	7	0	8	0	5	3	0	16	11	0
TCGA-A2-A1FW-01	5	1	0	16	6	0	3	8	17	27	12
TCGA-A2-A1FX-01	0	0	2	6	0	1	1	4	0	5	9
TCGA-A2-A1FZ-01	0	0	6	5	1	0	6	0	10	0	1
TCGA-A2-A1G0-01	0	3	0	0	0	2	0	4	10	2	2
TCGA-A2-A1G1-01	0	3	1	2	5	10	0	1	12	2	3
TCGA-A2-A1G6-01	1	0	0	1	5	1	0	0	2	0	0
TCGA-A2-A259-01	0	2	8	2	1	2	0	4	5	5	0
TCGA-A2-A25A-01	29	38	13	8	0	6	1	0	7	16	11
TCGA-A2-A25B-01	1	3	15	9	22	28	5	12	0	14	19
TCGA-A2-A25C-01	1	2	0	0	0	0	9	0	2	9	16
TCGA-A2-A25D-01	4	5	2	4	23	2	3	3	8	9	1
TCGA-A2-A25E-01	1	5	5	1	18	15	5	3	6	0	2
TCGA-A2-A25F-01	0	0	0	0	0	3	0	0	1	0	2
TCGA-A2-A3KD-01	0	1	1	4	0	0	1	0	8	3	0
TCGA-A2-A3XT-01	24	3	8	0	12	33	12	0	19	0	11
TCGA-A2-A3XU-01	0	2	0	10	2	6	5	0	5	0	1
TCGA-A2-A3XV-01	0	0	0	6	19	0	6	7	1	9	0
TCGA-A2-A3XW-01	0	1	0	3	0	3	3	5	0	2	0
TCGA-A2-A3XX-01	0	3	1	7	10	16	1	7	7	0	0
TCGA-A2-A3XZ-01	13	7	2	8	0	2	2	11	2	5	0
TCGA-A2-A3Y0-01	43	9	0	16	14	81	34	6	13	14	13
TCGA-A2-A4S1-01	4	5	0	18	11	16	11	0	0	1	32
TCGA-A2-A4S2-01	0	7	0	5	9	2	5	0	12	3	0
TCGA-A2-A4S3-01	5	6	14	13	15	9	9	1	17	1	17
TCGA-A7-A0CE-01	2	3	4	5	5	14	8	0	1	16	3
TCGA-A7-A0CH-01	0	0	2	2	0	3	2	2	0	6	0
TCGA-A7-A0D9-01	1	2	0	1	0	0	1	0	1	6	0
TCGA-A7-A0DA-01	13	8	0	9	13	85	11	12	8	8	20
TCGA-A7-A0DB-01	10	10	0	9	4	0	3	2	12	0	3
TCGA-A7-A13D-01	10	3	13	14	4	59	8	4	8	17	0
TCGA-A7-A13E-01	4	0	6	27	8	4	1	0	25	5	0
TCGA-A7-A13F-01	2	0	6	14	4	0	4	11	1	1	2
TCGA-A7-A13G-01	2	7	0	7	7	4	2	0	0	0	3
TCGA-A7-A26E-01	3	16	0	12	1	0	3	18	13	1	0
TCGA-A7-A26F-01	0	3	4	4	0	0	0	6	24	0	5
TCGA-A7-A26G-01	7	9	1	5	8	12	3	3	0	8	12
TCGA-A7-A26H-01	39	28	22	23	0	0	0	2	14	12	10
TCGA-A7-A26I-01	2	5	0	4	0	9	4	4	4	9	5
TCGA-A7-A26J-01	0	0	13	2	0	3	0	0	15	0	9
TCGA-A7-A2KD-01	2	6	0	18	3	6	3	4	0	11	2
TCGA-A7-A3RF-01	0	3	0	0	6	0	3	0	25	0	3
TCGA-A7-A425-01	0	0	2	7	0	0	0	0	18	6	0
TCGA-A7-A4SC-01	0	2	0	10	0	0	2	6	0	8	10
TCGA-A7-A4SD-01	1	1	1	23	0	8	7	6	10	0	5
TCGA-A7-A4SE-01	28	11	7	0	31	34	6	0	13	11	5
TCGA-A7-A56D-01	37	52	29	26	18	9	0	19	0	15	20
TCGA-A7-A5ZV-01	26	5	14	33	6	93	32	11	4	19	25
TCGA-A7-A5ZW-01	6	4	0	2	0	0	6	4	12	0	2
TCGA-A7-A5ZX-01	0	3	5	4	0	9	5	10	0	3	3
TCGA-A7-A6VV-01	6	1	7	13	0	9	5	0	15	8	0
TCGA-A7-A6VW-01	5	4	0	3	0	26	12	7	25	10	0
TCGA-A7-A6VX-01	6	24	27	2	27	32	11	0	17	19	12
TCGA-A7-A6VY-01	11	5	15	6	23	48	10	8	4	2	4
TCGA-A8-A075-01	11	14	6	7	4	19	1	0	11	23	4
TCGA-AC-A23C-01	17	29	19	9	16	5	15	4	0	14	17
TCGA-AC-A23E-01	0	0	0	10	0	5	0	3	0	0	6
TCGA-AC-A23H-01	2617	2103	1012	0	0	0	0	264	0	285	97
TCGA-AC-A2B8-01	34	37	28	6	5	0	0	7	10	0	1
TCGA-AC-A2BK-01	4	0	2	24	14	36	13	5	0	6	6
TCGA-AC-A2BM-01	3	0	0	5	13	1	0	2	0	0	2
TCGA-AC-A2FB-01	0	3	3	3	1	1	3	0	2	0	1
TCGA-AC-A2FF-01	2	0	5	0	0	0	0	0	3	1	0
TCGA-AC-A2FG-01	1	6	4	2	3	0	1	5	17	0	0
TCGA-AC-A2FK-01	0	0	2	0	0	0	0	0	1	0	0
TCGA-AC-A2FO-01	3	5	7	0	0	0	0	3	7	0	2
TCGA-AC-A2QH-01	2	2	0	7	8	0	0	0	6	0	2
TCGA-AC-A3HN-01	2	1	0	5	7	0	3	1	0	3	0
TCGA-AC-A3OD-01	0	6	0	6	11	0	1	8	1	1	5
TCGA-AC-A3QP-01	1	0	1	0	1	3	7	9	9	0	4
TCGA-AC-A3QQ-01	1	0	4	13	10	0	0	0	0	5	3
TCGA-AC-A3W5-01	43	19	0	13	28	63	5	12	0	28	0
TCGA-AC-A3YI-01	0	0	2	3	2	0	4	5	0	0	2
TCGA-AC-A3YJ-01	1	3	2	12	0	0	3	0	3	11	3
TCGA-AC-A4ZE-01	1	8	0	9	23	7	6	4	8	8	0
TCGA-AC-A5EH-01	12	11	16	11	21	55	20	9	13	3	34
TCGA-AC-A5EI-01	0	9	4	6	0	1	4	4	15	0	0
TCGA-AC-A5XS-01	190	185	202	0	0	0	0	73	0	65	0
TCGA-AC-A5XU-01	1	9	26	41	11	0	5	0	2	12	6
TCGA-AC-A62V-01	5	3	2	37	18	13	4	0	0	14	10
TCGA-AC-A62X-01	2	0	6	45	0	0	8	0	0	3	23
TCGA-AC-A62Y-01	17	12	3	11	8	7	9	3	19	0	0
TCGA-AC-A6IV-01	0	0	1	2	6	0	0	9	9	0	0
TCGA-AC-A6IW-01	52	23	38	29	13	26	10	2	0	38	0
TCGA-AC-A6IX-01	5	20	10	10	9	0	7	0	4	6	0
TCGA-AC-A6NO-01	0	1	2	5	7	0	3	2	16	7	0
TCGA-AC-A7VB-01	0	0	2	11	13	0	2	0	7	0	0
TCGA-AC-A7VC-01	0	0	0	5	5	0	1	8	6	1	0
TCGA-AC-A8OP-01	14	9	11	39	27	39	27	26	4	8	40
TCGA-AC-A8OQ-01	5	15	0	15	28	1	0	17	40	14	2
TCGA-AC-A8OR-01	0	1	0	9	15	3	1	0	0	0	3
TCGA-AC-A8OS-01	4	12	5	7	0	13	10	0	21	7	0
TCGA-AN-A0XL-01	0	0	4	7	0	0	5	3	5	6	10
TCGA-AN-A0XN-01	13	2	9	5	23	36	22	9	17	14	25
TCGA-AN-A0XO-01	2	6	1	1	0	3	8	12	5	5	0
TCGA-AN-A0XP-01	4	4	0	6	2	2	7	1	0	3	5
TCGA-AN-A0XR-01	2	4	0	4	12	4	0	0	6	5	1
TCGA-AN-A0XS-01	0	6	0	3	15	0	0	7	0	0	1
TCGA-AN-A0XT-01	0	0	4	6	2	0	0	0	10	0	0
TCGA-AN-A0XU-01	16	5	0	1	16	29	3	7	31	0	29
TCGA-AN-A0XV-01	3	0	7	8	5	5	7	5	0	4	0
TCGA-AN-A0XW-01	189	138	86	5	0	0	0	0	0	5	0
TCGA-AO-A03M-01	485	328	287	0	0	0	0	50	0	0	0
TCGA-AO-A03N-01	29	28	40	12	11	0	0	8	3	0	3
TCGA-AO-A03U-01	1	0	2	0	0	0	0	0	1	0	1
TCGA-AO-A03V-01	3	5	19	5	5	0	1	6	7	14	7
TCGA-AO-A0JG-01	0	1	0	0	0	3	3	0	0	6	8
TCGA-AO-A124-01	8	2	8	11	9	57	13	11	14	11	34
TCGA-AO-A125-01	2	3	0	11	5	8	2	8	2	0	4
TCGA-AO-A126-01	0	3	0	1	0	0	0	4	17	0	0
TCGA-AO-A128-01	14	16	3	358	245	0	501	19	54	0	0
TCGA-AO-A129-01	20	12	5	4	11	25	15	0	28	11	13
TCGA-AO-A12A-01	0	5	0	9	0	0	2	0	0	0	3
TCGA-AO-A12B-01	0	1	0	8	0	6	2	0	6	0	0
TCGA-AO-A12D-01	6	17	7	6	0	0	0	19	3	15	0
TCGA-AO-A12E-01	1	1	0	11	0	2	1	3	3	11	0
TCGA-AO-A12F-01	0	0	0	16	12	3	1	3	0	0	5
TCGA-AO-A12G-01	3	3	5	6	2	0	2	0	21	0	0
TCGA-AO-A12H-01	0	0	1	4	1	0	1	3	15	5	0
TCGA-AO-A1KO-01	0	0	0	0	0	3	3	3	1	0	0
TCGA-AO-A1KR-01	8	6	1	8	3	30	10	6	9	0	8
TCGA-AO-A1KT-01	0	3	1	11	0	8	13	6	7	0	2
TCGA-AQ-A04H-01	5	2	0	30	9	0	4	5	18	1	7
TCGA-AQ-A0Y5-01	10	9	0	19	0	10	4	11	4	3	0
TCGA-AQ-A1H2-01	0	2	1	7	5	1	2	5	11	0	0
TCGA-AQ-A1H3-01	0	0	0	17	0	3	0	0	7	0	0
TCGA-AQ-A54O-01	0	4	0	7	2	5	2	0	0	0	5
TCGA-AQ-A7U7-01	26	28	0	4	14	0	1	16	7	0	0
TCGA-AR-A0TP-01	5	4	0	0	4	25	11	1	12	5	4
TCGA-AR-A0TQ-01	1	12	5	9	6	1	0	1	0	7	7
TCGA-AR-A0TR-01	1	1	0	12	3	1	9	6	0	9	0
TCGA-AR-A0TS-01	9	6	0	17	1	22	6	0	0	19	10
TCGA-AR-A0TT-01	6	9	3	15	12	9	9	8	0	4	0
TCGA-AR-A0TU-01	9	4	0	4	10	21	3	0	20	4	15
TCGA-AR-A0TV-01	2	3	8	13	12	6	1	0	24	8	2
TCGA-AR-A0TW-01	1	1	5	12	7	4	2	7	15	0	13
TCGA-AR-A0TX-01	147	132	55	1	0	0	0	52	0	20	0
TCGA-AR-A0TZ-01	13	9	0	7	5	0	1	16	4	0	12
TCGA-AR-A0U0-01	5	1	13	5	9	2	0	3	2	0	10
TCGA-AR-A0U1-01	13	0	9	4	0	32	22	2	1	8	18
TCGA-AR-A0U2-01	0	0	2	17	27	0	2	2	0	5	1
TCGA-AR-A0U3-01	0	0	0	8	9	0	1	6	0	11	5
TCGA-AR-A0U4-01	41	12	10	9	0	55	12	6	0	18	38
TCGA-AR-A1AH-01	8	4	0	6	30	13	15	1	9	0	34
TCGA-AR-A1AI-01	10	1	14	10	15	1	5	15	5	13	0
TCGA-AR-A1AJ-01	8	15	0	8	0	0	2	4	16	0	0
TCGA-AR-A1AK-01	20	13	4	10	0	0	1	10	9	7	8
TCGA-AR-A1AL-01	3	3	2	6	0	2	8	1	0	4	1
TCGA-AR-A1AN-01	2	0	6	8	0	0	1	1	13	0	0
TCGA-AR-A1AO-01	11	9	17	10	4	39	6	13	3	0	10
TCGA-AR-A1AP-01	3	3	8	16	2	0	2	6	2	9	0
TCGA-AR-A1AQ-01	2	1	2	10	5	13	6	0	0	2	0
TCGA-AR-A1AR-01	7	3	2	13	5	7	3	0	5	3	15
TCGA-AR-A1AS-01	1	10	5	3	17	0	0	5	0	0	0
TCGA-AR-A1AT-01	2	1	0	8	3	13	3	2	0	0	0
TCGA-AR-A1AU-01	0	0	5	6	0	2	3	0	6	4	0
TCGA-AR-A1AV-01	0	2	5	16	1	0	4	4	7	7	3
TCGA-AR-A1AW-01	1	2	0	8	15	3	5	0	0	5	2
TCGA-AR-A1AX-01	0	0	5	3	0	0	1	9	6	8	0
TCGA-AR-A1AY-01	3	6	9	13	8	6	5	2	11	2	7
TCGA-AR-A24H-01	18	6	7	7	10	46	2	0	18	8	30
TCGA-AR-A24K-01	0	0	0	2	0	9	3	4	12	4	0
TCGA-AR-A24L-01	5	1	4	2	12	17	2	0	1	4	5
TCGA-AR-A24M-01	0	1	0	4	3	2	8	0	3	0	4
TCGA-AR-A24N-01	0	5	0	13	8	0	3	0	3	15	0
TCGA-AR-A24O-01	1	0	0	4	1	0	1	0	10	3	2
TCGA-AR-A24P-01	0	0	0	2	3	0	1	8	5	0	0
TCGA-AR-A24Q-01	14	16	22	2	37	71	12	4	0	18	36
TCGA-AR-A24R-01	0	2	0	10	1	6	7	0	0	0	0
TCGA-AR-A24S-01	4	6	0	12	0	2	8	1	8	13	3
TCGA-AR-A24T-01	1	1	0	8	0	0	0	3	4	3	4
TCGA-AR-A24U-01	8	7	8	7	0	0	0	5	3	6	0
TCGA-AR-A24V-01	2	1	2	10	0	1	4	6	0	0	2
TCGA-AR-A24W-01	0	0	2	0	4	0	0	3	0	5	0
TCGA-AR-A24X-01	0	0	0	4	1	0	4	9	8	7	1
TCGA-AR-A24Z-01	3	4	1	10	9	13	0	3	10	0	3
TCGA-AR-A250-01	39	12	15	27	9	0	4	24	6	12	7
TCGA-AR-A251-01	32	5	0	8	7	75	17	0	7	30	24
TCGA-AR-A252-01	0	0	0	8	0	0	4	0	0	7	0
TCGA-AR-A254-01	1	3	0	9	0	0	0	7	7	11	4
TCGA-AR-A255-01	16	12	0	8	1	0	8	12	0	6	26
TCGA-AR-A256-01	9	11	33	5	23	82	13	9	12	7	20
TCGA-AR-A2LE-01	82	130	118	2	0	0	0	45	0	10	7
TCGA-AR-A2LH-01	8	17	24	4	0	0	1	8	0	9	0
TCGA-AR-A2LK-01	0	4	5	16	2	1	5	0	9	6	0
TCGA-AR-A2LL-01	0	0	2	7	0	0	0	1	21	0	6
TCGA-AR-A2LM-01	0	0	1	0	0	3	2	5	6	0	0
TCGA-AR-A2LN-01	2	10	10	5	0	0	2	8	0	17	0
TCGA-AR-A2LO-01	1	2	1	4	0	3	0	2	1	3	0
TCGA-AR-A2LQ-01	0	0	0	5	0	1	2	0	3	1	1
TCGA-AR-A2LR-01	2	1	1	9	18	5	0	7	10	8	9
TCGA-AR-A5QM-01	0	0	0	7	1	1	2	4	11	8	2
TCGA-AR-A5QN-01	0	4	0	16	11	0	4	6	0	8	0
TCGA-AR-A5QP-01	0	3	0	5	2	0	4	3	11	4	2
TCGA-AR-A5QQ-01	6	4	8	9	16	27	15	0	1	0	10
TCGA-B6-A0I1-01	1	5	3	5	0	10	0	7	49	0	0
TCGA-B6-A0IH-01	0	1	0	11	11	0	3	6	0	9	0
TCGA-B6-A0RH-01	5	8	5	1	0	1	0	1	24	0	0
TCGA-B6-A0RL-01	5	13	0	19	12	5	3	5	1	0	6
TCGA-B6-A0RM-01	0	6	0	8	10	0	1	2	5	4	0
TCGA-B6-A0RN-01	0	2	1	10	8	1	3	2	6	0	0
TCGA-B6-A0RO-01	1	2	0	1	12	8	5	13	0	1	0
TCGA-B6-A0RP-01	0	0	1	7	3	0	3	0	0	14	2
TCGA-B6-A0RQ-01	1	10	15	6	1	0	6	4	5	5	3
TCGA-B6-A0RT-01	13	1	13	8	1	19	5	2	0	0	10
TCGA-B6-A0RU-01	1	4	4	8	1	8	11	13	0	0	8
TCGA-B6-A0RV-01	17	23	8	3	0	0	0	1	15	0	0
TCGA-B6-A0WS-01	1	2	1	2	0	0	7	0	1	0	4
TCGA-B6-A0WT-01	0	0	1	6	0	0	6	6	0	0	3
TCGA-B6-A0WV-01	4	0	1	1	11	0	1	0	11	8	0
TCGA-B6-A0WW-01	3	7	3	10	0	5	5	5	0	0	9
TCGA-B6-A0WX-01	2	0	0	8	4	4	6	6	8	0	7
TCGA-B6-A0WY-01	2	4	0	5	13	2	3	6	0	0	0
TCGA-B6-A0WZ-01	15	39	23	3	4	0	0	6	0	5	0
TCGA-B6-A0X0-01	0	2	1	3	0	0	0	4	6	0	9
TCGA-B6-A0X1-01	12	2	9	2	9	18	13	13	1	13	0
TCGA-B6-A0X4-01	0	0	0	3	0	0	0	11	0	2	6
TCGA-B6-A0X5-01	2	3	0	0	0	0	8	16	0	0	19
TCGA-B6-A0X7-01	1	3	2	4	4	0	0	3	6	0	0
TCGA-B6-A1KN-01	3	2	2	9	8	0	7	0	5	16	20
TCGA-B6-A2IU-01	1	11	0	9	4	0	5	15	0	9	0
TCGA-B6-A401-01	1	0	0	6	10	0	0	4	2	5	0
TCGA-B6-A409-01	3	3	3	11	3	4	3	4	12	7	3
TCGA-B6-A40B-01	3	10	4	10	5	6	4	0	0	22	2
TCGA-B6-A40C-01	1	3	2	13	0	0	0	0	27	0	8
TCGA-BH-A0AU-01	1	1	2	4	8	0	0	0	5	1	1
TCGA-BH-A0AV-01	10	3	2	0	17	24	8	4	1	18	0
TCGA-BH-A0AY-01	1	4	1	5	0	2	0	11	13	0	9
TCGA-BH-A0AZ-01	7	11	2	1	6	14	5	0	1	9	14
TCGA-BH-A0B0-01	17	36	19	4	0	0	0	23	0	0	0
TCGA-BH-A0B3-01	1	1	0	5	0	7	0	1	0	0	3
TCGA-BH-A0B6-01	388	425	277	10	0	0	0	103	0	87	0
TCGA-BH-A0B7-01	6	3	0	10	0	5	2	12	0	4	0
TCGA-BH-A0B8-01	0	3	7	0	14	0	0	1	6	0	3
TCGA-BH-A0BA-01	3	4	0	3	7	2	2	1	5	2	0
TCGA-BH-A0BC-01	3	7	6	8	2	0	0	4	15	0	0
TCGA-BH-A0BF-01	7	1	0	5	6	3	3	4	4	0	0
TCGA-BH-A0BG-01	4	6	0	6	8	19	2	0	0	0	0
TCGA-BH-A0BJ-01	0	0	2	0	3	0	1	2	6	0	3
TCGA-BH-A0BL-01	3	0	0	9	0	22	0	6	13	0	16
TCGA-BH-A0BM-01	0	3	0	2	0	0	1	0	0	5	8
TCGA-BH-A0BO-01	3	0	3	4	2	0	11	4	2	2	0
TCGA-BH-A0BP-01	31	15	2	26	11	24	1	30	7	33	16
TCGA-BH-A0BQ-01	0	3	0	7	7	0	0	4	3	0	6
TCGA-BH-A0BS-01	0	1	0	4	0	6	3	0	4	5	0
TCGA-BH-A0BT-01	1	4	5	11	3	4	7	5	0	6	2
TCGA-BH-A0BV-01	1	2	0	2	0	0	0	1	5	13	0
TCGA-BH-A0BW-01	5	9	5	4	21	18	13	5	19	1	3
TCGA-BH-A0BZ-01	31	11	2	12	51	89	16	3	6	25	50
TCGA-BH-A0C0-01	1	3	2	4	4	13	10	4	0	6	1
TCGA-BH-A0C1-01	0	7	0	11	31	0	0	0	1	0	0
TCGA-BH-A0C3-01	0	0	0	0	0	0	4	2	12	0	0
TCGA-BH-A0C7-01	3	1	0	8	14	0	0	3	26	3	0
TCGA-BH-A0DD-01	3	3	1	12	4	0	5	5	4	0	0
TCGA-BH-A0DE-01	0	2	3	0	2	3	0	1	13	6	3
TCGA-BH-A0DG-01	8	4	0	0	8	0	4	17	0	0	6
TCGA-BH-A0DH-01	2	10	0	13	4	0	3	5	6	9	0
TCGA-BH-A0DI-01	9	9	5	11	0	10	2	0	4	11	1
TCGA-BH-A0DK-01	2	3	2	6	0	3	5	0	9	3	20
TCGA-BH-A0DL-01	4	13	0	18	16	0	6	2	0	2	4
TCGA-BH-A0DO-01	3	3	0	3	8	2	2	9	0	0	0
TCGA-BH-A0DP-01	0	3	3	2	0	8	2	1	0	0	0
TCGA-BH-A0DQ-01	2	1	0	10	13	0	2	0	0	4	3
TCGA-BH-A0DT-01	0	3	0	2	2	2	0	0	5	1	0
TCGA-BH-A0DV-01	0	3	0	0	6	0	0	0	0	6	0
TCGA-BH-A0DX-01	13	25	1	5	0	0	0	6	19	4	4
TCGA-BH-A0DZ-01	81	59	55	1	0	0	0	21	0	0	0
TCGA-BH-A0E0-01	1	0	1	9	0	4	0	4	4	1	0
TCGA-BH-A0E1-01	3	1	0	1	0	0	0	4	10	0	0
TCGA-BH-A0E9-01	0	1	0	12	2	4	2	0	0	7	0
TCGA-BH-A0EA-01	1	2	0	3	13	0	0	5	3	5	0
TCGA-BH-A0EI-01	0	0	4	7	2	2	4	1	2	0	2
TCGA-BH-A0H3-01	0	1	0	0	0	0	0	0	10	6	0
TCGA-BH-A0H5-01	45	49	37	0	0	0	0	25	0	9	4
TCGA-BH-A0H7-01	2	1	1	1	0	0	2	1	8	0	1
TCGA-BH-A0H9-01	0	3	0	1	0	5	3	2	2	7	0
TCGA-BH-A0HA-01	11	17	13	86	74	0	125	4	52	0	0
TCGA-BH-A0HI-01	1	5	1	7	0	0	1	2	8	1	9
TCGA-BH-A0HK-01	5	18	15	8	7	0	0	7	2	1	0
TCGA-BH-A0HN-01	0	3	5	8	0	3	0	8	6	0	1
TCGA-BH-A0HP-01	107	104	128	7	0	0	0	11	0	0	0
TCGA-BH-A0RX-01	2	3	0	21	0	4	4	11	4	0	0
TCGA-BH-A0W3-01	2	2	0	4	0	6	2	0	3	0	4
TCGA-BH-A0W4-01	3	4	0	2	0	1	4	12	7	6	0
TCGA-BH-A0W5-01	0	0	1	9	1	3	5	3	1	0	6
TCGA-BH-A0W7-01	94	90	56	2	0	0	5	14	0	0	0
TCGA-BH-A0WA-01	5	9	13	5	3	38	9	0	9	15	7
TCGA-BH-A18F-01	0	12	11	6	0	0	0	11	20	0	7
TCGA-BH-A18G-01	6	12	0	359	616	0	632	34	9	0	0
TCGA-BH-A18H-01	3	5	8	1	14	0	5	3	4	11	0
TCGA-BH-A18I-01	2	3	2	14	0	0	1	7	0	0	2
TCGA-BH-A18J-01	27	45	5	6	10	1	7	0	0	0	10
TCGA-BH-A18K-01	11	12	1	4	0	8	6	8	0	18	0
TCGA-BH-A18L-01	4	0	0	19	5	2	6	5	6	11	7
TCGA-BH-A18M-01	2	2	3	6	0	1	0	1	0	3	0
TCGA-BH-A18N-01	1	0	1	12	0	5	12	2	10	0	0
TCGA-BH-A18P-01	128	141	70	9	0	0	0	51	0	39	0
TCGA-BH-A18Q-01	6	1	9	0	22	31	2	1	14	9	12
TCGA-BH-A18R-01	0	3	9	0	0	13	3	0	10	0	4
TCGA-BH-A18S-01	3	0	0	1	6	2	9	6	1	2	7
TCGA-BH-A18T-01	10	5	3	4	24	39	3	4	4	5	1
TCGA-BH-A18U-01	23	42	28	21	11	15	10	4	20	0	4
TCGA-BH-A18V-01	54	21	41	0	0	64	14	1	8	12	35
TCGA-BH-A1EO-01	0	6	0	22	0	6	0	5	10	0	1
TCGA-BH-A1ET-01	0	1	0	7	6	3	4	1	2	0	9
TCGA-BH-A1EU-01	0	0	6	1	0	0	6	0	21	0	0
TCGA-BH-A1EV-01	27	23	19	17	0	6	7	21	0	9	0
TCGA-BH-A1EW-01	0	2	5	1	1	0	2	4	2	4	0
TCGA-BH-A1EX-01	0	0	1	6	0	6	7	13	2	0	0
TCGA-BH-A1EY-01	8	3	5	7	3	5	7	11	5	1	0
TCGA-BH-A1F0-01	13	0	18	7	0	9	6	8	4	18	12
TCGA-BH-A1F2-01	4	8	11	22	3	3	4	1	0	3	12
TCGA-BH-A1F5-01	0	4	3	10	0	4	0	7	8	1	7
TCGA-BH-A1F6-01	3	3	4	11	13	7	3	0	6	3	0
TCGA-BH-A1F8-01	38	64	35	12	0	0	1	12	8	2	20
TCGA-BH-A1FC-01	20	14	4	13	18	12	7	7	22	5	8
TCGA-BH-A1FE-01	0	3	5	3	5	0	0	4	0	0	6
TCGA-BH-A1FG-01	0	0	4	4	5	0	1	1	6	0	0
TCGA-BH-A1FH-01	0	2	4	3	0	0	0	0	19	5	0
TCGA-BH-A1FJ-01	0	2	7	9	4	0	0	0	20	3	0
TCGA-BH-A1FL-01	0	2	2	6	2	0	4	4	0	4	2
TCGA-BH-A1FM-01	7	9	5	12	3	2	0	15	9	0	0
TCGA-BH-A1FN-01	40	33	0	4	7	20	5	0	6	13	18
TCGA-BH-A1FR-01	1	0	1	4	1	7	2	1	0	0	0
TCGA-BH-A1FU-01	13	3	7	5	13	13	24	14	9	8	9
TCGA-BH-A201-01	0	2	3	2	0	0	10	3	0	0	7
TCGA-BH-A202-01	0	3	0	6	0	6	3	0	1	0	9
TCGA-BH-A203-01	12	11	0	23	9	2	3	19	19	1	0
TCGA-BH-A204-01	5	2	0	7	9	1	3	6	5	7	7
TCGA-BH-A208-01	18	14	4	10	0	7	2	5	7	15	0
TCGA-BH-A209-01	45	26	28	3	0	0	0	13	0	4	0
TCGA-BH-A28Q-01	1	2	1	11	10	1	0	0	0	0	0
TCGA-BH-A2L8-01	221	233	89	2	0	0	0	29	0	54	0
TCGA-BH-A42U-01	3	8	0	0	0	0	0	6	7	8	0
TCGA-BH-A42V-01	15	19	3	4	0	0	0	9	5	0	0
TCGA-BH-A5IZ-01	3	4	11	9	0	17	5	0	16	19	12
TCGA-BH-A5J0-01	7	30	24	11	5	0	6	17	0	0	2
TCGA-BH-A6R8-01	1	2	6	7	4	0	1	4	12	0	0
TCGA-BH-A6R9-01	0	0	0	4	0	6	1	5	0	5	4
TCGA-BH-A8FY-01	4	2	5	3	10	8	2	0	3	19	0
TCGA-BH-A8FZ-01	6	8	0	10	19	21	13	2	1	0	11
TCGA-BH-A8G0-01	0	0	2	7	0	0	4	4	0	0	0
TCGA-BH-AB28-01	0	5	0	11	17	0	3	2	0	5	0
TCGA-C8-A12K-01	46	11	7	4	8	45	11	0	18	11	12
TCGA-C8-A12L-01	5	3	0	3	33	21	0	6	12	3	3
TCGA-C8-A12M-01	2	0	0	14	13	8	5	19	9	12	0
TCGA-C8-A12N-01	3	1	0	7	0	2	4	0	4	0	6
TCGA-C8-A12O-01	1	2	3	16	0	1	0	6	16	2	2
TCGA-C8-A12P-01	49	43	26	19	4	5	11	23	3	4	15
TCGA-C8-A12Q-01	27	32	23	5	0	0	9	25	0	9	9
TCGA-C8-A12T-01	78	59	24	6	2	0	0	8	19	15	3
TCGA-C8-A12U-01	5	4	1	20	4	11	0	0	8	3	5
TCGA-C8-A12V-01	3	1	3	0	13	8	4	3	17	0	0
TCGA-C8-A12W-01	4	1	0	26	0	4	3	12	27	0	0
TCGA-C8-A12X-01	1	0	5	24	2	4	7	6	0	14	2
TCGA-C8-A12Y-01	0	1	2	14	17	0	9	0	3	0	0
TCGA-C8-A12Z-01	9	7	7	13	0	2	3	3	0	17	0
TCGA-C8-A130-01	4	3	0	18	0	0	7	10	12	0	0
TCGA-C8-A131-01	0	7	2	7	19	3	4	17	0	10	5
TCGA-C8-A132-01	19	7	11	2	6	8	0	0	28	3	0
TCGA-C8-A133-01	0	4	0	0	0	2	4	4	4	8	7
TCGA-C8-A134-01	7	1	0	2	10	40	7	3	15	0	32
TCGA-C8-A135-01	5	4	0	22	20	0	5	7	8	0	6
TCGA-C8-A137-01	10	6	11	2	0	0	0	13	18	2	0
TCGA-C8-A138-01	0	0	0	10	0	0	3	2	7	15	15
TCGA-C8-A1HE-01	8	17	2	7	0	3	3	4	1	9	0
TCGA-C8-A1HF-01	5	7	4	5	4	2	3	3	1	4	1
TCGA-C8-A1HG-01	3	3	5	24	0	10	10	6	0	8	0
TCGA-C8-A1HI-01	7	7	3	5	11	0	0	0	39	0	0
TCGA-C8-A1HJ-01	12	2	2	8	15	51	16	2	4	0	12
TCGA-C8-A1HK-01	22	5	0	7	14	4	3	13	0	0	5
TCGA-C8-A1HL-01	0	0	2	7	14	0	2	1	0	5	6
TCGA-C8-A1HM-01	185	86	90	18	4	0	4	27	0	21	13
TCGA-C8-A1HN-01	1	3	2	17	0	8	5	0	13	11	10
TCGA-C8-A1HO-01	2	7	6	3	4	0	1	1	13	0	12
TCGA-C8-A26V-01	30	18	0	11	1	6	9	15	0	2	4
TCGA-C8-A26W-01	9	12	11	4	0	2	6	14	1	10	0
TCGA-C8-A26X-01	2	3	2	20	0	13	6	8	0	8	13
TCGA-C8-A26Y-01	292	269	136	3	0	0	20	53	0	32	111
TCGA-C8-A26Z-01	0	1	0	17	0	11	0	4	0	10	6
TCGA-C8-A273-01	1	0	0	3	1	2	0	3	10	0	4
TCGA-C8-A274-01	78	107	17	13	28	3	7	16	0	0	12
TCGA-C8-A275-01	44	25	26	6	1	0	1	16	0	23	0
TCGA-C8-A278-01	5	6	4	6	2	6	1	7	15	0	1
TCGA-C8-A27A-01	3	5	0	5	0	1	1	9	2	1	13
TCGA-C8-A27B-01	63	6	7	4	9	43	10	9	0	6	5
TCGA-C8-A3M7-01	21	73	68	21	0	0	4	28	0	4	2
TCGA-C8-A3M8-01	5	3	8	7	9	5	9	3	13	0	0
TCGA-C8-A8HP-01	83	79	51	9	7	0	0	43	0	0	1
TCGA-C8-A8HQ-01	111	124	50	16	0	0	0	60	11	0	0
TCGA-C8-A8HR-01	2	1	3	14	0	12	13	3	0	12	0
TCGA-C8-A9FZ-01	3	1	0	10	9	2	1	0	1	2	0
TCGA-D8-A13Y-01	6	9	13	9	0	7	12	3	5	17	1
TCGA-D8-A13Z-01	13	2	4	21	10	35	0	7	0	0	11
TCGA-D8-A140-01	0	18	19	16	36	0	4	6	15	16	4
TCGA-D8-A141-01	0	0	0	7	0	4	0	1	0	7	2
TCGA-D8-A142-01	11	0	16	28	0	27	7	10	46	16	5
TCGA-D8-A143-01	2	2	0	11	7	18	0	0	9	11	1
TCGA-D8-A145-01	3	1	1	13	10	6	6	0	5	2	0
TCGA-D8-A146-01	0	4	5	7	4	0	8	9	2	2	0
TCGA-D8-A147-01	39	11	21	0	12	58	8	12	16	21	2
TCGA-D8-A1J8-01	200	197	138	62	193	0	65	82	0	24	0
TCGA-D8-A1J9-01	83	83	33	0	0	0	1	48	0	7	23
TCGA-D8-A1JB-01	4	4	0	4	5	14	5	3	3	13	8
TCGA-D8-A1JC-01	24	23	27	3	0	0	0	15	28	2	0
TCGA-D8-A1JD-01	14	9	3	0	42	22	0	8	13	0	11
TCGA-D8-A1JE-01	1	2	0	5	8	0	2	0	16	0	6
TCGA-D8-A1JF-01	3	3	0	5	22	0	1	3	12	0	0
TCGA-D8-A1JG-01	8	4	0	18	0	0	2	39	6	0	92
TCGA-D8-A1JH-01	0	2	2	4	2	2	4	2	4	0	2
TCGA-D8-A1JI-01	0	0	6	0	14	0	3	3	9	7	0
TCGA-D8-A1JJ-01	14	26	8	11	13	0	6	15	3	2	0
TCGA-D8-A1JK-01	8	15	23	4	44	23	33	9	14	26	50
TCGA-D8-A1JL-01	9	2	6	0	16	28	17	10	20	10	9
TCGA-D8-A1JM-01	2	1	0	9	0	6	1	9	10	7	8
TCGA-D8-A1JN-01	35	67	36	10	0	0	0	44	0	1	15
TCGA-D8-A1JP-01	7	0	22	0	12	41	16	4	10	10	13
TCGA-D8-A1JS-01	0	2	1	4	0	0	3	0	7	9	3
TCGA-D8-A1JT-01	0	0	0	9	6	6	0	0	12	8	0
TCGA-D8-A1JU-01	0	1	0	3	0	1	4	1	10	0	0
TCGA-D8-A1X5-01	4	3	1	15	0	0	9	1	5	3	25
TCGA-D8-A1X6-01	0	3	0	16	4	9	2	0	0	0	8
TCGA-D8-A1X7-01	1	0	4	2	2	0	0	5	8	10	0
TCGA-D8-A1X9-01	8	2	0	0	23	9	9	0	20	0	31
TCGA-D8-A1XA-01	0	0	5	6	0	2	5	4	2	0	4
TCGA-D8-A1XB-01	2	6	0	13	11	0	6	8	2	0	2
TCGA-D8-A1XC-01	0	0	7	12	8	0	2	0	0	0	5
TCGA-D8-A1XF-01	3	0	5	16	10	0	0	14	0	0	3
TCGA-D8-A1XG-01	0	1	0	0	18	0	4	4	0	0	0
TCGA-D8-A1XK-01	10	4	4	74	0	30	1009	11	129	0	29
TCGA-D8-A1XL-01	6	4	0	5	6	33	16	9	12	0	19
TCGA-D8-A1XM-01	3	10	14	7	0	0	0	13	13	0	4
TCGA-D8-A1XO-01	5	6	0	4	6	0	0	0	7	0	1
TCGA-D8-A1XQ-01	29	19	2	145	203	62	385	43	120	9	14
TCGA-D8-A1XR-01	0	2	4	7	13	0	5	1	0	0	0
TCGA-D8-A1XS-01	1	3	1	3	4	0	0	10	3	0	1
TCGA-D8-A1XT-01	1	2	8	12	0	7	3	2	0	7	3
TCGA-D8-A1XU-01	2	9	0	5	1	7	2	0	0	9	0
TCGA-D8-A1XV-01	3	1	1	8	0	1	1	0	18	1	2
TCGA-D8-A1XW-01	9	7	2	4	2	45	11	5	28	9	0
TCGA-D8-A1XY-01	0	5	6	25	7	2	2	1	2	4	5
TCGA-D8-A1XZ-01	8	0	6	28	19	6	0	10	18	0	1
TCGA-D8-A1Y0-01	9	4	3	3	3	11	7	2	15	12	12
TCGA-D8-A1Y1-01	1	16	7	105	1	0	15	0	88	0	0
TCGA-D8-A1Y2-01	3	6	0	5	0	0	0	2	6	0	0
TCGA-D8-A1Y3-01	0	3	0	28	0	17	5	5	8	0	1
TCGA-D8-A27E-01	0	0	3	1	2	3	0	2	0	0	0
TCGA-D8-A27F-01	10	2	0	0	6	14	4	1	18	2	13
TCGA-D8-A27G-01	414	419	188	0	0	0	0	90	0	63	2
TCGA-D8-A27H-01	43	10	8	4	0	60	9	0	19	7	0
TCGA-D8-A27I-01	4	4	0	4	6	1	0	2	15	0	0
TCGA-D8-A27K-01	2	0	0	7	0	1	2	1	6	0	2
TCGA-D8-A27L-01	2	10	17	7	0	0	0	8	0	9	0
TCGA-D8-A27M-01	10	2	5	7	7	22	4	9	0	0	24
TCGA-D8-A27N-01	1	2	4	19	4	2	4	7	8	2	7
TCGA-D8-A27P-01	0	2	1	7	10	0	4	1	0	5	0
TCGA-D8-A27R-01	4	1	0	2	11	6	0	8	1	2	0
TCGA-D8-A27T-01	0	4	5	14	3	1	4	0	0	0	0
TCGA-D8-A27V-01	65	52	45	4	0	0	2	33	0	31	3
TCGA-D8-A27W-01	2	2	2	24	5	0	2	4	11	0	3
TCGA-D8-A3Z6-01	2	6	0	10	8	0	6	0	0	2	3
TCGA-D8-A4Z1-01	6	18	0	2	0	0	0	11	0	7	2
TCGA-D8-A73U-01	26	84	57	12	0	0	6	6	2	14	0
TCGA-D8-A73W-01	2	3	0	19	23	0	2	0	0	2	1
TCGA-D8-A73X-01	0	6	0	11	1	1	8	6	18	0	1
TCGA-E2-A105-01	0	5	13	14	5	12	8	0	4	2	4
TCGA-E2-A107-01	0	6	0	5	0	0	5	5	11	1	3
TCGA-E2-A108-01	66	47	22	3	0	13	9	3	17	0	6
TCGA-E2-A109-01	0	0	11	17	18	11	6	4	0	2	15
TCGA-E2-A10A-01	3	5	4	3	9	0	1	0	0	2	1
TCGA-E2-A10B-01	10	16	12	7	3	3	10	6	5	1	0
TCGA-E2-A10C-01	157	198	101	0	0	0	0	54	0	9	0
TCGA-E2-A10F-01	2	3	0	9	0	0	3	3	2	5	3
TCGA-E2-A14N-01	15	7	0	6	5	37	6	13	4	12	4
TCGA-E2-A14O-01	0	1	0	13	0	0	0	14	0	0	8
TCGA-E2-A14P-01	6	15	12	24	0	0	9	15	3	14	14
TCGA-E2-A14Q-01	2	5	0	13	0	0	5	0	2	5	8
TCGA-E2-A14R-01	13	0	14	2	22	35	13	9	18	0	17
TCGA-E2-A14T-01	4	4	0	6	8	0	3	7	11	0	0
TCGA-E2-A14V-01	32	19	10	16	0	10	5	22	26	1	0
TCGA-E2-A14W-01	10	0	9	4	9	34	6	10	0	20	0
TCGA-E2-A14X-01	2	5	2	13	4	0	0	6	5	0	0
TCGA-E2-A14Y-01	12	13	7	7	1	5	2	0	3	0	0
TCGA-E2-A14Z-01	4	19	14	7	0	13	1	13	8	2	14
TCGA-E2-A150-01	4	4	0	14	24	7	5	7	2	0	24
TCGA-E2-A152-01	43	37	42	0	5	0	0	39	4	0	1
TCGA-E2-A153-01	0	6	0	8	0	0	1	1	7	3	0
TCGA-E2-A154-01	2	1	0	11	4	1	0	12	12	0	15
TCGA-E2-A155-01	5	11	0	16	14	4	6	6	0	7	12
TCGA-E2-A156-01	0	3	7	3	3	0	2	0	5	0	2
TCGA-E2-A158-01	6	0	3	2	13	38	3	6	21	0	5
TCGA-E2-A159-01	56	48	59	13	0	5	3	0	0	17	0
TCGA-E2-A15A-01	1	2	10	9	10	0	1	0	8	1	20
TCGA-E2-A15C-01	0	2	3	18	14	2	2	1	0	8	0
TCGA-E2-A15D-01	1	0	0	8	5	0	5	2	7	0	6
TCGA-E2-A15E-01	5	1	0	7	0	3	9	0	11	1	3
TCGA-E2-A15F-01	1	0	0	8	0	2	2	0	4	11	0
TCGA-E2-A15G-01	0	8	0	9	0	8	8	10	20	10	0
TCGA-E2-A15H-01	1	0	1	10	8	0	2	2	0	9	0
TCGA-E2-A15I-01	0	4	5	14	0	1	0	0	9	3	7
TCGA-E2-A15J-01	0	0	2	6	3	2	2	0	0	4	3
TCGA-E2-A15K-01	2	0	2	12	2	0	2	2	7	20	4
TCGA-E2-A15L-01	3	0	1	9	0	0	4	3	11	2	1
TCGA-E2-A15M-01	11	15	12	25	5	11	7	1	0	10	11
TCGA-E2-A15O-01	0	2	1	3	4	0	0	3	21	0	0
TCGA-E2-A15P-01	0	1	0	9	0	0	6	0	0	12	0
TCGA-E2-A15R-01	1	3	1	16	0	1	0	10	0	14	1
TCGA-E2-A15S-01	4	8	0	0	11	11	7	0	23	4	0
TCGA-E2-A15T-01	2	1	0	7	0	0	1	2	22	5	0
TCGA-E2-A1AZ-01	15	6	9	2	13	5	6	22	0	0	1
TCGA-E2-A1B0-01	4	4	0	13	0	0	14	16	0	7	2
TCGA-E2-A1B1-01	12	10	19	8	0	0	0	0	7	10	0
TCGA-E2-A1B4-01	0	4	10	2	16	0	0	8	0	2	0
TCGA-E2-A1B5-01	7	13	0	9	1	0	3	9	2	2	0
TCGA-E2-A1B6-01	3	1	0	6	13	21	0	0	12	0	0
TCGA-E2-A1BC-01	2	0	4	7	13	2	2	0	0	9	2
TCGA-E2-A1BD-01	1	0	1	17	0	2	2	5	6	0	9
TCGA-E2-A1IE-01	0	0	0	6	9	5	1	2	4	3	0
TCGA-E2-A1IF-01	0	0	0	2	2	0	6	2	9	0	3
TCGA-E2-A1IG-01	0	5	9	5	0	2	0	13	19	2	2
TCGA-E2-A1IH-01	16	13	8	6	0	0	12	2	13	10	5
TCGA-E2-A1II-01	2	0	0	10	0	14	4	0	3	0	1
TCGA-E2-A1IJ-01	0	0	0	3	0	0	0	0	10	1	4
TCGA-E2-A1IK-01	2	0	0	1	0	0	2	8	4	0	0
TCGA-E2-A1IL-01	0	0	0	7	1	5	2	6	0	5	5
TCGA-E2-A1IN-01	85	72	32	12	15	15	7	10	0	0	0
TCGA-E2-A1IO-01	0	1	0	5	0	0	0	3	7	0	0
TCGA-E2-A1IU-01	1	4	0	2	2	8	0	14	0	0	0
TCGA-E2-A1L6-01	0	1	0	2	6	3	4	12	0	0	0
TCGA-E2-A1L7-01	3	2	4	0	0	12	7	0	34	2	17
TCGA-E2-A1L8-01	3	3	0	2	0	0	4	0	16	10	0
TCGA-E2-A1L9-01	0	3	0	6	2	8	3	3	0	2	1
TCGA-E2-A1LA-01	7	2	3	9	6	49	19	3	0	8	1
TCGA-E2-A1LB-01	6	7	22	2	3	0	2	2	8	0	3
TCGA-E2-A1LG-01	87	32	54	4	0	0	0	25	0	17	0
TCGA-E2-A1LH-01	39	11	22	9	0	72	20	4	16	2	36
TCGA-E2-A1LI-01	7	4	0	1	3	10	1	5	2	2	2
TCGA-E2-A1LK-01	4	0	0	30	3	0	4	13	0	0	0
TCGA-E2-A1LL-01	7	0	0	9	10	18	5	1	6	0	5
TCGA-E2-A2P6-01	28	63	39	17	11	0	3	25	0	0	0
TCGA-E2-A56Z-01	0	2	0	5	17	0	4	7	20	5	0
TCGA-E2-A570-01	1	0	0	9	0	4	1	1	0	14	0
TCGA-E2-A572-01	1	1	3	6	0	0	2	0	16	0	0
TCGA-E2-A573-01	3	1	8	11	18	13	7	3	0	0	8
TCGA-E2-A574-01	25	24	20	21	0	11	5	26	0	24	0
TCGA-E2-A576-01	2	0	0	17	13	2	0	7	15	14	0
TCGA-E2-A9RU-01	6	6	22	32	0	0	10	15	0	0	16
TCGA-E9-A1N3-01	2	1	0	0	13	0	1	0	7	0	7
TCGA-E9-A1N4-01	5	2	5	2	0	0	1	7	12	0	0
TCGA-E9-A1N5-01	6	8	0	0	12	3	5	0	5	0	0
TCGA-E9-A1N8-01	7	2	0	0	0	0	8	11	0	0	8
TCGA-E9-A1N9-01	1	8	0	17	0	22	7	1	0	0	10
TCGA-E9-A1NA-01	13	5	6	8	3	16	3	9	2	32	20
TCGA-E9-A1NE-01	3	4	0	3	12	23	1	0	0	3	13
TCGA-E9-A1NF-01	3	16	0	5	3	0	1	10	5	18	0
TCGA-E9-A1NG-01	0	1	0	3	6	1	0	1	8	0	1
TCGA-E9-A1NH-01	0	1	4	5	0	0	6	0	18	0	3
TCGA-E9-A1QZ-01	0	0	0	2	4	1	3	2	6	0	5
TCGA-E9-A1R0-01	4	3	5	11	1	0	0	8	0	3	0
TCGA-E9-A1R2-01	14	1	0	3	5	13	12	4	7	1	6
TCGA-E9-A1R3-01	0	3	0	5	0	7	4	4	2	0	0
TCGA-E9-A1R4-01	21	37	51	11	3	0	6	6	0	0	18
TCGA-E9-A1R5-01	1	3	1	4	0	2	2	4	31	3	0
TCGA-E9-A1R6-01	1	0	2	9	0	4	2	10	2	0	6
TCGA-E9-A1R7-01	3	8	1	8	13	7	3	0	0	15	5
TCGA-E9-A1RA-01	0	5	0	4	0	1	1	1	4	5	4
TCGA-E9-A1RB-01	0	0	1	8	7	6	9	1	0	0	6
TCGA-E9-A1RC-01	1	0	1	14	1	6	9	9	8	5	1
TCGA-E9-A1RD-01	1	4	2	6	4	4	0	0	0	2	0
TCGA-E9-A1RE-01	1	2	2	18	24	0	3	6	7	3	0
TCGA-E9-A1RF-01	15	4	11	17	26	46	0	7	19	5	20
TCGA-E9-A1RG-01	4	3	4	4	0	7	4	1	9	5	0
TCGA-E9-A1RH-01	9	6	1	17	8	20	8	10	5	11	16
TCGA-E9-A1RI-01	0	4	0	4	4	0	0	0	6	3	8
TCGA-E9-A226-01	21	12	17	9	0	0	2	16	0	2	0
TCGA-E9-A227-01	1	0	7	2	0	7	0	1	0	1	0
TCGA-E9-A228-01	4	5	9	22	0	3	2	0	0	7	0
TCGA-E9-A229-01	5	1	3	8	3	4	2	0	0	0	4
TCGA-E9-A22A-01	3	3	6	3	0	11	0	0	10	0	0
TCGA-E9-A22B-01	3	7	10	15	0	5	4	6	16	7	3
TCGA-E9-A22D-01	3	2	1	11	1	0	0	11	11	0	0
TCGA-E9-A22E-01	20	8	23	7	3	36	5	0	24	6	12
TCGA-E9-A22G-01	8	1	0	4	5	34	31	5	0	7	22
TCGA-E9-A22H-01	0	2	1	12	0	5	3	3	0	0	0
TCGA-E9-A243-01	10	4	10	1	8	20	11	2	14	5	4
TCGA-E9-A244-01	4	4	0	14	22	25	7	0	23	0	22
TCGA-E9-A245-01	0	0	3	0	0	0	2	3	5	0	10
TCGA-E9-A247-01	1	0	1	23	14	3	3	2	0	0	0
TCGA-E9-A248-01	1	5	0	11	4	0	2	0	0	1	4
TCGA-E9-A249-01	0	1	0	8	8	0	2	3	2	0	1
TCGA-E9-A24A-01	0	0	0	6	0	0	0	5	0	0	11
TCGA-E9-A295-01	1	1	7	23	0	0	0	4	27	0	46
TCGA-E9-A2JS-01	0	3	0	39	0	4	5	13	0	1	24
TCGA-E9-A2JT-01	11	13	0	0	0	0	0	0	0	0	4
TCGA-E9-A3HO-01	6	2	0	0	15	21	3	5	12	8	0
TCGA-E9-A3QA-01	14	8	1	1	1	18	0	3	8	8	0
TCGA-E9-A3X8-01	5	1	3	7	4	6	0	0	1	10	0
TCGA-E9-A54Y-01	0	12	16	17	0	0	4	1	0	1	7
TCGA-E9-A5FK-01	1	2	1	6	6	3	1	0	7	8	4
TCGA-E9-A5FL-01	17	6	6	7	32	25	12	13	0	0	15
TCGA-E9-A5UO-01	0	0	5	10	9	3	1	0	7	1	2
TCGA-E9-A6HE-01	0	0	4	8	6	0	1	3	0	0	0
TCGA-EW-A1IW-01	24	43	0	21	0	22	3	0	0	3	11
TCGA-EW-A1IX-01	13	9	7	0	8	0	0	0	0	5	0
TCGA-EW-A1IY-01	1	8	7	0	0	0	3	15	0	4	0
TCGA-EW-A1IZ-01	0	7	0	118	132	0	101	41	36	0	0
TCGA-EW-A1J1-01	0	0	0	8	2	4	0	4	0	3	2
TCGA-EW-A1J3-01	0	0	11	5	0	5	5	0	1	2	1
TCGA-EW-A1J5-01	162	215	125	5	0	0	0	29	2	2	0
TCGA-EW-A1J6-01	0	3	0	7	0	9	0	0	19	1	5
TCGA-EW-A1OV-01	30	59	17	6	3	3	0	13	9	0	0
TCGA-EW-A1OX-01	3	2	3	2	9	0	0	2	0	0	0
TCGA-EW-A1OZ-01	4	6	1	24	0	10	6	5	0	12	8
TCGA-EW-A1P0-01	1	0	1	0	7	3	4	2	8	0	2
TCGA-EW-A1P1-01	0	0	0	0	0	0	0	0	3	0	0
TCGA-EW-A1P3-01	0	2	4	7	0	2	1	1	6	5	0
TCGA-EW-A1P4-01	10	0	0	3	18	13	5	7	21	0	0
TCGA-EW-A1P5-01	1	0	0	11	5	0	0	0	0	0	3
TCGA-EW-A1P6-01	0	0	4	3	0	0	1	0	15	3	0
TCGA-EW-A1P7-01	0	0	0	0	10	9	0	0	0	0	0
TCGA-EW-A1P8-01	0	0	3	5	5	10	4	4	0	8	0
TCGA-EW-A1PA-01	3	2	1	4	2	8	3	15	0	3	0
TCGA-EW-A1PB-01	47	20	35	5	9	32	0	0	2	9	23
TCGA-EW-A1PD-01	11	5	3	0	11	24	6	0	0	27	6
TCGA-EW-A1PE-01	0	6	0	6	11	4	2	3	0	6	0
TCGA-EW-A1PG-01	0	0	1	1	0	0	2	7	0	0	0
TCGA-EW-A1PH-01	4	2	1	18	0	9	7	9	0	11	1
TCGA-EW-A2FR-01	8	4	3	10	0	4	1	3	4	14	3
TCGA-EW-A2FS-01	1	0	2	10	0	0	9	0	7	12	4
TCGA-EW-A2FV-01	0	1	0	0	4	0	1	12	9	5	0
TCGA-EW-A2FW-01	0	3	1	14	0	0	1	0	0	2	5
TCGA-EW-A423-01	11	9	1	21	0	10	8	5	0	23	0
TCGA-EW-A6S9-01	0	3	2	10	4	1	2	2	3	1	3
TCGA-EW-A6SA-01	8	9	1	12	34	0	3	15	14	18	9
TCGA-EW-A6SB-01	6	0	3	15	3	13	16	15	1	9	0
TCGA-EW-A6SC-01	0	7	0	3	15	0	6	0	4	4	0
TCGA-EW-A6SD-01	13	17	3	11	0	0	10	0	1	5	8
TCGA-GI-A2C8-01	16	7	0	17	19	44	8	0	9	7	21
TCGA-GM-A2D9-01	154	224	192	14	0	0	0	24	0	37	0
TCGA-GM-A2DA-01	6	3	0	6	3	0	0	7	18	0	2
TCGA-GM-A2DB-01	6	3	11	13	5	17	4	6	33	8	22
TCGA-GM-A2DC-01	0	0	2	15	0	2	0	0	7	0	1
TCGA-GM-A2DD-01	4	3	0	8	15	12	10	6	2	6	2
TCGA-GM-A2DF-01	4	1	6	12	1	10	3	4	8	4	0
TCGA-GM-A2DH-01	63	28	22	4	24	30	2	13	16	0	30
TCGA-GM-A2DI-01	27	27	1	0	0	0	0	19	4	13	0
TCGA-GM-A2DK-01	0	4	3	6	0	0	8	6	6	0	4
TCGA-GM-A2DL-01	4	6	1	7	0	0	0	5	2	7	17
TCGA-GM-A2DM-01	0	3	3	0	0	0	7	4	5	0	5
TCGA-GM-A2DN-01	0	2	1	4	0	0	1	1	1	9	0
TCGA-GM-A2DO-01	60	62	52	4	0	0	0	42	0	0	0
TCGA-GM-A3NW-01	21	15	26	16	0	0	0	4	0	13	0
TCGA-GM-A3XL-01	31	7	13	8	0	43	16	6	9	10	1
TCGA-GM-A4E0-01	0	0	1	7	6	0	0	6	13	0	1
TCGA-GM-A5PV-01	1	6	4	1	0	7	5	6	14	3	0
TCGA-GM-A5PX-01	3	5	0	10	5	3	6	4	0	2	4
TCGA-HN-A2NL-01	8	2	0	5	0	16	8	2	27	9	14
TCGA-HN-A2OB-01	1	2	0	2	4	0	0	0	10	0	0
TCGA-JL-A3YX-01	4	13	6	11	6	0	3	0	1	2	3
TCGA-LD-A66U-01	0	2	1	10	26	0	2	0	0	0	3
TCGA-LD-A74U-01	65	123	97	20	0	0	0	26	0	21	0
TCGA-LD-A7W5-01	7	7	3	13	16	0	1	6	12	0	0
TCGA-LD-A7W6-01	0	2	7	7	10	0	1	0	15	2	2
TCGA-LD-A9QF-01	2	1	0	10	0	3	0	5	15	3	0
TCGA-LL-A440-01	0	1	0	3	0	0	0	2	0	0	0
TCGA-LL-A50Y-01	0	2	5	7	2	0	5	0	22	0	0
TCGA-LL-A5YL-01	7	19	18	12	5	0	0	23	6	3	0
TCGA-LL-A5YM-01	2	0	5	7	8	0	0	0	5	13	0
TCGA-LL-A5YN-01	0	0	1	9	1	7	4	6	3	12	0
TCGA-LL-A5YO-01	10	2	5	2	7	15	6	0	2	7	5
TCGA-LL-A5YP-01	5	6	9	0	28	17	1	2	6	16	15
TCGA-LL-A6FP-01	3	11	0	4	10	0	3	13	0	23	8
TCGA-LL-A6FQ-01	0	3	3	28	4	0	7	5	2	14	3
TCGA-LL-A6FR-01	2	2	1	8	4	13	6	7	19	1	0
TCGA-LL-A73Y-01	71	24	38	2	14	0	14	21	9	0	0
TCGA-LL-A73Z-01	0	2	7	8	14	3	0	0	14	0	0
TCGA-LL-A740-01	1	5	1	13	12	6	7	1	0	19	3
TCGA-LL-A7SZ-01	2	6	0	12	12	0	9	15	9	1	9
TCGA-LL-A7T0-01	5	7	3	20	13	0	4	10	11	0	4
TCGA-LL-A8F5-01	10	1	30	8	13	55	24	6	34	7	12
TCGA-LL-A9Q3-01	0	9	0	17	14	7	6	10	0	4	1
TCGA-OK-A5Q2-01	2	4	0	6	0	0	0	17	14	0	0
TCGA-OL-A5D6-01	2	5	2	5	0	1	0	8	27	6	1
TCGA-OL-A5D7-01	7	6	5	13	5	24	8	0	2	5	5
TCGA-OL-A5D8-01	2	3	0	11	4	7	5	0	2	3	2
TCGA-OL-A5DA-01	30	23	6	8	1	0	4	33	0	9	0
TCGA-OL-A5RU-01	1	0	1	16	4	0	2	0	0	22	0
TCGA-OL-A5RV-01	0	0	0	3	1	2	0	0	11	0	0
TCGA-OL-A5RW-01	68	26	38	0	38	47	17	13	0	6	0
TCGA-OL-A5RX-01	2	1	0	12	6	0	6	6	0	0	2
TCGA-OL-A5RY-01	1	1	0	4	4	1	2	0	0	0	0
TCGA-OL-A5RZ-01	9	10	0	39	11	22	6	14	0	16	25
TCGA-OL-A5S0-01	2	3	4	14	6	6	3	4	2	0	0
TCGA-OL-A66H-01	0	0	2	4	6	7	2	0	0	4	2
TCGA-OL-A66I-01	3	2	1	9	0	7	1	5	9	19	0
TCGA-OL-A66J-01	0	6	10	13	3	0	8	0	19	1	8
TCGA-OL-A66K-01	0	2	8	16	16	0	0	0	0	5	0
TCGA-OL-A66L-01	19	34	13	10	3	0	6	8	0	0	1
TCGA-OL-A66N-01	1	2	0	16	7	0	4	6	15	7	0
TCGA-OL-A66O-01	1	1	0	9	5	3	2	0	15	2	0
TCGA-OL-A66P-01	1	2	7	10	21	18	16	15	0	3	30
TCGA-OL-A6VO-01	1	1	1	15	0	4	3	0	0	6	7
TCGA-OL-A6VQ-01	15	26	6	11	12	0	3	6	0	0	3
TCGA-OL-A6VR-01	0	1	0	3	12	0	0	1	0	0	0
TCGA-OL-A97C-01	1	1	0	11	21	7	7	0	4	18	0
TCGA-PE-A5DC-01	6	10	17	17	13	39	14	4	9	12	13
TCGA-PE-A5DD-01	11	19	21	16	0	0	4	7	0	3	4
TCGA-PE-A5DE-01	140	248	170	3	0	0	0	120	0	8	0
TCGA-PL-A8LV-01	18	11	30	7	3	27	16	0	16	10	17
TCGA-PL-A8LX-01	0	1	0	9	22	6	5	0	4	2	0
TCGA-PL-A8LY-01	0	0	0	0	2	0	2	0	3	0	0
TCGA-PL-A8LZ-01	0	11	16	5	31	26	4	13	0	15	15
TCGA-S3-A6ZF-01	5	2	0	28	0	7	0	0	1	4	5
TCGA-S3-A6ZG-01	0	1	6	10	1	1	4	21	16	0	0
TCGA-S3-A6ZH-01	0	2	7	12	10	4	1	7	0	0	2
TCGA-S3-AA0Z-01	7	11	0	19	1	3	10	0	0	4	22
TCGA-S3-AA10-01	13	8	8	4	19	59	7	0	11	21	0
TCGA-S3-AA11-01	0	2	5	2	22	1	5	12	1	22	24
TCGA-S3-AA12-01	3	4	1	10	0	5	2	5	20	7	3
TCGA-S3-AA14-01	3	3	0	7	1	4	0	0	6	0	0
TCGA-S3-AA15-01	14	10	18	5	2	2	2	6	0	1	0
TCGA-S3-AA17-01	12	7	3	4	31	31	10	14	27	0	2
TCGA-UL-AAZ6-01	13	8	0	2	48	10	7	8	22	10	12
TCGA-UU-A93S-01	7	6	25	21	40	38	12	0	0	14	33
TCGA-V7-A7HQ-01	3	1	1	6	3	9	1	1	0	6	0
TCGA-W8-A86G-01	1	2	0	4	11	0	0	0	17	0	0
TCGA-WT-AB41-01	0	16	6	6	8	3	1	5	15	2	0
TCGA-WT-AB44-01	0	0	4	19	16	0	3	0	3	3	12
TCGA-XX-A899-01	8	16	4	1	2	0	1	19	4	5	0
TCGA-XX-A89A-01	95	42	55	12	0	0	0	26	0	35	0
TCGA-Z7-A8R5-01	0	1	0	18	0	0	1	0	13	0	1
TCGA-Z7-A8R6-01	18	29	8	12	17	0	3	14	0	5	1
