MutationType	SBS96A	SBS96B	SBS96C	SBS96D	SBS96E	SBS96F	SBS96G	SBS96H	SBS96I	SBS96J	SBS96K
A[C>A]A	0.0028747602133080362	0.005855658557265997	0.02531848419457674	0.011361564323306084	0.0211561213247478	0.020954115316271782	0.010251021198928355	0.014214441552758217	0.010542488656938076	0.024639014899730683	0.020378905534744262
A[C>A]C	0.00019533342856448144	0.0001102010457856295	0.01910044914111495	0.014996260777115822	0.003282172093167901	0.00840041395276785	0.010808344464749098	0.011342196213106033	0.016287337988615036	0.017280897684395315	0.008055956999305636
A[C>A]G	0.00043173228041268883	0.004215720856888992	0.003571213662888795	0.0012830113526433706	0.0007271371668764459	0.0029276646673927686	0.0013126326259225607	0.002461534459143877	0.0017126655671745538	0.012929635162913655	0.011984897098363945
A[C>A]T	0.0014406636939384044	0.0025886385745626473	0.03397841528058052	0.006276100547984243	0.007807186127320165	0.027407190883826614	0.0009015892782144874	0.009153846837580203	0.005774430371820927	0.00921683181077242	0.014515665732324124
A[C>G]A	0.0024000657483708387	0.0023380386643111705	0.015602820739150047	0.005917000584304333	0.00687713255174458	0.008755284734070301	0.006817627722290354	0.008208467718213796	0.007827324860932095	0.009950182121247052	0.020917872013524175
A[C>G]C	0.0015674027614295482	0.0002789429919204167	0.010755562409758567	0.005146317145272405	0.011302974447607994	0.003401397354900837	0.005215230258181691	0.009798574483761513	0.011535479486633448	0.0024061683565378194	0.010163697507232427
A[C>G]G	0.0007569115841761231	0.0004797880706078672	0.015319843031466007	0.0020725378603628996	1.5944911865517498e-06	0.0009445528421593962	0.0	0.004552988762884525	0.005464006494730711	8.407699958842144e-08	0.0007367485530267003
A[C>G]T	0.0014811325585469604	0.00255846818909049	0.03078647516667843	0.03096320517361164	0.008864484212426759	0.01650669869071635	0.0028365589678287506	0.003126743086613715	0.026023035310208796	0.0017485156655311584	0.005176604352891445
A[C>T]A	0.005464025400578975	0.004040275327861309	0.014502185396850109	0.008928477205336094	0.013078556810216923	0.021746975928545	0.01002685478888452	0.005419303555572697	0.03148707877844572	0.009503674320876598	0.004157032573129982
A[C>T]C	0.0022001737728714944	0.0029745398089289663	0.007578626554459333	0.014852219726890326	0.009374297317117452	0.005311600398272276	0.018210077192634344	0.003686246289990436	0.007590471021831036	0.017994301673024894	0.015569551475346088
A[C>T]G	0.007255247002467513	0.03424936886876821	0.009244868396107785	0.020255211387875303	0.026808746717870237	0.02439802847802639	0.027720567118376494	0.03518985360860825	0.059242133796215055	0.0703416608273983	0.05362020656466484
A[C>T]T	0.0011840783525258302	0.0012134956894442439	0.00644107572734356	0.011975677125155926	0.01032531433738768	0.040913492627441886	0.012182820029556752	0.003671755734831095	0.008229753747582436	0.008368870243430138	0.00855256921034595
A[T>A]A	0.00047610206107719935	0.00021445407150224582	0.0020509100984781982	0.014767930377274752	0.005402668877144379	0.0008775980211794378	0.0006148525286633344	0.0031781399622559546	0.000967701933348053	0.000905620004937191	0.004874843720432409
A[T>A]C	0.0009754531783983111	0.003799161594361067	0.002925589680671692	0.0034981213142714295	0.004979674331843853	0.008378362314033438	0.019621662236750124	0.009137148588199296	0.005809576762840152	0.007548441737890243	0.0010815401561558246
A[T>A]G	0.00029372843334556363	5.515332450158894e-05	0.0018340540043211661	0.00466156741604209	0.017655789852142334	0.007422963716089725	0.004291911143809557	0.017994313687086105	0.00858472326106039	0.005734266340732574	0.01547789162141271
A[T>A]T	0.0	0.003050457872450352	0.00025913981098757926	0.010286119394004345	0.0066065804567188025	0.01090282667428255	0.005680660530924797	0.005701327789574861	0.006088214227929711	0.0128369877114892	0.025018311478197573
A[T>C]A	0.0005865406236296167	0.00011113640256423806	0.01205396899022162	0.004887888208031654	0.01948209423571825	0.004810652323067188	0.003097667644137281	0.018090573977679013	0.011612893827259541	0.022314832359552384	0.015783045999705793
A[T>C]C	0.0015820669825188816	0.0033403646666556597	0.011067347507923842	0.0204758670181036	0.007814653404057025	0.004929135553538799	0.0061565747950226065	0.006058188155293465	0.004087191261351109	0.0038757895119488238	0.0048998197540640834
A[T>C]G	0.0011122647511869754	0.009430301189422608	0.02332948436960578	0.007065794058972147	0.006677190493792296	0.0016665485225084709	0.01474967785179615	0.013884628750383854	0.011500598397105932	0.01187489302828908	0.023356197401881218
A[T>C]T	0.0016958258813247085	0.0026454305742269193	0.013003917667083443	0.006899157911539078	0.021867389790713787	0.008084499463438987	0.0047046694904565815	0.015561910066753625	0.01727612391114235	0.008890006504952908	0.016804370284080505
A[T>G]A	0.00017741378978826107	5.428822800723765e-05	0.005449256678002712	0.008703046943992376	0.007487230958213331	0.0007242587395012379	0.015585218416526913	0.004516394017264247	0.013228006339681997	0.010413426533341407	0.0011722446884959935
A[T>G]C	0.0003854614798910916	1.9069086931722267e-08	0.003241812220534836	0.0020584236364811657	2.9255959515239737e-05	0.010457089077681303	4.6833120279643483e-07	0.0028440453395177203	0.0021921870670098542	0.0008580315501831137	0.0009919417566379707
A[T>G]G	0.00040714696821169126	5.236397990842079e-05	0.014891822822391987	0.00873657064512372	0.002556122461197674	0.003267852127544309	0.0017896333363296435	0.004056897049758845	0.004950312338769436	0.00151431571476337	0.001585841496807916
A[T>G]T	0.0006346781505271792	0.00010937693355401734	0.001964634098112583	0.004970029182732105	0.009007953114598876	0.0035105416611855844	0.0019114866644457606	0.0024076882882809515	0.0015723322932068128	1.3662028834460216e-06	0.0049608115611818
C[C>A]A	0.0009159596520476043	5.270495312288403e-05	0.014576529385522008	0.013858320377767085	0.008345723710954189	0.01920004077255726	0.024442952126264572	0.01223437637090683	0.011346011798550836	0.018005903407447475	0.016912065073847772
C[C>A]C	0.00052832075743936	0.000715563588461876	0.013373918551951646	0.03173824660480022	0.014201559219509363	0.0038149991950021445	8.861561013873143e-08	0.02341313399374485	0.010161616653203965	0.00067256735637784	0.007348515838384628
C[C>A]G	0.0016153150936588645	0.0032652230001986027	0.005207584425806999	0.008851198013871908	0.0021584508940577507	0.0015952451373132449	0.005174941895529628	0.001367686740877616	0.0045676399022340775	0.003461911343038083	0.004245028341586021
C[C>A]T	0.0008242773707024753	0.0003284940496087074	0.011204525455833645	0.03117169626057148	0.0026674446189190347	0.023339288681745528	0.006927328184247017	0.027055823989212514	0.01711035883054137	0.005930811818689108	0.007026204094290736
C[C>G]A	0.004239455424249172	0.001416323985906629	0.011187982046976686	0.016819217801094057	0.007665275437740249	0.016124636493623258	0.002491751739368908	0.014412859454751015	0.011191005073487758	0.004979250207543373	0.006146338768303394
C[C>G]C	0.0009243891225196421	0.0003906522411853075	0.024861375242471694	0.004247737745754421	0.0026900437437582525	0.009414777405982021	0.013073404505848884	0.0026789094002793944	0.01294176783412695	0.0026462308131158354	0.003714886354282758
C[C>G]G	0.0020143432137189167	0.0004886955488473177	0.008570850460091605	0.005167509347984378	7.173015603711974e-07	0.0007002353618872803	0.008678518142551184	0.01467056758497165	0.014697849005460738	0.0014773700386285782	0.002017233707010746
C[C>G]T	0.00456559807062149	0.001110452940270079	0.0044190680608153345	0.03162230774760246	0.006744636036455631	0.03157014530152082	0.0015611161943525076	0.008082516491413116	0.01283903250979126	0.0034284146036952733	0.01519269230284408
C[C>T]A	0.008769299183040858	0.008109509199857711	0.019797025434672832	0.015072701871395111	0.011314318981021643	0.004970504017546773	0.03398558832705021	0.012025688774883747	0.025005984446033837	0.013175330311059951	0.005389328533783613
C[C>T]C	0.0037719249725341798	0.0008354333229362964	0.004107610136270523	0.013551973697505085	0.019738065637648107	0.015255674719810486	0.01361266365274787	0.02228471226990223	0.01792338415980339	0.004303917847573757	0.003557513768470244
C[C>T]G	0.012681948579847812	0.030054530035704373	0.009621393121778964	0.0067778745468785925	0.00970746912062168	0.026747787743806838	0.05101204700767994	0.015502775693312288	0.021731298277154566	0.054880867898464206	0.022063315846025944
C[C>T]T	0.007647811714559793	0.007483553793281317	0.01957680848427117	0.015019816253334284	0.017819091863930225	0.02498392891138792	0.010052023222669959	0.01152382455766201	0.015655120462179185	0.012358829192817212	0.011235404014587402
C[T>A]A	0.00040222435054602137	0.0032426961930468678	0.00992703957017511	0.0034446264480720856	0.004039464518427849	0.0044859594765057405	0.001899678431175289	0.0035270375199615957	0.010941039491444825	5.485649421643757e-06	0.002306693752150631
C[T>A]C	0.0004038445418700576	0.0024834447260104753	0.021801242791116237	0.008579277340322733	0.003268553903353677	0.013605742600020676	0.0006172009125606337	0.009034535345659834	0.006882938463240862	3.3248043109779244e-07	0.0032015866950132477
C[T>A]G	0.0005479376850416884	0.0001654850784689188	0.02087814025580883	0.009021727787330746	0.002758261654525995	0.006184650119394064	0.014188047219067811	0.011554547771811502	0.01037525433753217	0.004339411132968962	0.003788969891127181
C[T>A]T	0.0	4.0680990309738266e-08	0.008471854450181126	0.0076148594491755265	0.014144480787217617	0.01333650192245841	0.0031801415607333183	0.005426144227385521	0.00045179417576832746	0.0020210052887478015	0.00931423247985208
C[T>C]A	0.0005652446738736216	0.00016782896663158908	0.0049378180643543605	0.003189398720860481	0.00851997736090766	0.0013075165611588526	0.006422134509722355	0.0043687922414392235	0.0009297398898148957	0.0006463973620178445	0.002886686747580569
C[T>C]C	0.0005262886232230812	0.00016120420437175652	0.006596295814961195	0.012875370867550372	0.011664193728938699	0.002940038964152336	0.005712758656591177	0.0023123670369386675	0.004878356587141752	0.03014833405613899	0.014089720882483345
C[T>C]G	0.0012450037035108608	0.0004270973149687052	0.02152424119412899	0.005732327280566096	0.008640474878666283	0.008473116625100374	0.001571979821005698	0.0019172831236573984	0.009535065991804004	0.010335577325895429	0.011564446892589331
C[T>C]T	0.00019553969614207744	0.004687198222381994	0.01097364784218371	0.008182600513100624	0.008157730335369706	0.015369514096528291	0.009353527706116438	0.009735585283488035	1.6899345588901285e-37	0.007023170214449692	0.0
C[T>G]A	0.0	1.5536831483586865e-07	0.00048088233724570274	0.001938044401413208	0.001940406142023221	0.006421319022774696	1.5407393902933108e-07	0.0017861203456504882	0.006675333023304119	0.0015690950533610248	2.357324888180301e-07
C[T>G]C	0.0013471710379252936	0.006277033570222556	0.0035707159267985844	0.0032601782120765385	0.001817347900941968	0.0025919222738593818	0.0006610873155295849	0.009721284033730626	0.011258428264409304	0.012726546498015523	0.011522759590297938
C[T>G]G	0.0005355369162458601	0.0002695555100217462	0.01378694772720337	0.014806656120344996	0.007884357645207275	0.011608935830372502	0.0008181611076019125	0.01805707624016577	0.005601744167506695	0.00454041362954456	0.006651353184133768
C[T>G]T	0.0	4.695491433448495e-08	0.007760071750721309	0.007004709169268608	0.007799726374810234	0.005119575466960698	0.017698458209633828	0.005041304975748062	0.013687080354793579	0.007494695919365313	0.0026493284923958527
G[C>A]A	0.0017418472096323967	0.002305458059473153	0.007379071018658578	0.016186299454420804	0.009893910866230727	0.016538504883646964	0.00648564649745822	0.011977372319279311	0.02029126398265362	0.00281068499898538	0.004993665404617793
G[C>A]C	0.0012829766608774662	0.0013863100670278073	0.014435746520757676	0.009901095181703568	0.0013976857793751706	0.029196968674659728	0.002557159960269928	0.011284370102748653	0.01999573465436697	0.01224383357912302	0.0014142465777695179
G[C>A]G	0.0009742761057637495	0.00845848973840475	0.0030582205788959984	0.0007798566948622465	0.0010775167029350996	0.0023385822772979737	1.61790171659959e-07	0.002800912410020828	0.00797349689528346	0.003199150078580715	0.001572784036397934
G[C>A]T	0.0020692403777502477	0.006548435240983963	0.009535061661154032	0.015985784679651262	0.008455065451562405	0.0035185946646379305	0.01457095742225647	0.006063852831721306	0.005317173106595874	0.004622847586870193	0.014000269763944575
G[C>G]A	0.003533630818128586	0.0045964748598635195	0.003895023697987199	0.008189039456192404	0.003575937481016922	0.026740819960832597	1.4950563809179584e-07	0.007652060687541961	0.0064093118067830804	0.0014536970662788918	0.0010145905893296004
G[C>G]C	0.0005602510937023908	0.00016699498519301414	0.007464923243969679	0.0065736742690206155	0.010799289867281913	0.0023567477562892237	0.007677806448191405	0.005819326359778642	0.005999238882213831	0.009611530508846045	0.002329407887009438
G[C>G]G	0.0008984876214526594	0.00032356255639740537	0.002387287700548768	0.007524429308250547	0.0005838190889647876	0.0017049081881395979	0.0005744207397157197	0.0036998742015157404	0.00301046810122898	1.2252425051428873e-06	0.0013795052655041218
G[C>G]T	0.0015695022651925684	0.006124497135169804	0.022887032106518747	0.029524937085807324	0.0061016902793203254	0.02165268175303936	0.001656380254985379	0.005048790946602821	0.004515077945700341	0.0	0.003954286084086789
G[C>T]A	0.00518183596432209	0.0021442130705963793	0.019981951359659432	0.006127661088822722	0.011717631295323373	0.0172264757566154	0.009639236545598706	0.013012867821708185	0.01906369738280773	0.02978596370667219	0.017455603799150766
G[C>T]C	0.00662809619680047	0.0032475778833031656	0.015268766693770886	0.005352374771609903	0.013133712159469724	0.019572385773062705	0.017090462893247605	0.012486112490296363	0.007955983001738786	0.009455692023038864	0.0073345732409507034
G[C>T]G	0.007822945341467857	0.012100584153085948	0.004080619849264622	0.019069109484553336	0.010647645685821772	0.006568084470927715	0.053504570946097375	0.02632287854394235	0.028829188272356986	0.044517113268375395	0.05577108673751354
G[C>T]T	0.0060841871425509455	0.005057657649740577	0.003010809107955481	0.016315957810729743	0.020236005634069444	0.008697405736893416	0.011532070487737656	0.0072329360991716385	0.01018585919475754	0.012060225196182727	0.006281750276684761
G[T>A]A	0.001142946319305338	0.0017687169369310141	0.003306953702121973	0.0017194410786032677	0.011681821360252798	0.0018259763765712477	0.008070350857451558	0.006586888153105974	0.0016215035877536366	0.006404240950053009	0.003513606311753392
G[T>A]C	0.0	4.389199403931343e-08	0.003411923139356077	0.011926476005464792	0.001737344003419139	0.0023484209435991944	0.0005967278098864881	0.0028042274730978533	0.0013380982576222777	0.0005269299815608974	0.002831034756218287
G[T>A]G	0.0008502113749273121	0.0011482096090290384	0.00878851591332932	0.00603109071971057	2.2277126845438034e-07	0.008159868931397796	0.002092580124735832	0.008935719123110175	0.008984656212851405	0.003950569685548544	0.0005411771510807739
G[T>A]T	0.0002421097579713205	0.00203236989909783	0.0011631147237494588	0.013244461361318826	0.00489849443060848	0.015608656080439686	0.0019983491402626894	0.013247100060107186	0.0038627486675977705	0.002404156692898596	0.009087467566132545
G[T>C]A	0.0009914389811456203	0.0052793346345424656	0.02919731382280588	0.0054706444032490255	0.007943368164239928	0.007702180872900044	0.005966096096906881	0.008826201036572456	0.0106392752379179	0.0014132852993800848	0.001072670696103728
G[T>C]C	0.00178706762380898	0.0036845024675130843	0.006477637530770153	0.004391208291053772	0.0006318217715943319	0.004180011201106027	0.0020828706265319853	0.007389747817069292	0.008428415630316977	0.005229479330159848	0.005141621362417937
G[T>C]G	0.0009874443407170475	4.2291577528885685e-08	0.0051791226025670765	0.0008861417626121693	6.022924208082259e-06	0.003311291835308694	0.003825372826956652	0.005498297419399023	0.008550827018916607	0.004907130636274815	0.006864098135091423
G[T>C]T	1.540621160529554e-05	0.005823960789700777	0.0037319624796509744	0.0030641015619039536	0.004272444173693657	0.009014370548538864	0.009441190445795656	0.012883841525763273	0.013626512978225947	0.013882060716878187	0.0029722790686378176
G[T>G]A	0.0	6.847307076895959e-08	0.005494525167159736	0.004680005018599331	0.006936185912246628	0.011501948162913323	0.003344262182574198	0.004444983974099159	0.011329946234178578	0.002966376537187898	0.003575796540826559
G[T>G]C	0.0010151417314773425	0.0019391580484807492	0.0033903096875292247	0.001473031612113118	0.004361050575971604	0.002652835100889206	0.0007225649897009134	0.0029973583780474656	5.827584288908838e-07	0.002521663170808419	0.0010936589955198688
G[T>G]G	0.0017479089787229896	0.005445352684395744	0.012290030624717474	0.012071444280445575	0.004343408220120182	0.010357534242882594	0.00652624717913568	0.005542750842869282	0.006174225639551878	0.006358712391659083	0.003135928511619568
G[T>G]T	9.652485132960464e-05	0.0007019400654456831	0.006980969663709402	0.005563910771161318	0.008243622649003685	0.005261816145105058	0.005624294327571988	0.01962284613400698	0.010154352337121964	0.003275076163697577	0.004496955642639478
T[C>A]A	0.02488681674003601	0.020834551192820072	0.005628136813174933	0.009441756550222636	0.01150555665794517	0.006269783806055784	0.013294910732656717	0.04208613000810146	0.01763093685731292	0.014854293875403098	0.020397527795284986
T[C>A]C	0.018980124965310097	0.01666906497064733	0.02909024078398943	0.008307727822895216	0.017167698126286268	0.025517313938851493	1.0126900207296785e-08	0.0032808821354365137	2.4282120648422278e-06	0.008909163996577263	0.03476015264038779
T[C>A]G	0.004464046424254775	0.0018300708046467661	0.0006028521806001663	0.0012448406778275967	0.0021775219589471816	0.0018543772646808065	0.005838121380656957	0.002327231364324689	0.0006625703535974051	0.024260108731687068	0.005202770234325272
T[C>A]T	0.014200463704764844	0.01267229299992323	0.010582678765058518	0.049761257320642474	0.02631227383390069	0.005792816914618015	0.0143481002189219	0.01421236414462328	0.010872615446917333	0.008930117078125476	0.025512019637972116
T[C>G]A	0.1304624155163765	0.14089515209197997	0.012139460013713688	0.015476623177528381	0.04398773871362209	0.0008163843032890035	0.05415916889905929	0.013240212202083063	0.01562626753002405	0.0010472845416117482	0.019316631928358013
T[C>G]C	0.035860974341630936	0.03461335897445679	0.02118151243776083	0.015146806975826621	0.028306685388088226	0.014150084997533088	0.01993733341805637	0.008007989078760148	0.014985721232369542	0.04023901429027319	0.02729053795337677
T[C>G]G	0.014981033466756343	0.008692380413413048	0.0009283076971769333	0.0023355142096988858	0.010740343388170004	0.001874078460969031	8.258828074758639e-08	0.0004571192213603581	4.051035318752838e-07	0.002009970068449718	0.004277997184840942
T[C>G]T	0.1707164764404297	0.15644775331020355	0.01847243122756481	0.05101157762110233	0.0807204782962799	0.011748386453837157	0.05784414261579514	0.024741393513977528	0.014456921815872192	0.013984251022338866	0.061328832805156705
T[C>T]A	0.21873663365840912	0.15308403670787812	0.005148172751096167	0.003539357468253008	0.05362727679312229	0.020654306234791874	0.06400789245963097	0.04313234351575375	0.021331201542841426	0.027147119957953693	0.019388582557440026
T[C>T]C	0.057864797115325925	0.056179197132587434	0.010173019301148197	0.023673693835735983	0.030420348420739173	0.017965997755527496	0.03099219426512718	0.027676581159221315	0.014196906983852417	0.025223210081458093	0.01738377707079053
T[C>T]G	0.051372919231653214	0.0456837348639965	0.010935072973370551	0.01566608101130747	0.012174404505640269	0.01332697160542039	0.007329235970973969	0.04095148574560881	0.023497544148995075	0.017238947749137878	0.022924685291945933
T[C>T]T	0.11537791788578033	0.09240934699773788	0.014388650842010974	0.002776416393535195	0.06027748174965382	0.020083483308553703	0.03586950786411762	0.02388706197962165	0.017658477069568336	0.046173679456114766	0.017982512340356693
T[T>A]A	0.000472245424948072	0.0013930684654042125	0.0035262512043118476	0.009893530602621325	0.0031526752281934023	0.0008278128436085622	0.009596658824011683	0.02345058396458626	0.016438308730721475	0.015064594983869029	0.02373092658817768
T[T>A]C	0.00014371446741279215	0.0031950410921126604	0.005959165655076504	0.008169462375553849	0.004192065099447006	0.004607739066705108	0.015157564450055361	0.013579761795699596	0.0076491442217729855	0.0011041615330896093	0.0054027210921049115
T[T>A]G	0.0011223090696148574	0.00015929677546182574	0.01114265969954431	0.005843309499323368	0.0052571440115571026	0.004325922935359472	8.620395419711713e-08	0.0005405471660196781	0.001620464043389802	0.015654276481973282	0.007217019889503717
T[T>A]T	0.0001029686099253968	0.0033405005116946994	0.008414396829903126	0.013020787953428226	0.0011897671881115456	0.020728933066129683	1.0526960068091284e-07	0.011064710374921561	0.005257050432805954	0.004356794403503272	0.0012027602642774582
T[T>C]A	0.0	0.0014073485508561134	0.007061383556265355	0.003188112927483644	0.004103069944630988	0.0022765340283513067	0.015468754805624485	0.010409548413008451	0.013303205743432045	0.008740477455182827	0.00648431833833456
T[T>C]C	5.0328276120126245e-05	0.006354081630706787	0.010976187512278584	0.0023944269865751266	0.0023411232978105545	0.009943579137325288	0.015031448918412594	0.006578793842345476	0.01128201950341463	0.012380940280854702	0.018157474230974913
T[T>C]G	0.0011028516484657303	0.0031702737789601086	6.718441341035941e-08	0.004348022863268852	0.007517479218608969	0.015553315170109272	0.0009293933647654739	0.0013291918425238692	0.0	0.004280930080676626	0.008940678043290972
T[T>C]T	0.00017338681645924227	0.004410451883450151	0.011592887714505196	0.005828061094507575	0.009105415875092148	0.0066786488518118855	0.020479600597172975	0.006296402006410062	0.018182830725815793	0.02842381242662668	0.007080055167903729
T[T>G]A	0.0007228548056446016	0.00010949684565559892	0.01073030314873904	6.951130696749994e-26	3.575133338049972e-27	0.00796865583312183	0.002534688615645564	0.0030560685787489536	0.005480298345935353	0.009469935414789177	0.00902514165084085
T[T>G]C	0.0007208514143712819	0.00010805652977126101	0.004483603147195936	0.004402298480272293	0.002803121524368635	0.01063106507062912	0.0022538726692428617	0.0004910459739789985	0.002770434556512669	0.005323788698507315	0.004192642236557731
T[T>G]G	0.0	4.771493564703633e-08	0.010715308459475636	0.00821868103585075	3.107712984729005e-07	0.0050437516311831136	0.012908912915736436	0.0018339186031691584	0.000735878236400822	0.0011798979118111674	0.0014220841571159326
T[T>G]T	0.00041476692422293127	0.00015883052425131933	0.011844752728939057	0.013672939967364073	0.017384208738803864	0.017461187951266766	0.008814694495053033	0.0031950427571246164	0.006126989842887412	0.003081858825271411	0.006888921000063419
