MutationType	SBS96A	SBS96B	SBS96C	SBS96D	SBS96E	SBS96F	SBS96G	SBS96H	SBS96I	SBS96J	SBS96K	SBS96L	SBS96M	SBS96N	SBS96O
A[C>A]A	6.82E-05	2.27E-04	2.78E-03	6.96E-05	4.17E-03	2.35E-04	5.98E-03	1.18E-02	1.47E-04	2.45E-03	2.74E-07	3.23E-03	2.56E-03	7.76E-04	8.61E-03
A[C>A]C	1.00E-04	7.37E-28	5.63E-03	4.49E-07	4.07E-03	1.09E-04	1.13E-02	3.30E-03	8.97E-04	3.28E-03	6.48E-03	1.29E-03	1.43E-02	1.38E-03	7.47E-03
A[C>A]G	2.11E-05	7.81E-47	4.37E-04	4.62E-04	1.11E-03	3.43E-04	1.24E-03	3.34E-03	6.05E-07	1.59E-03	1.98E-03	9.05E-04	3.65E-03	1.74E-03	1.76E-03
A[C>A]T	4.67E-47	4.66E-06	4.26E-04	4.14E-04	2.39E-03	2.85E-04	4.29E-03	3.70E-03	8.95E-04	1.73E-03	5.04E-03	1.20E-03	6.04E-03	1.20E-03	4.43E-03
A[C>G]A	1.01E-04	4.15E-04	4.42E-03	6.14E-08	3.68E-03	1.61E-06	8.72E-04	5.18E-03	1.81E-07	6.06E-03	3.49E-07	5.24E-03	2.22E-03	3.84E-03	1.03E-03
A[C>G]C	2.52E-04	2.87E-04	1.78E-04	7.61E-07	1.67E-03	1.52E-04	3.76E-04	5.38E-03	6.10E-04	4.81E-03	3.77E-03	2.60E-03	3.31E-03	1.91E-03	3.37E-03
A[C>G]G	1.03E-46	9.49E-05	2.30E-03	2.66E-07	6.56E-04	1.29E-04	8.58E-04	2.59E-03	1.56E-08	3.35E-03	6.72E-05	2.79E-03	3.41E-03	2.29E-03	2.94E-03
A[C>G]T	7.01E-05	6.01E-04	1.32E-03	4.29E-09	4.44E-03	1.63E-04	2.83E-05	2.87E-03	4.35E-07	5.86E-03	6.30E-04	2.25E-03	2.78E-03	9.41E-04	2.14E-03
A[C>T]A	6.74E-04	5.49E-04	4.30E-03	4.64E-03	4.22E-03	5.81E-04	7.80E-03	9.76E-03	4.77E-03	3.29E-03	3.84E-03	6.57E-03	4.58E-03	4.85E-03	5.74E-03
A[C>T]C	1.08E-04	3.32E-46	6.18E-03	2.02E-03	3.69E-03	1.57E-03	7.23E-03	7.43E-03	5.63E-03	1.95E-03	7.52E-03	6.62E-04	7.69E-03	3.36E-03	7.78E-03
A[C>T]G	3.28E-04	8.06E-04	3.08E-03	2.75E-02	5.19E-03	1.79E-03	4.10E-02	1.32E-02	1.14E-02	7.32E-04	9.61E-03	6.39E-03	4.04E-03	8.92E-07	3.72E-04
A[C>T]T	1.99E-04	8.95E-05	1.72E-03	1.84E-03	5.60E-03	1.00E-03	7.86E-03	3.74E-03	3.53E-03	5.56E-03	3.25E-03	6.67E-03	5.06E-03	4.46E-03	6.68E-03
A[T>A]A	5.28E-09	9.11E-06	1.81E-03	7.29E-05	1.98E-03	6.32E-04	3.23E-03	3.45E-03	4.62E-07	1.27E-03	2.97E-03	9.80E-04	1.99E-03	2.70E-03	2.80E-03
A[T>A]C	6.49E-47	4.21E-05	5.45E-04	9.78E-04	1.05E-05	5.62E-04	5.48E-03	4.35E-03	1.29E-03	3.49E-04	4.92E-03	3.12E-03	6.46E-03	2.03E-03	3.43E-03
A[T>A]G	1.19E-04	1.93E-05	5.36E-03	1.04E-08	6.06E-04	2.45E-04	7.15E-03	3.22E-03	3.82E-03	9.30E-04	2.65E-03	3.21E-03	3.16E-03	1.16E-03	4.81E-03
A[T>A]T	8.93E-06	1.16E-05	2.50E-03	2.61E-04	5.35E-04	1.93E-03	3.83E-03	1.91E-03	9.29E-04	1.38E-03	4.51E-03	1.34E-03	3.40E-03	1.56E-03	1.81E-03
A[T>C]A	2.24E-05	4.82E-05	6.02E-03	1.40E-03	1.38E-03	3.41E-03	7.99E-03	1.28E-03	4.10E-03	5.26E-04	9.64E-03	6.32E-03	3.73E-03	7.66E-05	5.45E-03
A[T>C]C	1.28E-05	1.33E-04	1.51E-03	4.25E-04	2.47E-03	3.02E-03	4.21E-03	3.56E-03	2.30E-04	1.68E-03	5.52E-03	4.95E-03	5.30E-03	3.95E-03	1.46E-03
A[T>C]G	1.80E-46	8.94E-08	5.90E-03	1.46E-03	8.82E-06	9.03E-03	9.99E-03	6.25E-03	3.20E-03	1.76E-03	9.84E-03	4.86E-03	3.52E-03	1.17E-02	2.57E-04
A[T>C]T	9.74E-05	7.18E-05	1.64E-03	1.42E-03	3.19E-03	1.07E-03	1.23E-02	7.26E-03	3.45E-03	1.07E-03	1.54E-02	5.80E-03	1.61E-03	8.92E-03	1.93E-03
A[T>G]A	2.01E-05	1.71E-05	1.25E-03	5.90E-05	1.00E-03	3.35E-04	1.75E-03	1.68E-03	3.24E-04	7.23E-04	1.46E-03	1.08E-03	1.14E-03	1.30E-03	1.66E-03
A[T>G]C	6.49E-47	3.62E-05	1.49E-03	2.18E-04	3.13E-04	6.30E-04	3.41E-04	2.11E-03	9.49E-05	1.53E-03	3.14E-04	1.61E-03	1.37E-03	2.44E-04	6.79E-04
A[T>G]G	1.59E-05	2.17E-05	1.92E-03	2.96E-05	7.63E-04	9.71E-05	2.18E-04	2.30E-03	1.99E-06	2.33E-03	7.82E-04	2.14E-03	6.76E-04	2.39E-03	2.28E-03
A[T>G]T	5.25E-06	2.77E-05	1.55E-03	2.09E-07	7.77E-04	3.37E-04	1.09E-03	1.39E-03	1.42E-05	1.36E-03	2.19E-03	1.23E-03	1.65E-03	2.62E-03	1.95E-03
C[C>A]A	7.31E-05	1.73E-04	2.49E-03	2.24E-08	9.14E-08	7.47E-04	5.86E-04	5.89E-03	1.00E-03	4.54E-03	6.10E-04	5.92E-03	6.16E-03	2.47E-03	6.70E-03
C[C>A]C	4.31E-05	2.47E-05	4.12E-03	1.74E-03	2.22E-03	1.92E-03	1.64E-03	4.05E-03	5.41E-05	3.46E-03	3.78E-03	3.59E-03	2.81E-03	4.25E-03	4.62E-03
C[C>A]G	1.50E-05	5.49E-05	2.94E-03	6.99E-04	6.29E-04	5.95E-04	5.93E-04	2.74E-03	1.97E-04	2.40E-03	4.54E-04	2.91E-03	2.69E-03	4.78E-03	2.40E-03
C[C>A]T	2.01E-06	1.79E-04	1.56E-03	2.19E-03	1.47E-03	5.14E-03	3.34E-03	2.56E-03	7.06E-08	1.95E-03	7.83E-03	4.37E-03	3.38E-03	9.65E-04	3.73E-03
C[C>G]A	3.44E-04	1.08E-03	2.25E-03	1.42E-07	1.96E-03	1.93E-05	4.13E-03	4.25E-03	6.27E-04	6.29E-03	2.61E-03	1.08E-03	5.29E-03	4.31E-03	4.42E-03
C[C>G]C	4.93E-05	9.25E-05	4.38E-03	2.81E-07	1.71E-04	1.71E-05	5.17E-07	4.38E-03	7.07E-08	7.71E-03	5.20E-03	3.75E-03	3.35E-03	6.93E-03	2.89E-03
C[C>G]G	1.20E-07	3.31E-06	3.36E-03	6.47E-04	3.37E-03	5.86E-05	3.39E-03	6.54E-03	1.09E-04	5.18E-03	2.81E-04	3.41E-03	3.45E-03	5.23E-03	2.16E-03
C[C>G]T	4.26E-04	9.67E-04	4.75E-03	3.38E-05	1.11E-04	2.43E-05	2.48E-04	1.61E-03	3.23E-05	7.30E-03	1.98E-04	2.88E-03	5.68E-04	2.10E-03	2.01E-03
C[C>T]A	1.60E-03	1.40E-03	1.33E-02	2.05E-03	1.29E-02	6.07E-04	4.66E-03	8.34E-03	8.19E-03	3.61E-03	3.65E-03	1.00E-02	6.53E-03	2.18E-02	1.22E-02
C[C>T]C	6.50E-04	5.57E-04	4.11E-04	2.11E-03	1.11E-02	1.34E-03	1.01E-02	6.66E-03	1.50E-07	3.61E-03	3.36E-03	8.73E-03	1.52E-02	8.58E-03	1.02E-03
C[C>T]G	6.58E-04	2.88E-04	1.20E-03	2.56E-02	5.61E-03	1.04E-03	1.83E-02	3.58E-02	1.04E-02	1.98E-03	4.02E-03	4.97E-03	3.27E-03	5.13E-03	7.15E-03
C[C>T]T	7.67E-04	5.16E-04	4.11E-03	3.13E-03	8.55E-03	7.12E-04	1.16E-02	1.29E-02	4.31E-03	3.49E-03	3.74E-03	7.68E-03	1.57E-02	2.99E-03	7.76E-03
C[T>A]A	2.30E-05	6.23E-05	1.06E-03	6.49E-47	1.53E-03	5.95E-04	6.55E-04	1.40E-03	1.72E-08	1.57E-03	1.44E-03	1.76E-03	8.33E-04	1.38E-03	1.17E-03
C[T>A]C	4.68E-08	3.38E-05	3.48E-03	1.97E-07	1.65E-03	6.88E-04	6.99E-04	3.84E-03	1.30E-05	3.32E-03	1.66E-03	4.01E-03	3.90E-03	2.48E-03	1.56E-03
C[T>A]G	1.54E-05	1.32E-05	5.16E-03	4.42E-04	1.49E-03	6.68E-04	4.05E-03	4.21E-03	1.08E-03	3.97E-03	9.87E-04	3.77E-03	7.31E-03	1.75E-03	3.60E-03
C[T>A]T	1.50E-05	6.00E-07	2.24E-03	5.54E-07	3.60E-03	4.11E-04	7.09E-04	3.44E-03	1.38E-03	4.08E-03	2.13E-03	2.18E-03	3.78E-03	2.52E-03	3.65E-03
C[T>C]A	8.15E-08	3.23E-05	9.94E-04	1.00E-04	6.34E-04	2.06E-03	2.09E-03	8.15E-04	5.86E-07	8.39E-04	2.37E-03	2.02E-06	2.11E-03	1.28E-03	1.31E-03
C[T>C]C	6.58E-05	1.03E-46	5.56E-03	9.73E-05	2.87E-03	2.64E-03	3.06E-03	5.33E-03	2.53E-06	2.50E-03	3.08E-03	2.73E-03	3.70E-03	4.16E-03	2.42E-03
C[T>C]G	1.48E-08	2.85E-05	9.50E-04	1.55E-07	4.33E-06	6.92E-03	1.96E-03	1.07E-03	1.43E-03	2.03E-03	6.88E-03	3.55E-07	6.47E-04	2.36E-03	8.25E-07
C[T>C]T	4.69E-07	1.19E-04	4.67E-03	1.07E-03	1.33E-03	3.36E-03	1.96E-03	3.61E-03	4.32E-03	3.89E-03	6.43E-03	3.26E-03	3.67E-03	3.68E-03	4.36E-03
C[T>G]A	1.76E-07	1.55E-05	9.79E-04	1.16E-04	8.57E-04	1.13E-05	1.43E-03	8.76E-04	1.96E-06	1.19E-03	3.23E-04	8.53E-04	1.72E-03	1.00E-03	9.14E-04
C[T>G]C	3.54E-05	9.83E-06	1.44E-03	2.19E-04	1.70E-03	1.25E-03	9.71E-04	2.69E-03	6.84E-04	2.32E-03	1.46E-03	2.25E-03	1.50E-03	1.73E-03	1.34E-03
C[T>G]G	0.00E+00	7.52E-06	3.41E-03	1.54E-07	3.11E-03	7.85E-04	8.84E-04	2.04E-03	1.35E-07	3.89E-03	1.43E-03	3.11E-03	2.54E-03	3.23E-03	2.88E-03
C[T>G]T	5.46E-05	1.21E-04	3.46E-03	2.58E-04	5.84E-04	1.30E-03	1.44E-03	4.63E-03	3.81E-03	3.35E-03	3.41E-03	2.30E-03	6.35E-03	2.68E-03	1.84E-03
G[C>A]A	1.14E-08	1.93E-06	5.88E-03	3.03E-07	5.97E-03	1.63E-07	5.26E-03	8.99E-03	6.57E-03	2.28E-03	4.10E-03	5.58E-03	1.60E-02	1.87E-04	1.23E-02
G[C>A]C	1.04E-46	1.54E-04	1.49E-03	6.84E-04	2.12E-07	4.61E-04	5.53E-04	6.36E-03	1.33E-07	2.68E-03	9.02E-03	4.30E-03	7.63E-03	5.49E-03	6.90E-03
G[C>A]G	2.76E-05	1.03E-46	1.66E-03	7.30E-04	1.10E-03	1.14E-04	1.15E-03	4.35E-03	1.65E-03	3.82E-04	9.34E-04	3.41E-03	4.87E-03	1.26E-03	3.02E-03
G[C>A]T	1.45E-06	7.08E-05	4.93E-03	3.80E-04	6.01E-06	4.73E-04	7.39E-04	2.93E-03	5.94E-04	5.64E-03	5.14E-03	5.60E-03	9.03E-03	1.50E-03	9.45E-03
G[C>G]A	1.21E-04	2.36E-04	1.67E-03	1.56E-08	1.34E-03	1.24E-04	7.10E-07	2.84E-03	1.91E-06	3.62E-03	2.95E-03	3.54E-03	3.37E-03	3.71E-03	1.87E-03
G[C>G]C	1.08E-04	1.73E-04	1.48E-03	5.91E-04	1.57E-03	5.83E-04	6.73E-04	2.75E-03	1.29E-46	4.67E-03	1.72E-03	4.22E-03	3.08E-03	5.89E-03	3.32E-03
G[C>G]G	6.46E-07	9.20E-05	1.44E-03	8.15E-08	1.91E-04	2.36E-05	5.84E-04	1.81E-03	5.34E-04	2.10E-03	1.71E-03	1.24E-03	2.53E-03	1.42E-03	1.56E-03
G[C>G]T	2.23E-04	2.78E-04	1.92E-03	1.82E-04	7.75E-04	2.01E-04	3.93E-05	2.80E-03	1.04E-07	6.42E-03	1.47E-04	2.34E-03	3.92E-03	9.48E-04	5.69E-03
G[C>T]A	7.88E-04	1.48E-03	1.79E-03	4.67E-03	5.70E-03	3.92E-03	3.16E-03	5.18E-03	9.46E-04	3.63E-03	1.32E-02	7.54E-03	4.99E-03	1.05E-02	2.65E-03
G[C>T]C	5.75E-04	6.18E-04	4.59E-04	6.85E-03	8.68E-03	5.51E-03	6.99E-03	3.04E-03	2.65E-03	1.67E-03	2.28E-02	1.02E-03	7.17E-03	4.44E-03	3.09E-03
G[C>T]G	5.46E-04	2.09E-04	4.46E-03	3.08E-02	4.21E-03	4.64E-03	1.10E-02	5.50E-03	7.12E-03	2.11E-03	1.20E-02	7.63E-03	5.18E-03	5.15E-03	4.31E-03
G[C>T]T	5.04E-04	5.27E-04	2.60E-03	5.53E-03	1.52E-03	4.10E-03	5.84E-03	1.07E-03	4.00E-03	2.14E-03	1.37E-02	3.91E-03	2.17E-03	9.18E-03	7.00E-03
G[T>A]A	5.72E-05	5.68E-05	1.21E-03	9.23E-05	7.95E-04	4.56E-04	2.93E-04	1.76E-03	1.70E-04	1.19E-03	1.33E-03	8.20E-04	6.58E-04	1.58E-03	7.65E-04
G[T>A]C	1.11E-04	1.03E-04	1.02E-03	4.15E-05	7.51E-04	5.19E-04	2.70E-03	2.78E-03	2.36E-03	2.10E-03	2.95E-03	2.03E-03	3.38E-03	2.31E-03	6.82E-04
G[T>A]G	9.69E-07	4.78E-05	2.72E-03	2.98E-05	1.63E-03	5.38E-04	1.62E-03	3.18E-03	2.67E-07	1.99E-03	3.19E-03	8.60E-04	2.21E-03	2.99E-03	2.73E-03
G[T>A]T	9.25E-09	1.88E-05	2.44E-03	1.11E-04	1.69E-03	3.21E-04	1.88E-03	2.70E-03	2.01E-03	1.68E-03	2.05E-03	2.30E-03	2.89E-03	2.25E-03	2.02E-03
G[T>C]A	3.07E-05	7.10E-05	4.95E-05	5.35E-07	5.57E-07	3.96E-03	1.09E-06	3.58E-07	7.88E-07	5.21E-07	9.11E-04	4.22E-07	1.13E-06	1.33E-03	1.29E-06
G[T>C]C	1.68E-05	3.23E-09	1.16E-03	2.41E-07	3.40E-04	3.04E-03	3.65E-03	1.82E-03	1.08E-03	1.69E-03	4.43E-03	1.51E-03	1.08E-03	2.03E-03	2.61E-03
G[T>C]G	7.01E-06	3.93E-05	3.36E-04	1.35E-03	4.68E-07	4.79E-03	4.18E-03	1.92E-04	3.40E-06	6.18E-04	4.13E-03	5.82E-07	2.90E-04	5.41E-04	1.89E-06
G[T>C]T	9.73E-07	4.67E-47	2.65E-03	6.30E-04	2.03E-03	5.67E-03	2.07E-03	1.57E-03	8.83E-04	2.61E-04	5.02E-03	2.46E-03	1.03E-03	1.72E-03	2.94E-03
G[T>G]A	0.00E+00	9.19E-06	9.55E-04	7.13E-06	8.40E-04	1.06E-04	5.71E-04	7.20E-04	1.01E-03	1.32E-03	8.09E-04	4.72E-04	1.30E-03	5.99E-04	1.83E-03
G[T>G]C	6.49E-47	2.73E-06	1.09E-03	2.88E-04	7.12E-04	3.14E-04	1.50E-03	1.83E-03	4.49E-04	1.27E-03	9.14E-04	7.10E-04	1.08E-03	1.73E-03	9.18E-04
G[T>G]G	9.34E-47	8.07E-06	1.12E-03	4.57E-04	2.19E-03	2.44E-04	8.77E-04	1.48E-03	3.05E-46	3.27E-03	1.78E-03	2.40E-03	2.31E-03	1.62E-03	1.51E-03
G[T>G]T	0.00E+00	0.00E+00	2.29E-03	7.16E-05	1.22E-03	4.94E-04	1.93E-03	2.38E-03	2.05E-03	1.73E-03	1.72E-03	8.10E-04	2.18E-03	1.14E-03	3.31E-04
T[C>A]A	3.75E-03	5.59E-03	9.23E-03	1.58E-06	1.18E-02	1.08E-04	4.64E-03	4.72E-05	4.87E-07	2.00E-03	2.54E-06	1.67E-03	2.02E-03	3.80E-02	1.42E-02
T[C>A]C	8.29E-04	2.51E-03	6.10E-03	5.35E-04	8.68E-03	3.74E-04	7.03E-03	8.87E-03	4.36E-03	3.60E-03	1.04E-04	7.77E-03	6.84E-03	1.84E-02	1.22E-02
T[C>A]G	1.37E-03	6.26E-04	3.14E-03	3.77E-04	4.89E-03	1.60E-06	2.76E-03	3.11E-03	1.28E-03	4.23E-04	9.33E-05	3.67E-03	4.42E-03	2.64E-03	8.67E-03
T[C>A]T	7.05E-04	3.26E-03	1.98E-03	2.60E-04	2.43E-03	4.43E-04	8.93E-05	4.12E-03	2.27E-03	2.00E-03	6.51E-04	2.85E-07	4.63E-07	1.52E-02	2.46E-02
T[C>G]A	1.29E-04	3.32E-02	5.85E-02	2.49E-07	6.27E-04	7.52E-06	2.53E-07	2.55E-07	1.82E-03	7.89E-04	3.53E-07	7.40E-04	2.41E-06	6.76E-03	2.34E-07
T[C>G]C	1.68E-05	1.63E-02	3.04E-02	2.17E-08	2.04E-02	9.81E-07	3.01E-03	2.04E-03	1.03E-07	6.29E-03	1.83E-07	1.49E-03	1.86E-03	2.69E-02	6.04E-03
T[C>G]G	5.80E-04	2.96E-03	9.10E-03	3.29E-07	6.36E-03	8.91E-05	4.12E-04	1.79E-03	2.73E-04	2.54E-03	2.90E-05	5.85E-04	1.11E-03	6.85E-03	1.63E-03
T[C>G]T	2.21E-03	3.21E-02	9.74E-03	1.96E-07	3.17E-03	1.76E-04	4.25E-05	3.37E-04	4.54E-04	1.59E-03	9.33E-06	6.06E-07	5.45E-07	6.54E-03	5.81E-03
T[C>T]A	2.87E-02	1.00E-02	4.86E-03	2.08E-07	1.64E-03	3.57E-04	3.36E-07	6.30E-05	5.00E-04	8.33E-07	4.13E-07	9.99E-04	1.48E-06	4.54E-03	8.82E-04
T[C>T]C	1.23E-02	9.88E-04	5.39E-03	1.63E-03	1.82E-02	1.36E-04	3.71E-03	7.15E-04	1.76E-02	2.79E-03	7.77E-05	6.11E-02	1.98E-07	6.98E-03	4.23E-03
T[C>T]G	1.14E-02	4.48E-04	5.13E-03	6.95E-03	8.60E-04	1.13E-03	4.45E-03	5.40E-03	4.40E-02	1.56E-08	8.01E-04	2.61E-03	4.19E-04	5.50E-03	1.29E-03
T[C>T]T	2.42E-02	3.99E-03	8.95E-07	5.41E-07	6.24E-02	7.90E-05	3.12E-07	2.01E-03	2.93E-03	5.27E-07	4.91E-07	1.47E-02	4.84E-07	2.78E-04	2.71E-03
T[T>A]A	9.63E-06	3.73E-05	2.15E-03	9.84E-05	2.77E-03	3.62E-04	3.07E-03	1.49E-03	2.15E-03	2.63E-03	3.12E-03	2.21E-03	4.03E-03	1.31E-04	6.08E-04
T[T>A]C	5.38E-06	1.24E-04	1.67E-03	5.53E-05	1.69E-03	3.12E-04	3.20E-03	3.38E-03	2.13E-03	1.48E-03	2.89E-03	1.12E-03	2.47E-03	2.24E-03	2.59E-03
T[T>A]G	3.82E-06	1.10E-07	1.51E-03	3.01E-07	7.81E-04	4.14E-04	8.69E-04	1.71E-03	2.21E-07	2.15E-03	7.13E-04	1.28E-03	1.81E-03	1.20E-03	6.53E-04
T[T>A]T	3.50E-08	4.86E-05	1.94E-03	8.64E-05	2.53E-03	4.73E-04	2.14E-03	2.10E-03	4.59E-07	3.02E-03	1.68E-03	2.74E-03	5.33E-03	1.48E-03	2.12E-03
T[T>C]A	1.91E-07	3.11E-05	1.25E-03	2.19E-04	7.31E-04	1.24E-03	1.00E-03	1.66E-03	1.35E-03	7.45E-04	4.73E-03	2.51E-03	6.23E-04	1.94E-03	2.53E-03
T[T>C]C	2.11E-05	7.06E-05	5.35E-03	1.37E-03	2.94E-03	2.40E-03	2.23E-03	5.27E-03	2.03E-03	1.77E-03	4.20E-03	5.69E-03	2.35E-03	4.31E-03	3.65E-03
T[T>C]G	2.15E-05	2.08E-05	6.03E-04	3.40E-04	5.60E-04	2.75E-03	2.04E-03	2.20E-03	1.32E-05	7.24E-04	4.64E-03	2.53E-03	1.15E-03	1.93E-03	1.58E-03
T[T>C]T	5.63E-05	2.34E-07	3.51E-03	6.71E-04	1.03E-03	1.19E-03	3.43E-03	4.55E-03	5.52E-08	6.76E-04	4.15E-03	4.78E-03	3.35E-03	4.52E-03	2.05E-03
T[T>G]A	6.44E-07	4.58E-05	1.49E-03	4.43E-05	7.30E-04	5.25E-05	2.94E-04	1.17E-03	2.84E-07	1.21E-03	6.77E-04	1.68E-03	2.23E-03	1.62E-03	1.12E-03
T[T>G]C	2.95E-05	4.52E-05	1.41E-03	2.72E-04	7.14E-04	2.16E-04	1.17E-03	2.35E-03	1.98E-07	1.54E-03	2.75E-03	1.37E-03	1.52E-03	2.12E-03	1.58E-03
T[T>G]G	1.52E-05	3.83E-05	2.40E-03	2.78E-04	4.68E-04	5.37E-04	9.33E-04	1.14E-03	1.87E-04	2.10E-03	2.46E-03	1.21E-03	3.57E-03	1.85E-03	1.14E-03
T[T>G]T	6.49E-47	1.49E-06	3.64E-03	4.74E-07	3.95E-04	3.38E-04	2.90E-03	4.12E-04	7.38E-04	2.16E-03	4.07E-03	9.96E-04	4.48E-03	4.29E-03	3.88E-03
