MutationType	SBS96A	SBS96B	SBS96C	SBS96D	SBS96E	SBS96F	SBS96G	SBS96H	SBS96I	SBS96J	SBS96K	SBS96L	SBS96M	SBS96N	SBS96O
A[C>A]A	0.00006888	0.00114176	0.00545879	0.00007043	0.00579842	0.00023541	0.01529861	0.06703969	0.00014695	0.00574855	0.00000053	0.00446438	0.00419101	0.00111789	0.02457678
A[C>A]C	0.00028449	0.00000000	0.00909630	0.00000055	0.00618077	0.00015245	0.03797830	0.00810490	0.00216400	0.01110064	0.01029568	0.00225025	0.07709333	0.00210925	0.01607358
A[C>A]G	0.00002105	0.00000000	0.00046982	0.00075019	0.00227225	0.00137841	0.00291179	0.01059036	0.00000087	0.00558047	0.00453705	0.00171485	0.01304593	0.00418760	0.00391750
A[C>A]T	0.00000000	0.00000466	0.00043040	0.00041633	0.00340411	0.00090928	0.01340949	0.01124299	0.00089504	0.00487340	0.01300920	0.00213495	0.02552646	0.00233542	0.01275030
A[C>G]A	0.00013254	0.00270610	0.01064910	0.00000009	0.00585704	0.00000250	0.00124377	0.01299181	0.00000031	0.03607935	0.00000053	0.01088716	0.00436684	0.00515846	0.00195409
A[C>G]C	0.00063730	0.00118805	0.00024081	0.00000109	0.00281474	0.00053348	0.00057207	0.01818378	0.00061038	0.02710270	0.00619943	0.00665575	0.00564815	0.00564142	0.00816920
A[C>G]G	0.00000000	0.00026847	0.00444432	0.00000038	0.00086590	0.00049588	0.00128947	0.00483674	0.00000002	0.02495991	0.00008381	0.00547613	0.00863779	0.00289282	0.00494333
A[C>G]T	0.00011698	0.00256621	0.00507453	0.00000000	0.00747630	0.00057795	0.00002846	0.00561842	0.00000044	0.05411577	0.00098180	0.00534577	0.00407640	0.00213125	0.00305142
A[C>T]A	0.00328257	0.00084947	0.00938651	0.02060358	0.00846352	0.00231531	0.01798029	0.02267070	0.01753027	0.01577751	0.01642475	0.01512527	0.01097189	0.01359876	0.01316339
A[C>T]C	0.00023593	0.00000000	0.01128172	0.00634484	0.00636533	0.00847397	0.02162184	0.02065002	0.00752102	0.00393643	0.03033457	0.00095083	0.02814058	0.00534882	0.02133935
A[C>T]G	0.00048142	0.00338465	0.00534462	0.18912697	0.00886894	0.00342591	0.31777932	0.01754786	0.01714430	0.00101433	0.02007288	0.00796047	0.00895649	0.00000159	0.00037302
A[C>T]T	0.00048293	0.00012185	0.00292957	0.00608022	0.00852098	0.00528070	0.01360354	0.00968080	0.00710951	0.02065058	0.01666251	0.01809261	0.01082139	0.00810301	0.01713028
A[T>A]A	0.00000001	0.00001541	0.00248107	0.00007297	0.00278798	0.00279483	0.00781610	0.01437848	0.00000092	0.00211258	0.00467973	0.00138485	0.00276507	0.00486785	0.00657806
A[T>A]C	0.00000000	0.00004790	0.00078472	0.00198782	0.00001076	0.00231874	0.01979020	0.00961435	0.00233379	0.00055420	0.00930620	0.00650770	0.02503321	0.00372798	0.00616763
A[T>A]G	0.00025641	0.00002106	0.00813198	0.00000001	0.00089396	0.00065146	0.03165066	0.00697491	0.00495306	0.00162927	0.00741804	0.00673637	0.00766437	0.00182050	0.00931939
A[T>A]T	0.00001283	0.00001161	0.00559142	0.00026201	0.00074747	0.01345672	0.01130136	0.00491462	0.00124928	0.00218678	0.01483948	0.00287935	0.00688795	0.00258066	0.00312475
A[T>C]A	0.00002241	0.00005683	0.01183921	0.00301432	0.00216006	0.03428720	0.02666839	0.00243904	0.00441377	0.00052674	0.02005816	0.01865591	0.01025515	0.00007736	0.00882917
A[T>C]C	0.00001289	0.00040222	0.00229113	0.00042494	0.00338218	0.02677283	0.00718052	0.00938400	0.00032064	0.00486588	0.01375606	0.00607293	0.01608034	0.00644070	0.00257975
A[T>C]G	0.00000000	0.00000013	0.00765768	0.00227437	0.00000907	0.06933458	0.03090779	0.01657665	0.00376518	0.00294246	0.02462689	0.01043992	0.00764376	0.01868278	0.00026260
A[T>C]T	0.00009748	0.00022967	0.00235626	0.00192409	0.00385631	0.00475607	0.04291543	0.01709921	0.00515610	0.00150180	0.05747547	0.01100637	0.00243647	0.01438919	0.00344672
A[T>G]A	0.00004228	0.00002066	0.00297068	0.00005913	0.00170946	0.00059662	0.00370420	0.00308979	0.00038364	0.00167101	0.00358787	0.00169341	0.00256299	0.00387417	0.00572421
A[T>G]C	0.00000000	0.00008934	0.00390595	0.00034619	0.00031331	0.00145125	0.00049534	0.00733736	0.00013076	0.00532221	0.00077644	0.00406182	0.00307400	0.00042666	0.00124688
A[T>G]G	0.00003405	0.00002740	0.00287265	0.00002981	0.00136223	0.00027821	0.00030974	0.00606148	0.00000400	0.01096451	0.00143937	0.00326233	0.00068104	0.00567691	0.00658190
A[T>G]T	0.00000598	0.00004332	0.00209604	0.00000055	0.00165393	0.00129408	0.00268293	0.00303635	0.00001440	0.00187623	0.00481425	0.00185985	0.00374408	0.00644891	0.00716192
C[C>A]A	0.00011241	0.00048478	0.00581252	0.00000002	0.00000009	0.00741830	0.00089802	0.01686762	0.00128235	0.02404203	0.00138474	0.01567635	0.02278068	0.00993981	0.04041162
C[C>A]C	0.00005136	0.00002477	0.00856560	0.00325837	0.00360864	0.01252082	0.00211666	0.01634449	0.00005542	0.02020784	0.01824586	0.00764468	0.00762874	0.01252905	0.01988584
C[C>A]G	0.00001503	0.00018033	0.00591931	0.00153087	0.00110031	0.00468485	0.00087829	0.01184654	0.00019713	0.01042681	0.00108976	0.00395058	0.00399445	0.01454462	0.00416950
C[C>A]T	0.00000201	0.00050971	0.00364467	0.00484171	0.00177645	0.04662645	0.00409647	0.00556013	0.00000007	0.00447406	0.03052650	0.00938549	0.00727412	0.00205962	0.01065542
C[C>G]A	0.00049172	0.00463023	0.00884231	0.00000019	0.00286662	0.00002035	0.00641452	0.00870150	0.00062819	0.03068878	0.00334137	0.00142491	0.01192679	0.00745781	0.01119387
C[C>G]C	0.00006935	0.00027659	0.00718926	0.00000035	0.00035118	0.00002998	0.00000149	0.00891959	0.00000012	0.03633696	0.00764263	0.00619932	0.00601882	0.01501261	0.00471774
C[C>G]G	0.00000012	0.00000476	0.00585144	0.00127323	0.00336588	0.00009860	0.00551467	0.01967598	0.00010997	0.02497486	0.00044787	0.00564139	0.00704242	0.01021574	0.00455394
C[C>G]T	0.00084150	0.00457378	0.00916774	0.00003402	0.00011562	0.00002473	0.00024886	0.00167910	0.00004374	0.09739983	0.00042290	0.00445764	0.00060721	0.00333607	0.00434777
C[C>T]A	0.00345029	0.00382218	0.02949753	0.00539653	0.03656963	0.00101254	0.01394747	0.02458964	0.04107652	0.01196760	0.00922638	0.03005289	0.01334829	0.05097133	0.02406488
C[C>T]C	0.00260557	0.00106068	0.00068750	0.00630683	0.02411074	0.00562643	0.02183887	0.01924033	0.00000019	0.00787944	0.01352830	0.02214292	0.06902363	0.01167565	0.00182599
C[C>T]G	0.00113771	0.00040298	0.00305139	0.26988297	0.01600556	0.00202465	0.04216044	0.12333001	0.02784025	0.00328199	0.00673016	0.01212268	0.00326984	0.00880681	0.01401912
C[C>T]T	0.00267725	0.00135947	0.01058559	0.01021341	0.01610820	0.00227724	0.02582761	0.04543144	0.00747849	0.01068430	0.01151946	0.01685142	0.06579019	0.00391469	0.01815812
C[T>A]A	0.00002297	0.00018950	0.00174839	0.00000000	0.00275168	0.00341679	0.00137410	0.00303373	0.00000002	0.00618100	0.00181623	0.00391539	0.00113068	0.00352767	0.00345543
C[T>A]C	0.00000005	0.00006464	0.00677584	0.00000028	0.00221423	0.00458268	0.00096815	0.01192768	0.00001575	0.01367823	0.00273661	0.01116897	0.01117991	0.00392059	0.00279621
C[T>A]G	0.00002374	0.00001900	0.01296756	0.00044335	0.00189665	0.00385952	0.01034760	0.01059697	0.00155508	0.01435552	0.00165053	0.00943845	0.02351644	0.00188930	0.00686028
C[T>A]T	0.00002176	0.00000060	0.00404772	0.00000119	0.00624750	0.00137607	0.00087697	0.00852921	0.00138514	0.01728381	0.00319370	0.00423531	0.00705657	0.00342816	0.01042696
C[T>C]A	0.00000008	0.00006200	0.00189950	0.00010049	0.00081952	0.03094706	0.00279510	0.00180886	0.00000069	0.00262590	0.00854133	0.00000284	0.00332479	0.00194612	0.00250592
C[T>C]C	0.00013003	0.00000000	0.01167252	0.00009760	0.00431892	0.02942476	0.00575098	0.01583733	0.00000373	0.00802185	0.00667253	0.00548620	0.00569601	0.01109757	0.00401863
C[T>C]G	0.00000002	0.00003841	0.00104842	0.00000046	0.00000472	0.11278369	0.00196768	0.00121324	0.00146699	0.00535732	0.01280642	0.00000063	0.00068646	0.00327810	0.00000178
C[T>C]T	0.00000047	0.00018280	0.00860506	0.00171864	0.00204058	0.02792850	0.00302539	0.00616594	0.00471648	0.01038323	0.01668228	0.00568674	0.00918753	0.00533828	0.01213921
C[T>G]A	0.00000024	0.00002539	0.00121052	0.00011565	0.00085926	0.00001233	0.00308204	0.00368435	0.00000269	0.00435307	0.00032449	0.00202215	0.00483721	0.00197163	0.00230203
C[T>G]C	0.00004541	0.00001717	0.00263902	0.00039027	0.00294901	0.01159977	0.00172054	0.00574822	0.00201020	0.00829195	0.00318334	0.00531193	0.00354612	0.00289472	0.00294886
C[T>G]G	0.00000000	0.00000752	0.00618678	0.00000032	0.00505318	0.01221736	0.00156595	0.00407463	0.00000017	0.02067165	0.00199892	0.00657665	0.00604642	0.00486373	0.00571580
C[T>G]T	0.00005461	0.00026316	0.00716024	0.00025922	0.00058447	0.01088805	0.00254361	0.01648719	0.00428655	0.00845097	0.00652106	0.00376226	0.01904249	0.00789370	0.00375918
G[C>A]A	0.00000001	0.00000321	0.00606918	0.00000083	0.00596594	0.00000016	0.00955643	0.01785067	0.00657190	0.00418244	0.00410492	0.00771859	0.06590502	0.00027049	0.03730187
G[C>A]C	0.00000000	0.00036460	0.00227469	0.00149784	0.00000039	0.00188498	0.00068780	0.02107026	0.00000013	0.01124945	0.02339986	0.00691417	0.03060927	0.01670286	0.02369152
G[C>A]G	0.00003497	0.00000000	0.00204866	0.00137555	0.00217187	0.00023832	0.00278383	0.01295272	0.00440992	0.00044685	0.00119560	0.00820899	0.01407617	0.00225043	0.00861679
G[C>A]T	0.00000153	0.00016074	0.00509038	0.00068715	0.00000683	0.00246454	0.00140052	0.00478606	0.00064405	0.01604030	0.00671832	0.00969577	0.03441323	0.00212713	0.04009345
G[C>G]A	0.00016216	0.00114622	0.00404781	0.00000002	0.00229285	0.00039678	0.00000084	0.00625761	0.00000205	0.02160421	0.00546557	0.00687480	0.00927416	0.00578811	0.00359397
G[C>G]C	0.00025555	0.00040601	0.00361903	0.00086224	0.00276473	0.00369465	0.00093610	0.00719132	0.00000000	0.02430740	0.00485945	0.00822116	0.00815084	0.01491609	0.00814620
G[C>G]G	0.00000108	0.00029086	0.00283872	0.00000016	0.00025982	0.00003945	0.00059187	0.00571972	0.00086399	0.01011651	0.00254363	0.00278872	0.00686390	0.00297290	0.00352665
G[C>G]T	0.00051268	0.00042357	0.00362322	0.00024296	0.00289818	0.00061876	0.00003983	0.00589694	0.00000018	0.05778702	0.00028322	0.00263324	0.00825978	0.00197127	0.01505271
G[C>T]A	0.00168631	0.00679855	0.00670310	0.01292161	0.01299695	0.01893801	0.00708247	0.01317865	0.00094695	0.01148319	0.07808927	0.02013039	0.01195069	0.02371024	0.00378822
G[C>T]C	0.00167829	0.00148794	0.00080002	0.01834430	0.01638831	0.02139248	0.01470504	0.00569625	0.00443845	0.00349238	0.14323823	0.00111804	0.01592434	0.00830399	0.00696574
G[C>T]G	0.00099395	0.00031002	0.00502166	0.38243677	0.00662921	0.02332744	0.02486740	0.00600270	0.01273491	0.00461311	0.04388088	0.01328279	0.01001099	0.01339001	0.01095145
G[C>T]T	0.00175559	0.00119369	0.00341024	0.01677221	0.00262940	0.02429691	0.01875996	0.00165454	0.00574047	0.00868828	0.06296363	0.01498011	0.00359846	0.01509362	0.01417066
G[T>A]A	0.00012393	0.00008295	0.00218411	0.00017083	0.00137516	0.00303178	0.00046156	0.00446794	0.00039124	0.00471722	0.00221888	0.00226459	0.00117585	0.00557029	0.00134598
G[T>A]C	0.00034172	0.00015633	0.00185256	0.00004156	0.00189369	0.00269069	0.00527692	0.00973238	0.00394934	0.00631618	0.00816288	0.00311854	0.00863211	0.00451961	0.00087995
G[T>A]G	0.00000108	0.00006504	0.00628621	0.00003010	0.00184960	0.00253787	0.00242303	0.01101496	0.00000038	0.00741602	0.00678119	0.00086340	0.00385144	0.00680563	0.00575517
G[T>A]T	0.00000001	0.00002806	0.00395799	0.00011752	0.00192587	0.00133668	0.00245867	0.00733448	0.00201000	0.00482085	0.00357161	0.00400899	0.00957893	0.00360261	0.00526128
G[T>C]A	0.00004642	0.00017513	0.00007299	0.00000189	0.00000104	0.11678541	0.00000362	0.00000082	0.00000192	0.00000081	0.00091335	0.00000085	0.00000166	0.00151514	0.00000381
G[T>C]C	0.00001684	0.00000000	0.00213505	0.00000035	0.00034071	0.03303655	0.00654882	0.00452353	0.00111422	0.00368557	0.01464238	0.00270546	0.00176262	0.00397996	0.00815602
G[T>C]G	0.00000909	0.00007276	0.00067175	0.00135608	0.00000087	0.07825048	0.00464541	0.00019324	0.00000482	0.00061870	0.00982869	0.00000130	0.00029311	0.00084203	0.00000381
G[T>C]T	0.00000097	0.00000000	0.00475218	0.00062971	0.00228164	0.07106214	0.00609883	0.00373649	0.00161263	0.00035503	0.00877154	0.00552774	0.00151620	0.00424228	0.00882039
G[T>G]A	0.00000000	0.00001807	0.00209996	0.00000895	0.00140759	0.00026017	0.00093468	0.00138438	0.00101074	0.00582844	0.00137394	0.00084259	0.00284009	0.00117844	0.00546054
G[T>G]C	0.00000000	0.00000274	0.00228259	0.00059374	0.00071471	0.00133577	0.00346542	0.00495229	0.00044962	0.00498226	0.00289141	0.00140986	0.00297015	0.00425449	0.00212552
G[T>G]G	0.00000000	0.00000807	0.00118868	0.00058402	0.00362451	0.00147838	0.00154129	0.00257452	0.00000000	0.01881282	0.00469436	0.00462545	0.00681790	0.00281811	0.00265037
G[T>G]T	0.00000000	0.00000000	0.00553418	0.00011818	0.00157093	0.00358505	0.00497040	0.00723902	0.00236084	0.00331401	0.00270825	0.00115607	0.00458722	0.00180030	0.00033215
T[C>A]A	0.00634347	0.01682650	0.02971034	0.00000255	0.01472679	0.00010932	0.00610476	0.00004965	0.00000168	0.00199690	0.00000309	0.00167547	0.00266210	0.21039327	0.03620999
T[C>A]C	0.00102924	0.01082365	0.02223048	0.00100228	0.01478009	0.00121702	0.00953237	0.03644869	0.01159003	0.00937536	0.00010621	0.03151875	0.01981814	0.07413297	0.02018532
T[C>A]G	0.00505671	0.00110543	0.00931833	0.00037835	0.00955250	0.00000160	0.00485785	0.00641113	0.00220503	0.00042276	0.00009379	0.00814002	0.01160032	0.00547936	0.02721825
T[C>A]T	0.00133521	0.01639356	0.00391012	0.00037248	0.00565368	0.00173129	0.00008947	0.00575479	0.00270137	0.00262886	0.00144122	0.00000051	0.00000062	0.05689632	0.19169683
T[C>G]A	0.00013860	0.17750361	0.34036967	0.00000075	0.00084541	0.00000928	0.00000115	0.00000149	0.00182415	0.00096307	0.00000139	0.00074214	0.00000365	0.00722326	0.00000081
T[C>G]C	0.00002193	0.09175194	0.08880993	0.00000004	0.03288833	0.00000098	0.00301611	0.00206400	0.00000026	0.01874414	0.00000036	0.00212924	0.00267632	0.06898186	0.01410112
T[C>G]G	0.00082043	0.01190432	0.05252158	0.00000081	0.00860592	0.00024008	0.00041613	0.00266360	0.00027410	0.01218236	0.00003035	0.00084636	0.00160625	0.01209487	0.00447459
T[C>G]T	0.00444134	0.60005609	0.01209886	0.00000102	0.00333690	0.00044371	0.00004378	0.00035910	0.00045604	0.00283512	0.00001508	0.00000150	0.00000136	0.00757207	0.00790475
T[C>T]A	0.75002029	0.01981323	0.00556159	0.00000112	0.00316987	0.00119459	0.00000183	0.00006454	0.00080526	0.00000142	0.00000236	0.00142881	0.00000340	0.00766477	0.00088290
T[C>T]C	0.06346247	0.00137710	0.01516042	0.00284710	0.05130392	0.00013664	0.00650117	0.00125606	0.04277835	0.00562309	0.00007954	0.39479682	0.00000044	0.01247211	0.00971051
T[C>T]G	0.03461456	0.00060102	0.00738399	0.01002130	0.00086475	0.00244183	0.00758816	0.00540557	0.70276318	0.00000003	0.00080192	0.00271479	0.00041915	0.00898979	0.00166990
T[C>T]T	0.10693407	0.00626847	0.00000154	0.00000204	0.53695744	0.00008008	0.00000156	0.00240293	0.00506717	0.00000093	0.00000118	0.02235057	0.00000165	0.00031366	0.00280655
T[T>A]A	0.00000991	0.00005401	0.00337553	0.00013557	0.00533553	0.00109168	0.00682406	0.00244707	0.00250046	0.00563038	0.00670571	0.00452643	0.01442787	0.00017328	0.00085745
T[T>A]C	0.00000559	0.00029562	0.00245021	0.00005645	0.00176809	0.00167365	0.00919678	0.00950952	0.00225588	0.00520037	0.00415435	0.00251212	0.00380177	0.00375953	0.00788685
T[T>A]G	0.00000428	0.00000011	0.00226968	0.00000032	0.00111659	0.00266625	0.00140302	0.00524074	0.00000023	0.01211041	0.00146287	0.00257771	0.00485041	0.00175838	0.00087992
T[T>A]T	0.00000004	0.00011905	0.00368569	0.00008672	0.00380819	0.00132159	0.00488047	0.00346287	0.00000046	0.00843100	0.00294545	0.00567893	0.02159630	0.00180929	0.00443385
T[T>C]A	0.00000027	0.00006444	0.00223005	0.00021943	0.00073154	0.01354605	0.00188171	0.00281875	0.00150663	0.00166295	0.02344229	0.00577812	0.00112559	0.00226153	0.00836496
T[T>C]C	0.00002158	0.00011501	0.01103169	0.00391859	0.00447591	0.01576027	0.00564472	0.01788454	0.00292485	0.00425355	0.00863919	0.01060770	0.00463491	0.00724289	0.00871818
T[T>C]G	0.00003125	0.00003487	0.00139519	0.00047100	0.00078057	0.02044172	0.00661783	0.00476647	0.00001372	0.00129609	0.01639265	0.00428196	0.00114869	0.00425329	0.00297905
T[T>C]T	0.00005664	0.00000023	0.00597402	0.00095127	0.00148840	0.00640012	0.00671890	0.01210850	0.00000006	0.00146014	0.01925991	0.00979433	0.00735810	0.01023849	0.00435563
T[T>G]A	0.00000069	0.00012011	0.00274603	0.00004521	0.00153467	0.00005300	0.00029698	0.00297211	0.00000055	0.00467447	0.00134659	0.00411332	0.00583505	0.00405562	0.00333678
T[T>G]C	0.00002957	0.00009030	0.00408551	0.00048649	0.00161239	0.00054779	0.00274105	0.00607087	0.00000034	0.00346175	0.00602891	0.00222932	0.00301067	0.00587346	0.00607776
T[T>G]G	0.00001757	0.00008798	0.00502152	0.00054674	0.00071447	0.00160557	0.00181676	0.00238942	0.00032765	0.00806526	0.00539153	0.00195692	0.01032775	0.00459596	0.00188003
T[T>G]T	0.00000000	0.00000156	0.00753134	0.00000094	0.00046360	0.00142710	0.00448158	0.00067802	0.00073922	0.00498828	0.00673894	0.00172951	0.01576479	0.00898463	0.01327447
