MutationType	DBS78A	DBS78B	DBS78C	DBS78D	DBS78E	DBS78F	DBS78G	DBS78H	DBS78I	DBS78J
AC>CA	0.005928519006253434	0.010572135407467915	0.005950485434247336	0.011886241892473967	6.136105560775226e-05	0.00486045570026666	0.007213293199614176	0.009222508619374518	0.0017173129470999507	5.804328587449466e-05
AC>CG	5.9437901412214464e-05	7.793533150106669e-05	7.643599189274633e-05	7.368123782119559e-05	7.456236320043293e-05	6.473501671280246e-05	7.018562197724047e-05	7.309687850162541e-05	6.897114775104759e-05	7.039575575618073e-05
AC>CT	5.9437901412214464e-05	7.793533150106669e-05	7.643599189274633e-05	7.368123782119559e-05	7.456236320043293e-05	6.473501671280246e-05	7.018562197724047e-05	7.309687850162541e-05	6.897114775104759e-05	7.039575575618073e-05
AC>GA	0.006354584997416169	0.027863443642850903	0.011315326053694837	0.008036852808269638	0.014203896535735084	0.0077782777560211494	0.013894130083826894	0.01547270433537354	0.0036075134019635394	0.021388401939263228
AC>GG	5.9437901412214464e-05	7.793533150106669e-05	7.643599189274633e-05	7.368123782119559e-05	7.456236320043293e-05	6.473501671280246e-05	7.018562197724047e-05	7.309687850162541e-05	6.897114775104759e-05	7.039575575618073e-05
AC>GT	5.9437901412214464e-05	7.793533150106669e-05	7.643599189274633e-05	7.368123782119559e-05	7.456236320043293e-05	6.473501671280246e-05	7.018562197724047e-05	7.309687850162541e-05	6.897114775104759e-05	7.039575575618073e-05
AC>TA	0.01798465895322181	0.0210227888789935	0.00621575406089434	0.022207239183990167	0.01181788871906863	0.009188100019554214	0.018342071921718647	0.010084533891858882	0.013105743018089318	0.014285019625397884
AC>TG	0.013215790601369312	0.0037592933060902095	6.458534832442335e-05	0.012008770868123974	0.0022006280637773064	0.0014977501900527083	0.0024319271148973104	0.0015066632114515718	0.011714689721581331	0.004021813027187212
AC>TT	5.9437901412214464e-05	7.793533150106669e-05	7.643599189274633e-05	7.368123782119559e-05	7.456236320043293e-05	6.473501671280246e-05	7.018562197724047e-05	7.309687850162541e-05	6.897114775104759e-05	7.039575575618073e-05
AT>CA	5.9437901412214464e-05	7.793533150106669e-05	7.643599189274633e-05	7.368123782119559e-05	7.456236320043293e-05	6.473501671280246e-05	7.018562197724047e-05	7.309687850162541e-05	6.897114775104759e-05	7.039575575618073e-05
AT>CC	0.001896284430798308	0.0018208258982970922	6.621055593617106e-05	0.017189228072432648	0.005406803110599867	0.0031719311270838563	0.0021375829790486025	0.0056006945758175185	0.007043884612479208	0.0018108480402588612
AT>CG	5.9437901412214464e-05	7.793533150106669e-05	7.643599189274633e-05	7.368123782119559e-05	7.456236320043293e-05	6.473501671280246e-05	7.018562197724047e-05	7.309687850162541e-05	6.897114775104759e-05	7.039575575618073e-05
AT>GA	0.01412493289468936	0.012130293107475154	0.0016292587605372924	0.007362500435313753	0.0020467910953205623	0.006562602505497731	0.006244007730250208	0.003579136227199342	0.0044588868799716385	5.4833813252723e-05
AT>GC	5.9437901412214464e-05	7.793533150106669e-05	7.643599189274633e-05	7.368123782119559e-05	7.456236320043293e-05	6.473501671280246e-05	7.018562197724047e-05	7.309687850162541e-05	6.897114775104759e-05	7.039575575618073e-05
AT>TA	0.02328637965182736	0.017148515788236788	0.002804247304599509	0.01741433351401914	0.005227059819532087	0.002939731885013818	0.0029436329428184156	0.01036538257127783	0.0028179781352908623	0.0043397848049304836
CC>AA	1.7175843943080297e-05	2.2809815075201337e-05	2.1611700756866505e-05	2.2576531731638428e-05	0.6401290396849314	1.2308658343273178e-05	2.3238002160989405e-05	1.8568802249618095e-05	1.7414952570964554e-05	1.683290716349058e-05
CC>AG	2.4971362304052982e-05	2.3497563286653238e-05	1.0308571918960892e-05	2.823849544141647e-05	1.8124642318362304e-05	1.3103572933465905e-05	1.5401883061046582e-05	0.020056241759102523	0.464813755958312	0.013297479819284285
CC>AT	0.07302241964389802	0.009720533487768772	0.0052090742691687135	0.02890454503479658	0.03280646442932825	0.02766968371127158	0.03773570316518686	2.8128387234479155e-05	0.021186058198500744	0.030522581095083722
CC>GA	0.07193940263062094	0.035241792188662656	3.333739458217059e-05	0.020900258925075833	0.007331510523417251	0.0035257390843239497	0.008618860168386778	0.01770009560383604	0.011954381248930208	0.00751191908038038
CC>GG	5.9437901412214464e-05	7.793533150106669e-05	7.643599189274633e-05	7.368123782119559e-05	7.456236320043293e-05	6.473501671280246e-05	7.018562197724047e-05	7.309687850162541e-05	6.897114775104759e-05	7.039575575618073e-05
CC>GT	0.0043633805980637895	0.03292051711559907	0.008510377025739842	0.011711750844157601	0.0032565893954097664	0.019048332789166504	0.010980932650970488	0.034653586134906315	0.01344231100244239	0.012141469832749862
CC>TA	0.0320313861438766	0.11577695574559452	0.002230475446469324	0.013854291524760792	0.02518365887377619	0.011400583546416137	0.006413858101183598	0.02325648245998074	0.023713656528730215	0.012946952506141921
CC>TG	0.011839315924832287	0.01075527350755389	0.008634382990264082	0.018973068835354448	0.005558813164983197	0.009398017006272614	0.01089666410408275	0.014444365798954095	0.005967869536713503	0.006851281284950043
CC>TT	0.0019090052633065236	2.3634060780989963e-05	1.0824991708536473e-05	2.4530243892053235e-05	0.021368229776672586	0.008521802995791259	1.854456405897525e-05	0.012347261063868112	1.964545756016715e-05	0.46709297146744577
CG>AT	0.010016465157544492	0.007264506723367958	0.0028989185875010056	0.006030634627192436	0.0011347270727128489	0.0056032661923381966	0.0054255027068090085	6.173120721844802e-05	0.0025138756130521265	0.0068988456862522675
CG>GC	5.9437901412214464e-05	7.793533150106669e-05	7.643599189274633e-05	7.368123782119559e-05	7.456236320043293e-05	6.473501671280246e-05	7.018562197724047e-05	7.309687850162541e-05	6.897114775104759e-05	7.039575575618073e-05
CG>GT	5.9437901412214464e-05	7.793533150106669e-05	7.643599189274633e-05	7.368123782119559e-05	7.456236320043293e-05	6.473501671280246e-05	7.018562197724047e-05	7.309687850162541e-05	6.897114775104759e-05	7.039575575618073e-05
CG>TA	0.009364367200487323	0.002438062184470861	0.001979952023854518	0.01090810589873096	0.004566925075778272	0.005145349711892777	0.002950456820872205	0.004417868902479919	0.0012885333945935904	0.007336606342505547
CG>TC	0.008920224200183687	0.029434057284500645	0.0045450122712281885	0.009178630943097232	0.006616590432540192	3.3507524373514265e-05	0.029092334575398126	4.141782431285416e-05	0.03943032384504477	0.01960990858471708
CG>TT	0.04141485224194336	0.005591441916628052	0.00665307305753231	0.020473179610477624	0.0026728365219241823	0.01231980587504798	0.0029320015610683945	0.01090445927284236	0.00785645256537464	0.0047901289496318595
CT>AA	5.9437901412214464e-05	7.793533150106669e-05	7.643599189274633e-05	7.368123782119559e-05	7.456236320043293e-05	6.473501671280246e-05	7.018562197724047e-05	7.309687850162541e-05	6.897114775104759e-05	7.039575575618073e-05
CT>AC	0.011751085794336784	0.007892933420589544	0.005241339591278423	0.007082990237055734	0.002629167725414542	0.002820674436043191	0.0024311036238335265	0.0054444093798034976	0.002877261830144562	5.7933322629348065e-05
CT>AG	0.016753804943579097	0.029919825331126047	0.004285113683599153	0.04355261589504759	0.005639963793324752	0.01519595797061665	0.05178575148410071	0.006257962730504272	0.005882818295291751	0.010340973995002282
CT>GA	4.072368915331026e-05	0.03453478683150024	0.003686048077330876	0.008967851124604445	0.009054502417469242	0.0026015466782761602	0.01374273879073371	0.011141259118145778	0.0028160984602436656	0.0036920460318773016
CT>GC	5.9437901412214464e-05	7.793533150106669e-05	7.643599189274633e-05	7.368123782119559e-05	7.456236320043293e-05	6.473501671280246e-05	7.018562197724047e-05	7.309687850162541e-05	6.897114775104759e-05	7.039575575618073e-05
CT>GG	0.04035655985147978	0.0050321071342182225	0.010319526251750285	0.01383149306748237	0.008712304860582632	0.0031933899723905292	0.014569294413043584	0.013582002273352512	0.013753443903676194	0.015072063865560873
CT>TA	0.0038983711679634325	0.03194268745449638	0.005990462782756367	0.022074782231660112	0.007099992075867098	3.0448655555422494e-05	0.03182425227156879	0.028566835056562923	0.026764874889569985	0.007238309744281916
CT>TC	0.009116761205314105	0.007264726251499572	0.0008718420232374531	0.01221668747663595	6.149410764919594e-05	0.005296730651934922	0.006120132467064347	0.003366629387528519	0.006614542324556775	0.003596178494020326
CT>TG	0.028469212202884363	0.016606770690486883	0.006447736627837249	0.06979590459710987	0.017528826478967564	2.6940031811439892e-05	0.016518331609706116	0.021838532163216465	0.00833013174368252	0.00579914414586075
GC>AA	2.4263856480170414e-05	3.273643088448352e-05	0.7100194056828817	2.5885304098830868e-05	1.543364339640918e-05	1.3035873527892742e-05	1.9665611984054364e-05	2.3088800433479118e-05	2.106518468849572e-05	2.0138177931901722e-05
GC>AG	0.006063007222059751	0.016106947612400547	0.006124799350364671	0.027487275092721575	0.005139022540178454	0.03999067585331394	0.047335979779408996	0.012952131452736163	0.017153521694426743	0.009712772125049262
GC>AT	2.5073061114729473e-05	2.9954973976242805e-05	0.022304264326836184	0.20599417982569623	0.020684846212346723	2.104699158833674e-05	0.011095512900657255	2.99152299506981e-05	0.015820767790529724	0.01547584408626525
GC>CA	0.04617682693945729	0.005038179233997653	0.00510966958499921	0.004790172786609522	0.0011541537498487742	0.014082966726103525	0.027927902705778253	0.010442646475621587	0.003876943516418881	0.015500727280414139
GC>CG	5.9437901412214464e-05	7.793533150106669e-05	7.643599189274633e-05	7.368123782119559e-05	7.456236320043293e-05	6.473501671280246e-05	7.018562197724047e-05	7.309687850162541e-05	6.897114775104759e-05	7.039575575618073e-05
GC>TA	0.01585074862653831	0.0129729758266573	0.0035762222472072837	0.0014400985855293888	0.00595058510087559	0.005008996644874671	0.02409579612167363	0.021529673142201014	0.009406730739889705	0.004519242320748162
TA>AT	0.07272214745242613	0.008331082771345184	0.004876656537680902	0.003639923482599746	0.005067010644404253	0.017783387451009956	0.01449390506052556	4.635415297495153e-05	0.011175773961211884	0.009514787692364735
TA>CG	5.9437901412214464e-05	7.793533150106669e-05	7.643599189274633e-05	7.368123782119559e-05	7.456236320043293e-05	6.473501671280246e-05	7.018562197724047e-05	7.309687850162541e-05	6.897114775104759e-05	7.039575575618073e-05
TA>CT	0.021034823005762517	0.028574415363891603	3.8799386023593596e-05	0.030953232521440895	0.007797883231387923	0.017375712358061835	0.02751965196475794	4.166878264726393e-05	0.017183548185357722	0.0063760617246753784
TA>GC	5.9437901412214464e-05	7.793533150106669e-05	7.643599189274633e-05	7.368123782119559e-05	7.456236320043293e-05	6.473501671280246e-05	7.018562197724047e-05	7.309687850162541e-05	6.897114775104759e-05	7.039575575618073e-05
TA>GG	5.9437901412214464e-05	7.793533150106669e-05	7.643599189274633e-05	7.368123782119559e-05	7.456236320043293e-05	6.473501671280246e-05	7.018562197724047e-05	7.309687850162541e-05	6.897114775104759e-05	7.039575575618073e-05
TA>GT	5.9437901412214464e-05	7.793533150106669e-05	7.643599189274633e-05	7.368123782119559e-05	7.456236320043293e-05	6.473501671280246e-05	7.018562197724047e-05	7.309687850162541e-05	6.897114775104759e-05	7.039575575618073e-05
TC>AA	1.7648353470139888e-05	2.8469907575612297e-05	0.017989259692539665	2.0952435511881196e-05	1.6032528978330667e-05	0.00927874558463795	1.4961348860200359e-05	0.48174229302712773	2.039518031461777e-05	0.010440957772524703
TC>AG	4.0396083810316045e-05	2.575543737132572e-05	0.008882432220559013	2.6643486138292852e-05	0.015913528709648142	0.03524357937143103	0.2781562687983296	0.02506098743341143	0.010084106516751437	0.02984985740738466
TC>AT	0.004659229549012404	3.9738508176012655e-05	0.03206232185475545	2.200450157631521e-05	1.9504908006195977e-05	0.5566842551714217	4.3560742945677096e-05	2.1820165639831103e-05	1.9781468859414454e-05	2.0831612763694275e-05
TC>CA	0.06926159402043292	0.01355838343505032	0.004670724984960217	0.008354305618149737	0.010097891472965633	0.009522050657382881	0.0018866057851482764	0.015739240641626868	0.018149564939331717	0.009449622309621002
TC>CG	0.007852333645700971	0.019276234179951737	0.005152131747330772	0.013366018962096859	0.005969333847709517	0.004807698410643904	0.03608648374871943	0.02274739466732238	0.01644610461508383	0.01537093058586824
TC>CT	2.7417255299079635e-05	0.09203737803863987	0.012845138513392912	0.017733948860337516	0.012534767124140167	2.5936413639252957e-05	0.010314075035194038	0.014658692121550606	0.024157168819409755	0.04442871072860489
TC>GA	2.1192507800963747e-05	0.18336486570393237	0.012795572519102598	0.03615093613932577	0.00768231299714881	0.017582256291181132	0.014613947709176556	0.011088534631415563	0.0511480062803147	0.00682794254341875
TC>GG	0.02605565519937348	0.015991538276042168	5.036107316603496e-05	0.003370507911070793	0.00810750399814424	0.004129474499040953	0.03183176347186721	0.006005071751193706	0.006551096130048488	0.007062458505151881
TC>GT	0.07202953433188668	0.007271605855157759	0.004760033218059334	4.231754835567851e-05	0.003060267406319402	0.02984371414823277	0.02490695538612139	0.002930818414789963	0.00240978386743033	0.021221269856626652
TG>AA	0.09679196217589568	0.007922408694353929	0.011302828287521804	0.012976881286183801	0.011811770284869757	0.015498350960372005	0.01687101069843621	0.008698831540887634	0.00611074939641488	0.02129150138731018
TG>AC	5.9437901412214464e-05	7.793533150106669e-05	7.643599189274633e-05	7.368123782119559e-05	7.456236320043293e-05	6.473501671280246e-05	7.018562197724047e-05	7.309687850162541e-05	6.897114775104759e-05	7.039575575618073e-05
TG>AT	0.01599456934918564	3.5821182358968436e-05	0.004456393634163947	0.09180555838483997	0.011664515684527525	0.010839001330358164	0.020861986392876085	0.028163663670846974	0.0328837307253329	0.023616896654811016
TG>CA	0.005282449803902031	0.010109148779762715	0.006131360469832241	0.00349216775308984	6.361460364132654e-05	0.0022897907703130233	0.0029484988075031047	0.010831032240093918	0.004557375853255508	0.004203729151110262
TG>CC	0.003407273007784776	0.008666901389976072	0.0032463937653422668	0.013109593862706485	6.741397167691806e-05	0.001200827632480165	0.007210825946701031	0.000960349014349049	0.004124777119795908	0.0029440533286106073
TG>CT	0.026230224674461768	0.017773934224309448	0.0011409152343806758	0.06169409072596561	0.0047842617395986425	0.0034567189167091783	0.022230450039347004	0.011658804367122381	0.023457373120557654	0.004236457292017803
TG>GA	0.005467630697148706	6.727623561649428e-05	6.370423806648281e-05	0.010583473441753692	6.391776173112855e-05	0.002893068926410554	0.009098962939807128	0.001499225871702947	0.0016286631118115717	0.023598935380591848
TG>GC	5.9437901412214464e-05	7.793533150106669e-05	7.643599189274633e-05	7.368123782119559e-05	7.456236320043293e-05	6.473501671280246e-05	7.018562197724047e-05	7.309687850162541e-05	6.897114775104759e-05	7.039575575618073e-05
TG>GT	0.02358645040906898	0.01920843285970477	0.003352284191391656	0.004345731626881388	0.010184840416847389	0.008388802381114146	0.008687506791314565	0.015010632271575767	0.004144305766052033	0.0073782163634556735
TT>AA	5.9437901412214464e-05	7.793533150106669e-05	7.643599189274633e-05	7.368123782119559e-05	7.456236320043293e-05	6.473501671280246e-05	7.018562197724047e-05	7.309687850162541e-05	6.897114775104759e-05	7.039575575618073e-05
TT>AC	0.0037727268647055703	0.024059451331231684	0.004540466325579473	0.006627844950617146	5.351561394491e-05	0.013471555802698276	0.03212906990750829	0.005032684289653843	0.0037427589307602225	0.008187468382827016
TT>AG	0.005252739280149399	0.010171327565816075	0.0030818099690804956	0.00891827148104009	0.0020228405023469047	0.003625143266435771	0.00490109201988768	0.00224034316658314	0.0036729564850247697	0.008773755822524739
TT>CA	5.9437901412214464e-05	7.793533150106669e-05	7.643599189274633e-05	7.368123782119559e-05	7.456236320043293e-05	6.473501671280246e-05	7.018562197724047e-05	7.309687850162541e-05	6.897114775104759e-05	7.039575575618073e-05
TT>CC	5.9437901412214464e-05	7.793533150106669e-05	7.643599189274633e-05	7.368123782119559e-05	7.456236320043293e-05	6.473501671280246e-05	7.018562197724047e-05	7.309687850162541e-05	6.897114775104759e-05	7.039575575618073e-05
TT>CG	5.9437901412214464e-05	7.793533150106669e-05	7.643599189274633e-05	7.368123782119559e-05	7.456236320043293e-05	6.473501671280246e-05	7.018562197724047e-05	7.309687850162541e-05	6.897114775104759e-05	7.039575575618073e-05
TT>GA	0.004987114745472354	0.011875285353865669	0.002973977622241364	0.007082776482275221	0.003357493979759359	0.0030695970709833393	0.011560848453821866	0.0009578651506065701	0.002294491919747088	0.0025916835512665177
TT>GC	5.9437901412214464e-05	7.793533150106669e-05	7.643599189274633e-05	7.368123757866367e-05	7.456236320043293e-05	6.473501622773862e-05	7.018562197724047e-05	7.309687850162541e-05	6.897114775104759e-05	7.039575575618073e-05
TT>GG	0.007838406257542374	0.008757188274588164	0.0009158715534188862	0.009465879506994195	0.0025175015627610263	0.004399163347018961	0.006100283528818788	0.004099430274679131	0.004324834721774096	0.004852848052663224
