MutationType	DBS78A	DBS78B	DBS78C	DBS78D	DBS78E	DBS78F	DBS78G	DBS78H
AC>CA	3.00E-02	9.34E-06	2.16E-06	2.85E-02	3.32E-02	2.85E-02	2.09E-06	9.17E-06
AC>CG	2.30E-06	1.30E-05	3.60E-06	4.98E-06	1.68E-05	9.00E-06	2.26E-06	5.50E-06
AC>CT	2.30E-06	1.30E-05	3.60E-06	4.98E-06	1.68E-05	9.00E-06	2.26E-06	5.50E-06
AC>GA	2.30E-06	1.30E-05	3.60E-06	4.98E-06	1.68E-05	9.00E-06	2.26E-06	5.50E-06
AC>GG	5.79E-06	9.69E-06	5.70E-06	8.52E-06	1.73E-05	9.64E-02	6.65E-02	1.77E-05
AC>GT	2.30E-06	1.30E-05	3.60E-06	4.98E-06	1.68E-05	9.00E-06	2.26E-06	5.50E-06
AC>TA	2.30E-06	1.30E-05	3.60E-06	4.98E-06	1.68E-05	9.00E-06	2.26E-06	5.50E-06
AC>TG	2.30E-06	1.30E-05	3.60E-06	4.98E-06	1.68E-05	9.00E-06	2.26E-06	5.50E-06
AC>TT	2.57E-02	5.43E-06	2.48E-06	1.99E-01	2.28E-05	1.38E-05	3.33E-02	7.96E-02
AT>CA	2.30E-06	1.30E-05	3.60E-06	4.98E-06	1.68E-05	9.00E-06	2.26E-06	5.50E-06
AT>CC	2.30E-06	1.30E-05	3.60E-06	4.98E-06	1.68E-05	9.00E-06	2.26E-06	5.50E-06
AT>CG	2.30E-06	1.30E-05	3.60E-06	4.98E-06	1.68E-05	9.00E-06	2.26E-06	5.50E-06
AT>GA	2.30E-06	1.30E-05	3.60E-06	4.98E-06	1.68E-05	9.00E-06	2.26E-06	5.50E-06
AT>GC	2.30E-06	1.30E-05	3.60E-06	4.98E-06	1.68E-05	9.00E-06	2.26E-06	5.50E-06
AT>TA	2.30E-06	1.30E-05	3.60E-06	4.98E-06	1.68E-05	9.00E-06	2.26E-06	5.50E-06
CC>AA	6.48E-02	1.78E-05	4.99E-02	5.82E-06	5.26E-02	2.85E-02	7.25E-02	6.82E-06
CC>AG	5.37E-06	3.45E-06	1.45E-06	9.83E-06	1.21E-05	1.30E-01	4.02E-06	1.98E-05
CC>AT	6.11E-02	1.77E-05	1.53E-05	6.52E-06	1.86E-05	1.03E-05	4.99E-02	1.74E-05
CC>GA	2.30E-06	1.30E-05	3.60E-06	4.98E-06	1.68E-05	9.00E-06	2.26E-06	5.50E-06
CC>GG	2.30E-06	1.30E-05	3.60E-06	4.98E-06	1.68E-05	9.00E-06	2.26E-06	5.50E-06
CC>GT	4.79E-06	1.99E-02	1.87E-06	9.25E-06	9.93E-02	2.84E-02	4.27E-06	7.22E-02
CC>TA	5.99E-02	3.23E-02	2.47E-02	8.55E-02	2.04E-05	2.85E-02	6.19E-06	1.14E-05
CC>TG	5.11E-06	1.70E-05	4.43E-06	4.64E-06	1.44E-05	9.10E-06	6.17E-02	1.04E-05
CC>TT	3.70E-06	1.03E-01	1.00E-05	9.96E-06	2.24E-05	1.74E-05	6.25E-06	2.04E-05
CG>AT	2.30E-06	1.30E-05	3.60E-06	4.98E-06	1.68E-05	9.00E-06	2.26E-06	5.50E-06
CG>GC	2.30E-06	1.30E-05	3.60E-06	4.98E-06	1.68E-05	9.00E-06	2.26E-06	5.50E-06
CG>GT	2.30E-06	1.30E-05	3.60E-06	4.98E-06	1.68E-05	9.00E-06	2.26E-06	5.50E-06
CG>TA	2.30E-06	1.30E-05	3.60E-06	4.98E-06	1.68E-05	9.00E-06	2.26E-06	5.50E-06
CG>TC	2.30E-06	1.30E-05	3.60E-06	4.98E-06	1.68E-05	9.00E-06	2.26E-06	5.50E-06
CG>TT	2.30E-06	1.30E-05	3.60E-06	4.98E-06	1.68E-05	9.00E-06	2.26E-06	5.50E-06
CT>AA	7.84E-02	3.62E-02	1.68E-06	4.98E-02	3.34E-02	9.10E-06	4.11E-06	1.67E-05
CT>AC	9.07E-02	1.82E-05	1.46E-05	1.22E-05	1.92E-05	1.66E-05	4.99E-02	1.89E-05
CT>AG	2.30E-06	1.30E-05	3.60E-06	4.98E-06	1.68E-05	9.00E-06	2.26E-06	5.50E-06
CT>GA	2.30E-06	1.30E-05	3.60E-06	4.98E-06	1.68E-05	9.00E-06	2.26E-06	5.50E-06
CT>GC	4.23E-06	3.33E-02	5.36E-06	1.83E-01	1.83E-05	2.84E-02	5.13E-06	1.23E-05
CT>GG	2.30E-06	1.30E-05	3.60E-06	4.98E-06	1.68E-05	9.00E-06	2.26E-06	5.50E-06
CT>TA	2.30E-06	1.30E-05	3.60E-06	4.98E-06	1.68E-05	9.00E-06	2.26E-06	5.50E-06
CT>TC	2.30E-06	1.30E-05	3.60E-06	4.98E-06	1.68E-05	9.00E-06	2.26E-06	5.50E-06
CT>TG	2.30E-06	1.30E-05	3.60E-06	4.98E-06	1.68E-05	9.00E-06	2.26E-06	5.50E-06
GC>AA	2.99E-02	1.81E-02	8.00E-02	8.13E-06	1.74E-01	1.61E-05	4.68E-06	1.02E-05
GC>AG	2.30E-06	1.30E-05	3.60E-06	4.98E-06	1.68E-05	9.00E-06	2.26E-06	5.50E-06
GC>AT	2.30E-06	1.30E-05	3.60E-06	4.98E-06	1.68E-05	9.00E-06	2.26E-06	5.50E-06
GC>CA	2.30E-06	1.30E-05	3.60E-06	4.98E-06	1.68E-05	9.00E-06	2.26E-06	5.50E-06
GC>CG	2.30E-06	1.30E-05	3.60E-06	4.98E-06	1.68E-05	9.00E-06	2.26E-06	5.50E-06
GC>TA	2.30E-06	1.30E-05	3.60E-06	4.98E-06	1.68E-05	9.00E-06	2.26E-06	5.50E-06
TA>AT	6.51E-06	3.32E-02	3.50E-06	1.12E-05	1.65E-05	9.64E-02	3.84E-06	1.11E-05
TA>CG	2.30E-06	1.30E-05	3.60E-06	4.98E-06	1.68E-05	9.00E-06	2.26E-06	5.50E-06
TA>CT	2.30E-06	1.30E-05	3.60E-06	4.98E-06	1.68E-05	9.00E-06	2.26E-06	5.50E-06
TA>GC	2.30E-06	1.30E-05	3.60E-06	4.98E-06	1.68E-05	9.00E-06	2.26E-06	5.50E-06
TA>GG	2.30E-06	1.30E-05	3.60E-06	4.98E-06	1.68E-05	9.00E-06	2.26E-06	5.50E-06
TA>GT	5.94E-06	9.72E-06	4.95E-06	2.85E-02	6.65E-02	5.70E-02	4.59E-06	1.73E-05
TC>AA	3.39E-06	1.42E-05	2.66E-06	6.45E-06	1.82E-05	1.14E-05	7.63E-02	1.21E-05
TC>AG	2.30E-06	1.30E-05	3.60E-06	4.98E-06	1.68E-05	9.00E-06	2.26E-06	5.50E-06
TC>AT	4.03E-02	3.63E-02	5.04E-02	1.34E-05	6.51E-02	1.34E-05	3.55E-06	1.49E-05
TC>CA	2.30E-06	1.30E-05	3.60E-06	4.98E-06	1.68E-05	9.00E-06	2.26E-06	5.50E-06
TC>CG	2.30E-06	1.30E-05	3.60E-06	4.98E-06	1.68E-05	9.00E-06	2.26E-06	5.50E-06
TC>CT	2.30E-06	1.30E-05	3.60E-06	4.98E-06	1.68E-05	9.00E-06	2.26E-06	5.50E-06
TC>GA	2.30E-06	1.30E-05	3.60E-06	4.98E-06	1.68E-05	9.00E-06	2.26E-06	5.50E-06
TC>GG	2.30E-06	1.30E-05	3.60E-06	4.98E-06	1.68E-05	9.00E-06	2.26E-06	5.50E-06
TC>GT	2.42E-06	9.24E-06	1.49E-06	1.00E-05	1.89E-01	8.23E-06	3.69E-06	5.53E-02
TG>AA	2.30E-06	1.30E-05	3.60E-06	4.98E-06	1.68E-05	9.00E-06	2.26E-06	5.50E-06
TG>AC	2.30E-06	1.30E-05	3.60E-06	4.98E-06	1.68E-05	9.00E-06	2.26E-06	5.50E-06
TG>AT	4.04E-06	1.64E-05	5.13E-06	8.43E-06	1.57E-05	1.50E-05	8.56E-02	1.51E-05
TG>CA	2.30E-06	1.30E-05	3.60E-06	4.98E-06	1.68E-05	9.00E-06	2.26E-06	5.50E-06
TG>CC	1.92E-07	1.14E-06	5.34E-06	1.08E-05	1.40E-05	1.92E-05	3.21E-06	1.05E-01
TG>CT	7.12E-06	9.79E-06	4.29E-06	7.24E-02	2.11E-05	2.84E-02	4.46E-06	1.91E-05
TG>GA	3.43E-02	6.47E-06	3.68E-06	6.57E-02	1.92E-05	1.50E-05	5.72E-06	1.82E-05
TG>GC	2.68E-02	1.77E-05	3.33E-02	6.64E-02	1.84E-05	1.45E-05	4.50E-06	9.95E-02
TG>GT	2.30E-06	1.30E-05	3.60E-06	4.98E-06	1.68E-05	9.00E-06	2.26E-06	5.50E-06
TT>AA	4.00E-06	3.63E-02	4.93E-02	5.63E-06	2.06E-05	1.16E-05	3.71E-06	9.35E-06
TT>AC	2.30E-06	1.30E-05	3.60E-06	4.98E-06	1.68E-05	9.00E-06	2.26E-06	5.50E-06
TT>AG	2.30E-06	1.30E-05	3.60E-06	4.98E-06	1.68E-05	9.00E-06	2.26E-06	5.50E-06
TT>CA	2.30E-06	1.30E-05	3.60E-06	4.98E-06	1.68E-05	9.00E-06	2.26E-06	5.50E-06
TT>CC	2.30E-06	1.30E-05	3.60E-06	4.98E-06	1.68E-05	9.00E-06	2.26E-06	5.50E-06
TT>CG	2.30E-06	1.30E-05	3.60E-06	4.98E-06	1.68E-05	9.00E-06	2.26E-06	5.50E-06
TT>GA	2.30E-06	1.30E-05	3.60E-06	4.98E-06	1.68E-05	9.00E-06	2.26E-06	5.50E-06
TT>GC	2.30E-06	1.30E-05	3.60E-06	4.98E-06	1.68E-05	9.00E-06	2.26E-06	5.50E-06
TT>GG	2.30E-06	1.30E-05	3.60E-06	4.98E-06	1.68E-05	9.00E-06	2.26E-06	5.50E-06
