MutationType	DBS78A	DBS78B	DBS78C	DBS78D	DBS78E	DBS78F	DBS78G	DBS78H
AC>CA	0.029979846512287623	3.390500987734413e-05	9.23110346775502e-06	0.028561143705155702	0.03329140229798213	0.028551400002470473	1.916099663503701e-05	7.617366209160537e-05
AC>CG	2.789043719531037e-05	4.803472838830203e-05	1.7649921392148827e-05	4.72708616143791e-05	5.8130459365202114e-05	7.245867382152938e-05	2.7818309536087327e-05	9.041625016834587e-05
AC>CT	2.789043719531037e-05	4.803472838830203e-05	1.7649921392148827e-05	4.72708616143791e-05	5.8130459365202114e-05	7.245867382152938e-05	2.7818309536087327e-05	9.041625016834587e-05
AC>GA	2.789043719531037e-05	4.803472838830203e-05	1.7649921392148827e-05	4.72708616143791e-05	5.8130459365202114e-05	7.245867382152938e-05	2.7818309536087327e-05	9.041625016834587e-05
AC>GG	1.2110969185439478e-05	2.632446131656252e-05	1.1785360652538656e-05	3.5162515814590733e-05	3.193247348463046e-05	0.12795911906802077	0.06653011161121843	5.680512149410788e-05
AC>GT	2.789043719531037e-05	4.803472838830203e-05	1.7649921392148827e-05	4.72708616143791e-05	5.8130459365202114e-05	7.245867382152938e-05	2.7818309536087327e-05	9.041625016834587e-05
AC>TA	2.789043719531037e-05	4.803472838830203e-05	1.7649921392148827e-05	4.72708616143791e-05	5.8130459365202114e-05	7.245867382152938e-05	2.7818309536087327e-05	9.041625016834587e-05
AC>TG	2.789043719531037e-05	4.803472838830203e-05	1.7649921392148827e-05	4.72708616143791e-05	5.8130459365202114e-05	7.245867382152938e-05	2.7818309536087327e-05	9.041625016834587e-05
AC>TT	0.04190201189737763	1.2526467553819476e-05	2.482955313498279e-06	0.19931861629456762	4.392281394416386e-05	4.9243625517192414e-05	0.03328134554789379	0.079640044333064
AT>CA	2.789043719531037e-05	4.803472838830203e-05	1.7649921392148827e-05	4.72708616143791e-05	5.8130459365202114e-05	7.245867382152938e-05	2.7818309536087327e-05	9.041625016834587e-05
AT>CC	2.789043719531037e-05	4.803472838830203e-05	1.7649921392148827e-05	4.72708616143791e-05	5.8130459365202114e-05	7.245867382152938e-05	2.7818309536087327e-05	9.041625016834587e-05
AT>CG	2.789043719531037e-05	4.803472838830203e-05	1.7649921392148827e-05	4.72708616143791e-05	5.8130459365202114e-05	7.245867382152938e-05	2.7818309536087327e-05	9.041625016834587e-05
AT>GA	2.789043719531037e-05	4.803472838830203e-05	1.7649921392148827e-05	4.72708616143791e-05	5.8130459365202114e-05	7.245867382152938e-05	2.7818309536087327e-05	9.041625016834587e-05
AT>GC	2.789043719531037e-05	4.803472838830203e-05	1.7649921392148827e-05	4.72708616143791e-05	5.8130459365202114e-05	7.245867382152938e-05	2.7818309536087327e-05	9.041625016834587e-05
AT>TA	2.789043719531037e-05	4.803472838830203e-05	1.7649921392148827e-05	4.72708616143791e-05	5.8130459365202114e-05	7.245867382152938e-05	2.7818309536087327e-05	9.041625016834587e-05
CC>AA	0.30745423436164854	1.7770899285096674e-05	0.049981692880101035	2.6514944511291106e-05	0.08319367351696201	0.02851331471449119	0.11642885358351122	5.315944436006248e-05
CC>AG	8.478739212739515e-06	7.98961016256703e-06	2.0471536441135643e-06	2.9987702157541206e-05	1.7218718575538417e-05	0.5115063905715942	1.2282440291047636e-05	4.21620382320409e-05
CC>AT	0.12587833836817391	3.076958473684499e-05	3.0478691996904672e-05	3.782228959607892e-05	2.6548573814011434e-05	5.16900248840102e-05	0.04993769470256666	7.4183380274917e-05
CC>GA	2.789043719531037e-05	4.803472838830203e-05	1.7649921392148827e-05	4.72708616143791e-05	5.8130459365202114e-05	7.245867382152938e-05	2.7818309536087327e-05	9.041625016834587e-05
CC>GG	2.789043719531037e-05	4.803472838830203e-05	1.7649921392148827e-05	4.72708616143791e-05	5.8130459365202114e-05	7.245867382152938e-05	2.7818309536087327e-05	9.041625016834587e-05
CC>GT	1.4325828396977159e-05	0.01996841085179586	5.8964540659900425e-06	2.812692443967535e-05	0.09928974374124663	0.028484623444455792	1.691134961218643e-05	0.11592649288795656
CC>TA	0.05992642841958534	0.10765280822978482	0.02471451295205217	0.08558791846589883	4.66951590796075e-05	0.028537317325231015	1.4109523419847392e-05	7.201267944765278e-05
CC>TG	1.6607967845638782e-05	3.501520695863292e-05	8.634493133286088e-06	4.221354647597764e-05	4.536235173873138e-05	4.770987470692489e-05	0.12477452387720404	6.650964787695557e-05
CC>TT	6.040627811961836e-06	0.60111123919487	2.6765827351482584e-05	3.357387693085912e-05	4.6213985638694644e-05	3.597875023478872e-05	1.5201688660516405e-05	4.884123163719778e-05
CG>AT	2.789043719531037e-05	4.803472838830203e-05	1.7649921392148827e-05	4.72708616143791e-05	5.8130459365202114e-05	7.245867382152938e-05	2.7818309536087327e-05	9.041625016834587e-05
CG>GC	2.789043719531037e-05	4.803472838830203e-05	1.7649921392148827e-05	4.72708616143791e-05	5.8130459365202114e-05	7.245867382152938e-05	2.7818309536087327e-05	9.041625016834587e-05
CG>GT	2.789043719531037e-05	4.803472838830203e-05	1.7649921392148827e-05	4.72708616143791e-05	5.8130459365202114e-05	7.245867382152938e-05	2.7818309536087327e-05	9.041625016834587e-05
CG>TA	2.789043719531037e-05	4.803472838830203e-05	1.7649921392148827e-05	4.72708616143791e-05	5.8130459365202114e-05	7.245867382152938e-05	2.7818309536087327e-05	9.041625016834587e-05
CG>TC	2.789043719531037e-05	4.803472838830203e-05	1.7649921392148827e-05	4.72708616143791e-05	5.8130459365202114e-05	7.245867382152938e-05	2.7818309536087327e-05	9.041625016834587e-05
CG>TT	2.789043719531037e-05	4.803472838830203e-05	1.7649921392148827e-05	4.72708616143791e-05	5.8130459365202114e-05	7.245867382152938e-05	2.7818309536087327e-05	9.041625016834587e-05
CT>AA	0.11310071660127505	0.036243552558930504	2.0592153532561498e-06	0.049852373376415925	0.03343485334280558	4.6314115206769205e-05	1.4414959309760889e-05	5.519190893892301e-05
CT>AC	0.1469832284417627	3.2301223109243436e-05	3.5738122097178006e-05	3.3048075423725255e-05	2.679591714928245e-05	5.358405319029202e-05	0.04993421931563944	6.91396006004652e-05
CT>AG	2.789043719531037e-05	4.803472838830203e-05	1.7649921392148827e-05	4.72708616143791e-05	5.8130459365202114e-05	7.245867382152938e-05	2.7818309536087327e-05	9.041625016834587e-05
CT>GA	2.789043719531037e-05	4.803472838830203e-05	1.7649921392148827e-05	4.72708616143791e-05	5.8130459365202114e-05	7.245867382152938e-05	2.7818309536087327e-05	9.041625016834587e-05
CT>GC	9.121706102632744e-06	0.03326813280790475	7.461165296282101e-06	0.3155205840841518	2.647718339403582e-05	0.028459532205079085	1.1896741054694474e-05	3.1489508387494425e-05
CT>GG	2.789043719531037e-05	4.803472838830203e-05	1.7649921392148827e-05	4.72708616143791e-05	5.8130459365202114e-05	7.245867382152938e-05	2.7818309536087327e-05	9.041625016834587e-05
CT>TA	2.789043719531037e-05	4.803472838830203e-05	1.7649921392148827e-05	4.72708616143791e-05	5.8130459365202114e-05	7.245867382152938e-05	2.7818309536087327e-05	9.041625016834587e-05
CT>TC	2.789043719531037e-05	4.803472838830203e-05	1.7649921392148827e-05	4.72708616143791e-05	5.8130459365202114e-05	7.245867382152938e-05	2.7818309536087327e-05	9.041625016834587e-05
CT>TG	2.789043719531037e-05	4.803472838830203e-05	1.7649921392148827e-05	4.72708616143791e-05	5.8130459365202114e-05	7.245867382152938e-05	2.7818309536087327e-05	9.041625016834587e-05
GC>AA	0.029962484255966072	0.018204771889088533	0.11498436010078876	3.570435583242215e-05	0.2842109086934215	5.582949674900473e-05	1.5051733596749272e-05	7.420645633828826e-05
GC>AG	2.789043719531037e-05	4.803472838830203e-05	1.7649921392148827e-05	4.72708616143791e-05	5.8130459365202114e-05	7.245867382152938e-05	2.7818309536087327e-05	9.041625016834587e-05
GC>AT	2.789043719531037e-05	4.803472838830203e-05	1.7649921392148827e-05	4.72708616143791e-05	5.8130459365202114e-05	7.245867382152938e-05	2.7818309536087327e-05	9.041625016834587e-05
GC>CA	2.789043719531037e-05	4.803472838830203e-05	1.7649921392148827e-05	4.72708616143791e-05	5.8130459365202114e-05	7.245867382152938e-05	2.7818309536087327e-05	9.041625016834587e-05
GC>CG	2.789043719531037e-05	4.803472838830203e-05	1.7649921392148827e-05	4.72708616143791e-05	5.8130459365202114e-05	7.245867382152938e-05	2.7818309536087327e-05	9.041625016834587e-05
GC>TA	2.789043719531037e-05	4.803472838830203e-05	1.7649921392148827e-05	4.72708616143791e-05	5.8130459365202114e-05	7.245867382152938e-05	2.7818309536087327e-05	9.041625016834587e-05
TA>AT	1.949462506982691e-05	0.03328045712360108	7.273335529494096e-06	3.524395223735849e-05	4.4575327046914025e-05	0.12797449784266063	2.2098541012383067e-05	7.253118892549537e-05
TA>CG	2.789043719531037e-05	4.803472838830203e-05	1.7649921392148827e-05	4.72708616143791e-05	5.8130459365202114e-05	7.245867382152938e-05	2.7818309536087327e-05	9.041625016834587e-05
TA>CT	2.789043719531037e-05	4.803472838830203e-05	1.7649921392148827e-05	4.72708616143791e-05	5.8130459365202114e-05	7.245867382152938e-05	2.7818309536087327e-05	9.041625016834587e-05
TA>GC	2.789043719531037e-05	4.803472838830203e-05	1.7649921392148827e-05	4.72708616143791e-05	5.8130459365202114e-05	7.245867382152938e-05	2.7818309536087327e-05	9.041625016834587e-05
TA>GG	2.789043719531037e-05	4.803472838830203e-05	1.7649921392148827e-05	4.72708616143791e-05	5.8130459365202114e-05	7.245867382152938e-05	2.7818309536087327e-05	9.041625016834587e-05
TA>GT	2.081701131909144e-05	3.2653532070980876e-05	8.187945331883384e-06	0.02855965085182106	0.0665195354035242	0.05703536825298226	2.065591270365985e-05	6.505948079507106e-05
TC>AA	8.720919730497372e-06	2.24803981656585e-05	4.9658190349077815e-06	4.002849782409612e-05	3.051742197612839e-05	2.839255611917224e-05	0.316122242808342	4.271773395885248e-05
TC>AG	2.789043719531037e-05	4.803472838830203e-05	1.7649921392148827e-05	4.72708616143791e-05	5.8130459365202114e-05	7.245867382152938e-05	2.7818309536087327e-05	9.041625016834587e-05
TC>AT	0.06309635522884491	0.03635209019485046	0.7264748573303222	3.3096557130453875e-05	0.06519737553153392	4.302758261474082e-05	2.0866321938228795e-05	5.969788871880155e-05
TC>CA	2.789043719531037e-05	4.803472838830203e-05	1.7649921392148827e-05	4.72708616143791e-05	5.8130459365202114e-05	7.245867382152938e-05	2.7818309536087327e-05	9.041625016834587e-05
TC>CG	2.789043719531037e-05	4.803472838830203e-05	1.7649921392148827e-05	4.72708616143791e-05	5.8130459365202114e-05	7.245867382152938e-05	2.7818309536087327e-05	9.041625016834587e-05
TC>CT	2.789043719531037e-05	4.803472838830203e-05	1.7649921392148827e-05	4.72708616143791e-05	5.8130459365202114e-05	7.245867382152938e-05	2.7818309536087327e-05	9.041625016834587e-05
TC>GA	2.789043719531037e-05	4.803472838830203e-05	1.7649921392148827e-05	4.72708616143791e-05	5.8130459365202114e-05	7.245867382152938e-05	2.7818309536087327e-05	9.041625016834587e-05
TC>GG	2.789043719531037e-05	4.803472838830203e-05	1.7649921392148827e-05	4.72708616143791e-05	5.8130459365202114e-05	7.245867382152938e-05	2.7818309536087327e-05	9.041625016834587e-05
TC>GT	7.912253988706652e-06	1.4878644736704416e-05	3.0837803611794e-06	2.7577317348459472e-05	0.33112997141070083	3.836380019492935e-05	1.3811876902281029e-05	0.08947599890971106
TG>AA	2.789043719531037e-05	4.803472838830203e-05	1.7649921392148827e-05	4.72708616143791e-05	5.8130459365202114e-05	7.245867382152938e-05	2.7818309536087327e-05	9.041625016834587e-05
TG>AC	2.789043719531037e-05	4.803472838830203e-05	1.7649921392148827e-05	4.72708616143791e-05	5.8130459365202114e-05	7.245867382152938e-05	2.7818309536087327e-05	9.041625016834587e-05
TG>AT	1.4253998218124574e-05	2.6680357181985136e-05	6.384462709263517e-06	3.6296180769568306e-05	4.2510427738307045e-05	3.3307808323002064e-05	0.24123545825787004	4.734760441351682e-05
TG>CA	2.789043719531037e-05	4.803472838830203e-05	1.7649921392148827e-05	4.72708616143791e-05	5.8130459365202114e-05	7.245867382152938e-05	2.7818309536087327e-05	9.041625016834587e-05
TG>CC	1.9234223789239035e-07	2.1513357526609793e-06	7.27586272675218e-06	1.782753252683733e-05	2.9003467180643838e-05	3.0452895212995658e-05	8.879283508633762e-06	0.6094116270542145
TG>CT	1.5493417231482452e-05	2.931192446027353e-05	8.687413355801255e-06	0.1162573182984488	4.841093361847015e-05	0.028478578842486967	1.6432401674748575e-05	4.3298576406414214e-05
TG>GA	0.053245732527147996	2.170884084620184e-05	4.072174762967916e-06	0.10689074787514982	5.251162892818684e-05	5.099444697407307e-05	1.5648685231894887e-05	6.330675050776335e-05
TG>GC	0.026825786136719987	3.193470201949822e-05	0.033321017421440044	0.06641347112226015	4.123126143440459e-05	3.460370694483572e-05	1.9691007491928757e-05	0.09955880252455244
TG>GT	2.789043719531037e-05	4.803472838830203e-05	1.7649921392148827e-05	4.72708616143791e-05	5.8130459365202114e-05	7.245867382152938e-05	2.7818309536087327e-05	9.041625016834587e-05
TT>AA	1.322762382214132e-05	0.11099424856947734	0.0493958871869836	4.04076785343932e-05	5.1658094889717177e-05	6.0106286764494146e-05	2.3904675254016182e-05	8.09985343948938e-05
TT>AC	2.789043719531037e-05	4.803472838830203e-05	1.7649921392148827e-05	4.72708616143791e-05	5.8130459365202114e-05	7.245867382152938e-05	2.7818309536087327e-05	9.041625016834587e-05
TT>AG	2.789043719531037e-05	4.803472838830203e-05	1.7649921392148827e-05	4.72708616143791e-05	5.8130459365202114e-05	7.245867382152938e-05	2.7818309536087327e-05	9.041625016834587e-05
TT>CA	2.789043719531037e-05	4.803472838830203e-05	1.7649921392148827e-05	4.72708616143791e-05	5.8130459365202114e-05	7.245867382152938e-05	2.7818309536087327e-05	9.041625016834587e-05
TT>CC	2.789043719531037e-05	4.803472838830203e-05	1.7649921392148827e-05	4.72708616143791e-05	5.8130459365202114e-05	7.245867382152938e-05	2.7818309536087327e-05	9.041625016834587e-05
TT>CG	2.789043719531037e-05	4.803472838830203e-05	1.7649921392148827e-05	4.72708616143791e-05	5.8130459365202114e-05	7.245867382152938e-05	2.7818309536087327e-05	9.041625016834587e-05
TT>GA	2.789043719531037e-05	4.803472838830203e-05	1.7649921392148827e-05	4.72708616143791e-05	5.8130459365202114e-05	7.245867382152938e-05	2.7818309536087327e-05	9.041625016834587e-05
TT>GC	2.789043719531037e-05	4.803472838830203e-05	1.7649921392148827e-05	4.72708616143791e-05	5.8130459365202114e-05	7.245867382152938e-05	2.7818309536087327e-05	9.041625016834587e-05
TT>GG	2.789043719531037e-05	4.803472838830203e-05	1.7649921392148827e-05	4.72708616143791e-05	5.8130459365202114e-05	7.245867382152938e-05	2.7818309536087327e-05	9.041625016834587e-05
