MutationType	ID1	ID2	ID7	ID13	ID16	ID83A	ID83B	ID83C	ID83E	ID83G	ID83H	ID83I	ID83J
1:Del:C:0	0.00015989	0.00482412	0.00046656	0.06554837	0.00095277	0.00000065	0.00111721	0.00200838	0.00005129	0.00412032	0.00170640	0.00381160	0.00145056
1:Del:C:1	0.00077352	0.00002210	0.00000000	0.01753646	0.00000000	0.01552551	0.02340442	0.00529984	0.93449315	0.00000672	0.00000482	0.00000727	0.00000417
1:Del:C:2	0.00000000	0.00000311	0.00856194	0.00512022	0.00008150	0.00002478	0.01795176	0.59989863	0.00897682	0.00042277	0.00000643	0.00000790	0.00000319
1:Del:C:3	0.00190761	0.00247208	0.04236015	0.00535052	0.00162491	0.17141763	0.15282632	0.10923741	0.00001575	0.00326247	0.00000221	0.00000694	0.00000478
1:Del:C:4	0.00070599	0.00385698	0.11489191	0.00434601	0.00337864	0.07393729	0.14126476	0.06306391	0.00000693	0.04657288	0.00000709	0.00001331	0.00001014
1:Del:C:5	0.00337011	0.01461542	0.25176314	0.00084306	0.00000000	0.01275876	0.01395360	0.00468442	0.00000886	0.03854022	0.00000660	0.00001281	0.00001450
1:Del:T:0	0.00131160	0.00790597	0.00266749	0.05369876	0.00062865	0.00000138	0.00024382	0.00000164	0.00006048	0.00089617	0.00096757	0.00161539	0.00042486
1:Del:T:1	0.00000000	0.00000000	0.00773273	0.49822416	0.00015704	0.00595122	0.00951479	0.00929889	0.01396351	0.00000785	0.00000530	0.00000642	0.00000370
1:Del:T:2	0.00093645	0.00703642	0.00025476	0.02377780	0.00000000	0.04497241	0.36482265	0.11428538	0.00001533	0.01170608	0.00000393	0.00000776	0.00000421
1:Del:T:3	0.00229585	0.02023474	0.02897274	0.06278095	0.00000000	0.44690250	0.00521700	0.03436745	0.00000824	0.00001837	0.00000336	0.00000774	0.00000332
1:Del:T:4	0.00429142	0.04711993	0.15885055	0.02300438	0.00100165	0.12615688	0.07266344	0.03484038	0.00001029	0.17655413	0.00000659	0.00000717	0.00000356
1:Del:T:5	0.00000000	0.81469723	0.00000019	0.00607958	0.00000000	0.06583916	0.04930381	0.00905217	0.00000248	0.03697475	0.00000007	0.00000227	0.00000096
1:Ins:C:0	0.00000000	0.00000000	0.00067237	0.00285043	0.06027134	0.00000030	0.00000398	0.00569078	0.00089667	0.00435211	0.00190807	0.00707298	0.00310445
1:Ins:C:1	0.00000000	0.00022703	0.00002620	0.00165226	0.13648409	0.00000109	0.00000400	0.00000378	0.00000601	0.01670405	0.00956700	0.01950430	0.02086322
1:Ins:C:2	0.00000000	0.00002620	0.00002580	0.00082125	0.12468356	0.00000128	0.00000430	0.00000152	0.00000364	0.01194551	0.00599449	0.00945385	0.00992181
1:Ins:C:3	0.00084599	0.00043005	0.00240773	0.00037556	0.09888312	0.00427002	0.00000360	0.00003310	0.00000278	0.00603611	0.00092698	0.02655504	0.00307349
1:Ins:C:4	0.00178553	0.00291185	0.01548543	0.00014858	0.06209438	0.00004894	0.01305267	0.00000132	0.00000457	0.00669723	0.00469568	0.01807915	0.01282551
1:Ins:C:5	0.02429654	0.00901754	0.06034323	0.00070698	0.03103460	0.00000176	0.01167030	0.00000099	0.00000239	0.00476126	0.00202326	0.01967143	0.00268579
1:Ins:T:0	0.00228382	0.00132856	0.00000136	0.04113701	0.03019429	0.00000032	0.01940197	0.00000433	0.00000524	0.00814487	0.00559100	0.02161187	0.01419570
1:Ins:T:1	0.00004030	0.00000000	0.00037365	0.00474885	0.10316023	0.00000088	0.00000147	0.00000347	0.00000610	0.01643499	0.03356371	0.19045418	0.03884223
1:Ins:T:2	0.00019286	0.00064703	0.01838271	0.00305417	0.10873848	0.00000933	0.00710771	0.00000070	0.00000255	0.01658684	0.00014835	0.03278728	0.01157333
1:Ins:T:3	0.00424327	0.00108288	0.00889164	0.00927186	0.10093945	0.00000411	0.01761365	0.00000299	0.00000508	0.00001117	0.00812284	0.01943985	0.00929166
1:Ins:T:4	0.01664913	0.00348746	0.01278797	0.01209864	0.05196238	0.00000199	0.01261715	0.00000114	0.00042775	0.00096595	0.00081871	0.00234218	0.00380457
1:Ins:T:5	0.89090647	0.00313258	0.01078985	0.01109979	0.03500769	0.00000001	0.00000123	0.00000000	0.00000179	0.02052390	0.00632946	0.00760021	0.06913486
2:Del:R:0	0.00068605	0.00016381	0.00002330	0.02218440	0.00192294	0.00000428	0.00000133	0.00000009	0.00000024	0.00104771	0.00000120	0.00000625	0.47555835
2:Del:R:1	0.00121997	0.00356888	0.00818230	0.00433321	0.00201465	0.00000544	0.00160922	0.00000107	0.00000481	0.00061564	0.00380027	0.01456526	0.00540841
2:Del:R:2	0.00047275	0.00184957	0.00899154	0.00310892	0.00111679	0.00000117	0.00000480	0.00000219	0.00012459	0.00064619	0.00014296	0.00017283	0.00042030
2:Del:R:3	0.00042672	0.00073904	0.07213214	0.00010557	0.00047226	0.00000109	0.00000538	0.00000240	0.00006188	0.00055615	0.00008319	0.00134407	0.00014687
2:Del:R:4	0.00005460	0.00088193	0.05225084	0.00000613	0.00003880	0.00000095	0.00000496	0.00000169	0.00011627	0.00037132	0.00127237	0.00214194	0.00051814
2:Del:R:5	0.00000000	0.00000000	0.05704633	0.00006630	0.00000000	0.00000148	0.00000630	0.00000288	0.00000827	0.00001696	0.00002360	0.00003175	0.00002794
3:Del:R:0	0.00012804	0.00001250	0.00062541	0.00303967	0.00106014	0.00004012	0.01650094	0.00001706	0.00019769	0.00462495	0.01189571	0.10382830	0.06777577
3:Del:R:1	0.00501109	0.00500326	0.01168900	0.00118696	0.00232592	0.00000075	0.00332957	0.00000228	0.00000406	0.00199885	0.00022534	0.00513560	0.00234809
3:Del:R:2	0.00076938	0.00228989	0.00547485	0.00038438	0.00115037	0.00029149	0.00000536	0.00134930	0.00000789	0.00001468	0.00007103	0.00050997	0.00183086
3:Del:R:3	0.00037126	0.00040259	0.00345675	0.00006900	0.00012055	0.00000148	0.00000630	0.00000288	0.00000827	0.00001696	0.00002360	0.00003175	0.00002794
3:Del:R:4	0.00000000	0.00000000	0.00049254	0.00000309	0.00001610	0.00000148	0.00000630	0.00000288	0.00000827	0.00001696	0.00002360	0.00003175	0.00002794
3:Del:R:5	0.00000000	0.00000000	0.00043659	0.00009960	0.00000958	0.00000148	0.00000630	0.00000288	0.00000827	0.00001696	0.00002360	0.00003175	0.00002794
4:Del:R:0	0.00009970	0.00001210	0.00013088	0.00215535	0.00069891	0.00193504	0.00000449	0.00000027	0.00000182	0.01373642	0.01131578	0.02506218	0.02218201
4:Del:R:1	0.00090050	0.00211579	0.00339680	0.00002300	0.00042630	0.00122952	0.00000548	0.00000160	0.00000940	0.00032672	0.00011164	0.00213439	0.00176160
4:Del:R:2	0.00000323	0.00054329	0.00277739	0.00007920	0.00007830	0.00000148	0.00000629	0.00000288	0.00000827	0.00001696	0.00002360	0.00003176	0.00002795
4:Del:R:3	0.00000000	0.00000727	0.00043959	0.00003920	0.00000000	0.00000148	0.00000630	0.00000288	0.00000827	0.00001696	0.00002360	0.00003175	0.00002794
4:Del:R:4	0.00000000	0.00000000	0.00020181	0.00000947	0.00000263	0.00000148	0.00000630	0.00000288	0.00000827	0.00001696	0.00002360	0.00003175	0.00002794
4:Del:R:5	0.00002890	0.00021041	0.00025076	0.00006300	0.00000000	0.00000148	0.00000629	0.00000288	0.00000827	0.00001696	0.00002360	0.00003176	0.00002795
5:Del:R:0	0.00000835	0.00003850	0.00008550	0.02009754	0.00556879	0.00000015	0.00000162	0.00000001	0.00000010	0.00000931	0.65733598	0.00000405	0.01318997
5:Del:R:1	0.00019068	0.00297751	0.00347673	0.00298053	0.00011024	0.00000148	0.00000630	0.00000288	0.00000827	0.00001696	0.00002360	0.00003175	0.00002794
5:Del:R:2	0.00012636	0.00039753	0.00116890	0.00006990	0.00001540	0.00000148	0.00000630	0.00000288	0.00000827	0.00001696	0.00002360	0.00003175	0.00002794
5:Del:R:3	0.00001890	0.00015815	0.00040662	0.00000640	0.00000673	0.00000148	0.00000630	0.00000288	0.00000827	0.00001696	0.00002360	0.00003175	0.00002794
5:Del:R:4	0.00000311	0.00008470	0.00012588	0.00000146	0.00000027	0.00000148	0.00000630	0.00000288	0.00000827	0.00001696	0.00002360	0.00003175	0.00002794
5:Del:R:5	0.00003130	0.00002120	0.00002080	0.00000235	0.00000000	0.00000148	0.00000630	0.00000288	0.00000827	0.00001696	0.00002360	0.00003175	0.00002794
2:Ins:R:0	0.00040204	0.00033185	0.00003040	0.01061841	0.00219179	0.00000045	0.00381876	0.00000230	0.00122506	0.00818611	0.00051645	0.01545352	0.00494895
2:Ins:R:1	0.00000788	0.00027166	0.00039763	0.00180137	0.00108785	0.00122938	0.00253801	0.00000344	0.00000235	0.01417980	0.00233218	0.03727488	0.00972134
2:Ins:R:2	0.00022135	0.00103534	0.00007010	0.00068852	0.00072993	0.00000073	0.00574309	0.00000136	0.00269633	0.00587995	0.00451905	0.02180662	0.00439158
2:Ins:R:3	0.00051427	0.00038133	0.00314704	0.00074354	0.00009480	0.00000131	0.00000595	0.00000247	0.00000789	0.00007831	0.00002227	0.00003038	0.00003031
2:Ins:R:4	0.00291310	0.00197742	0.00182828	0.00021335	0.00013166	0.00101823	0.00013159	0.00000198	0.00000676	0.00120532	0.00016832	0.00091944	0.00022227
2:Ins:R:5	0.01812158	0.01363338	0.00024477	0.00084658	0.00000118	0.00081497	0.00115632	0.00000171	0.00012396	0.00027872	0.00080382	0.00021621	0.00088337
3:Ins:R:0	0.00000031	0.00005780	0.00000000	0.00008210	0.00057059	0.00000083	0.00000341	0.00000229	0.00000514	0.00638090	0.00234251	0.00573826	0.00447482
3:Ins:R:1	0.00025469	0.00122705	0.00000551	0.00368833	0.00109218	0.00000040	0.00136488	0.00000120	0.00044020	0.00117232	0.00059125	0.01074747	0.00195168
3:Ins:R:2	0.00004410	0.00021007	0.00005470	0.00020251	0.00028127	0.00000130	0.00000513	0.00000215	0.00000706	0.00145267	0.00171024	0.00401774	0.00181343
3:Ins:R:3	0.00016670	0.00000302	0.00017783	0.00002370	0.00003180	0.00000148	0.00000629	0.00000288	0.00000827	0.00001696	0.00002360	0.00003176	0.00002795
3:Ins:R:4	0.00008890	0.00014181	0.00041561	0.00000349	0.00007560	0.00000100	0.00000463	0.00000181	0.00000608	0.00017391	0.00030470	0.00052757	0.00031875
3:Ins:R:5	0.00124870	0.00186471	0.00076928	0.00003540	0.00002290	0.00000078	0.00129639	0.00092414	0.00013889	0.00096153	0.00102399	0.00002866	0.00071736
4:Ins:R:0	0.00000000	0.00001680	0.00000000	0.00111880	0.00032756	0.00000052	0.00017029	0.00134854	0.00012315	0.00318748	0.00250726	0.00228229	0.00251229
4:Ins:R:1	0.00074438	0.00120373	0.00002610	0.00269163	0.00150698	0.00000189	0.00206560	0.00000168	0.00000551	0.00628376	0.00226889	0.01544573	0.00170136
4:Ins:R:2	0.00007550	0.00001220	0.00019482	0.00006930	0.00004500	0.00000084	0.00047887	0.00000160	0.00011562	0.00081824	0.00019645	0.00243342	0.00035781
4:Ins:R:3	0.00015754	0.00013417	0.00027374	0.00000064	0.00000030	0.00000148	0.00000630	0.00000288	0.00000827	0.00001696	0.00002360	0.00003175	0.00002794
4:Ins:R:4	0.00031965	0.00024939	0.00025876	0.00001210	0.00000940	0.00000148	0.00000630	0.00000288	0.00000827	0.00001696	0.00002360	0.00003175	0.00002794
4:Ins:R:5	0.00100132	0.00219354	0.00000874	0.00000031	0.00000000	0.00000077	0.00000534	0.00000187	0.00000635	0.00022205	0.00014098	0.00023164	0.00053764
5:Ins:R:0	0.00000000	0.00000000	0.00000000	0.00259023	0.00117259	0.00000008	0.00477330	0.00368491	0.00161061	0.00570392	0.00670673	0.00589395	0.00177739
5:Ins:R:1	0.00144313	0.00013566	0.00000000	0.01350195	0.00110119	0.00001022	0.01017378	0.00000240	0.00083529	0.00844391	0.00618675	0.02654660	0.01327805
5:Ins:R:2	0.00025483	0.00000553	0.00000884	0.00004590	0.00000083	0.00000148	0.00000630	0.00000288	0.00000827	0.00001696	0.00002360	0.00003175	0.00002794
5:Ins:R:3	0.00023709	0.00009770	0.00000446	0.00004610	0.00000000	0.00000148	0.00000629	0.00000288	0.00000827	0.00001696	0.00002360	0.00003176	0.00002795
5:Ins:R:4	0.00026187	0.00000215	0.00001060	0.00000243	0.00000000	0.00000095	0.00000570	0.00000228	0.00020645	0.00018852	0.00002019	0.00071186	0.00062085
5:Ins:R:5	0.00011983	0.00011563	0.00000428	0.00004330	0.00000000	0.00000080	0.00029537	0.00000213	0.00000601	0.00039027	0.00013045	0.00023598	0.00037570
2:Del:M:1	0.00119782	0.00017555	0.00312706	0.00887241	0.00137420	0.02452460	0.00000291	0.00000045	0.00815442	0.02508543	0.00598053	0.04953362	0.05251640
3:Del:M:1	0.00008190	0.00000055	0.00025476	0.00114008	0.00076447	0.00000001	0.00000638	0.00000000	0.00000085	0.04449039	0.00000477	0.09522636	0.03333708
3:Del:M:2	0.00147959	0.00294406	0.00463564	0.00045031	0.00098036	0.00000051	0.00000396	0.00077717	0.00118303	0.00860379	0.00091195	0.04042309	0.02304147
4:Del:M:1	0.00008380	0.00014700	0.00018383	0.00127080	0.00050472	0.00000169	0.00000279	0.00000094	0.00330946	0.00747525	0.00532914	0.06729944	0.02264704
4:Del:M:2	0.00014548	0.00055061	0.00101904	0.00015972	0.00040980	0.00000070	0.00000355	0.00000068	0.00189592	0.00405395	0.00101777	0.01416347	0.00959214
4:Del:M:3	0.00016068	0.00069357	0.00071732	0.00027058	0.00040237	0.00000070	0.00000397	0.00000144	0.00114325	0.00142717	0.00001637	0.00686163	0.00210764
5:Del:M:1	0.00000082	0.00062496	0.00002360	0.01174078	0.00536205	0.00000028	0.00000157	0.00000309	0.01287461	0.30151152	0.12477760	0.00658514	0.00651445
5:Del:M:2	0.00000000	0.00011771	0.00024577	0.00705542	0.00502172	0.00000029	0.00000184	0.00000887	0.00420187	0.07122270	0.04245216	0.01650637	0.00001982
5:Del:M:3	0.00000000	0.00005670	0.00006160	0.00216598	0.00333884	0.00000120	0.00662597	0.00000149	0.00000425	0.01080353	0.01269454	0.00581331	0.00408356
5:Del:M:4	0.00003880	0.00046284	0.00006820	0.00028174	0.00132990	0.00000090	0.00376773	0.00000149	0.00000401	0.00156109	0.00398178	0.00833754	0.00136369
5:Del:M:5	0.00066512	0.00236732	0.00173836	0.01313191	0.00160163	0.00101873	0.00019084	0.00000178	0.00000436	0.00207757	0.00125075	0.00315259	0.00125379
