MutationType	SBS96A	SBS96B	SBS96C	SBS96D	SBS96E	SBS96F	SBS96G	SBS96H	SBS96I	SBS96J	SBS96K	SBS96L	SBS96M	SBS96N	SBS96O
A[C>A]A	3.03E-04	2.47E-03	6.06E-03	1.65E-03	5.83E-03	3.75E-03	4.34E-03	4.34E-03	9.50E-03	3.52E-03	4.81E-03	8.11E-03	5.08E-03	6.59E-03	9.66E-03
A[C>A]C	0.00E+00	2.01E-03	3.94E-03	2.09E-03	5.48E-03	8.47E-04	1.54E-03	6.01E-03	5.55E-03	3.82E-03	3.91E-03	8.59E-03	6.86E-03	4.82E-03	4.04E-03
A[C>A]G	1.23E-04	1.23E-07	7.52E-04	2.15E-03	3.97E-07	2.20E-03	1.66E-03	4.05E-04	2.79E-03	3.31E-03	1.76E-11	4.77E-03	9.76E-09	4.88E-03	9.33E-03
A[C>A]T	2.16E-04	2.85E-03	3.41E-03	7.36E-03	3.33E-03	2.89E-03	9.55E-08	6.72E-03	2.76E-03	1.29E-03	1.06E-03	9.20E-08	9.50E-03	2.64E-03	5.94E-03
A[C>G]A	2.97E-04	1.05E-03	2.78E-03	2.65E-03	3.68E-03	1.59E-03	4.62E-03	2.35E-03	3.21E-03	5.44E-03	1.55E-03	3.30E-03	4.80E-03	2.26E-03	2.92E-03
A[C>G]C	6.44E-04	8.64E-08	3.78E-03	1.45E-03	4.19E-04	0.00E+00	6.95E-03	2.23E-03	5.69E-03	4.32E-03	5.28E-03	5.40E-03	3.06E-03	1.55E-03	1.70E-07
A[C>G]G	2.88E-04	9.96E-08	2.70E-03	1.78E-03	6.54E-04	1.31E-07	6.74E-05	3.10E-03	3.29E-03	3.96E-03	7.90E-19	2.19E-03	2.76E-03	3.63E-03	4.50E-03
A[C>G]T	5.26E-04	5.53E-03	7.85E-03	2.77E-03	6.87E-03	2.22E-03	4.27E-03	4.61E-03	6.68E-03	3.42E-03	6.09E-03	1.04E-30	1.32E-02	1.01E-03	2.11E-03
A[C>T]A	1.34E-03	2.32E-03	4.99E-03	1.49E-03	9.68E-03	3.62E-03	3.72E-03	7.24E-03	4.81E-03	1.03E-03	5.25E-03	4.25E-03	6.87E-03	4.03E-03	1.59E-10
A[C>T]C	1.25E-03	5.69E-03	5.37E-03	2.96E-03	1.52E-03	1.85E-03	2.25E-03	6.91E-03	6.74E-03	3.47E-03	4.05E-03	3.05E-03	6.45E-03	3.84E-03	5.18E-03
A[C>T]G	8.92E-04	2.92E-03	8.40E-03	7.53E-03	5.30E-03	1.89E-02	1.80E-02	1.86E-02	1.91E-02	7.94E-03	1.02E-02	1.32E-02	6.73E-03	7.85E-03	1.33E-02
A[C>T]T	3.21E-04	3.40E-03	7.76E-03	2.33E-03	5.29E-03	2.35E-03	3.22E-03	1.82E-03	2.66E-03	1.97E-03	3.26E-03	4.75E-03	3.47E-03	2.09E-03	5.67E-03
A[T>A]A	1.80E-04	4.99E-03	3.56E-03	2.42E-03	1.70E-03	5.08E-08	7.72E-04	2.18E-03	1.69E-07	6.46E-04	1.17E-03	1.39E-03	1.20E-03	5.60E-03	1.51E-07
A[T>A]C	2.43E-04	9.58E-04	3.25E-03	3.87E-03	1.01E-07	6.87E-03	3.62E-03	1.84E-03	7.86E-04	4.50E-03	2.00E-03	1.05E-03	2.40E-03	3.50E-03	4.01E-03
A[T>A]G	9.75E-05	3.37E-03	2.87E-03	3.88E-03	2.32E-03	8.65E-04	4.58E-03	2.11E-03	6.00E-03	7.13E-03	1.69E-03	2.55E-03	4.35E-03	3.85E-03	6.74E-03
A[T>A]T	0.00E+00	2.42E-03	3.37E-03	1.26E-03	6.06E-03	6.47E-03	4.37E-03	3.54E-03	1.01E-03	2.70E-03	4.76E-03	5.32E-03	2.75E-03	3.28E-03	3.15E-03
A[T>C]A	3.30E-04	2.29E-03	3.56E-03	1.29E-03	8.31E-03	1.70E-08	2.01E-03	4.79E-03	3.22E-03	5.42E-03	5.84E-03	6.02E-03	6.64E-03	6.09E-03	1.52E-02
A[T>C]C	4.19E-04	2.14E-03	2.48E-03	2.41E-03	1.97E-03	1.71E-03	2.55E-03	6.02E-03	7.95E-03	1.96E-03	3.43E-03	1.23E-07	1.56E-03	1.76E-03	5.63E-03
A[T>C]G	3.47E-04	5.22E-04	1.12E-03	4.14E-03	1.29E-03	4.70E-03	5.21E-03	3.66E-03	7.29E-03	3.88E-03	2.23E-03	3.05E-03	2.54E-03	1.28E-02	1.18E-03
A[T>C]T	3.97E-04	5.35E-03	1.36E-03	5.96E-03	4.31E-03	1.92E-03	1.10E-03	3.32E-03	1.45E-02	8.97E-03	5.34E-03	7.01E-04	1.40E-02	2.02E-03	3.31E-03
A[T>G]A	9.00E-05	1.96E-03	1.35E-03	3.15E-03	5.03E-03	1.60E-03	2.67E-03	4.57E-03	4.91E-03	1.79E-03	2.41E-03	4.27E-06	1.88E-03	4.39E-03	2.77E-03
A[T>G]C	9.11E-05	7.85E-08	3.09E-03	2.29E-03	2.13E-03	6.09E-08	2.08E-07	1.82E-03	1.14E-03	2.91E-03	1.64E-03	5.67E-04	1.22E-03	5.80E-07	5.67E-04
A[T>G]G	4.15E-04	1.33E-03	3.65E-03	1.61E-03	1.68E-03	1.56E-07	4.10E-03	4.07E-03	1.21E-07	2.69E-03	1.40E-03	2.16E-03	3.45E-03	5.43E-03	1.38E-07
A[T>G]T	2.32E-04	4.79E-03	2.84E-03	3.17E-03	4.19E-04	4.62E-08	1.22E-03	2.63E-03	9.51E-08	1.41E-03	1.82E-03	4.47E-03	6.44E-04	1.59E-07	1.07E-03
C[C>A]A	2.18E-04	3.10E-03	3.34E-03	5.16E-03	4.51E-03	5.29E-03	5.10E-03	2.17E-03	9.05E-03	5.15E-03	6.61E-03	2.39E-03	6.22E-03	5.90E-03	1.01E-02
C[C>A]C	5.19E-04	5.78E-03	4.07E-03	6.89E-03	9.40E-03	1.66E-03	2.01E-07	4.57E-03	1.84E-03	3.57E-03	5.32E-03	2.26E-03	6.16E-03	6.02E-08	1.40E-07
C[C>A]G	4.19E-04	5.92E-04	1.47E-03	5.43E-04	2.85E-03	1.46E-03	1.39E-03	1.74E-10	2.23E-03	4.70E-04	0.00E+00	8.31E-04	1.70E-03	1.37E-03	2.15E-03
C[C>A]T	6.17E-04	1.65E-03	2.72E-03	4.97E-03	6.98E-03	7.63E-04	2.52E-03	6.86E-03	3.13E-03	7.43E-03	1.36E-03	5.39E-03	1.03E-02	2.26E-03	3.83E-03
C[C>G]A	8.17E-04	1.47E-03	4.03E-03	4.67E-03	3.03E-03	0.00E+00	2.35E-03	3.86E-03	3.84E-03	7.63E-03	2.44E-03	6.12E-03	3.71E-03	2.06E-03	4.37E-03
C[C>G]C	3.01E-04	3.10E-03	2.78E-03	2.05E-03	6.50E-03	0.00E+00	4.50E-03	5.46E-03	4.75E-03	2.58E-03	3.95E-03	1.08E-07	9.39E-03	6.62E-03	6.83E-03
C[C>G]G	5.68E-04	9.78E-04	2.24E-03	1.32E-03	1.30E-03	9.11E-04	6.15E-03	4.46E-03	1.64E-07	2.86E-03	1.55E-03	3.44E-03	5.47E-03	6.27E-04	3.48E-03
C[C>G]T	2.14E-03	5.68E-03	4.49E-03	5.43E-03	3.21E-03	1.67E-03	1.27E-03	1.92E-03	1.77E-04	4.55E-03	2.58E-03	6.02E-03	4.35E-03	2.97E-06	9.73E-04
C[C>T]A	3.83E-03	1.60E-03	3.15E-03	3.65E-03	2.77E-03	1.06E-02	3.96E-03	8.68E-03	7.75E-03	6.03E-03	6.59E-03	1.89E-03	1.01E-02	4.90E-03	4.57E-03
C[C>T]C	1.67E-03	6.75E-03	3.56E-03	3.91E-03	5.17E-03	2.49E-03	2.17E-03	2.81E-03	4.51E-03	2.76E-03	9.95E-04	4.76E-07	2.72E-03	3.60E-03	5.58E-08
C[C>T]G	1.93E-03	2.91E-03	3.19E-03	3.39E-03	2.97E-03	1.37E-02	1.11E-02	6.43E-03	7.65E-03	4.68E-03	3.72E-03	8.33E-03	5.49E-03	2.61E-03	7.58E-03
C[C>T]T	2.20E-03	5.14E-03	3.82E-03	3.42E-03	4.91E-03	1.95E-03	4.05E-03	5.64E-03	5.74E-03	3.46E-03	3.45E-03	2.27E-03	9.54E-03	8.71E-03	4.04E-03
C[T>A]A	5.48E-05	6.98E-08	2.03E-03	6.38E-04	2.37E-03	1.57E-03	1.14E-03	1.28E-03	2.52E-03	6.77E-04	2.62E-03	5.63E-07	3.17E-03	3.53E-03	2.16E-03
C[T>A]C	3.30E-04	3.14E-03	4.58E-03	3.70E-03	8.34E-03	9.00E-04	1.24E-03	4.22E-03	7.52E-03	1.94E-03	1.35E-03	4.47E-07	3.38E-03	1.11E-03	1.36E-06
C[T>A]G	3.57E-04	6.93E-04	5.51E-03	1.43E-03	6.31E-04	4.43E-03	7.29E-03	5.17E-03	2.17E-03	2.58E-03	1.08E-03	6.91E-03	6.42E-03	2.63E-03	8.65E-08
C[T>A]T	0.00E+00	4.08E-03	1.96E-03	1.83E-03	3.67E-03	6.71E-04	8.58E-04	3.12E-03	6.22E-04	1.05E-03	2.21E-03	3.54E-03	9.41E-04	4.10E-03	3.00E-07
C[T>C]A	8.69E-04	1.48E-03	1.52E-03	1.95E-03	1.79E-03	8.29E-04	4.32E-03	2.59E-03	4.34E-04	2.42E-03	1.40E-03	6.48E-07	2.93E-03	2.29E-03	1.36E-07
C[T>C]C	3.37E-05	4.56E-03	2.46E-03	4.14E-03	2.09E-03	2.48E-03	4.65E-03	2.18E-03	6.23E-03	3.07E-03	3.51E-03	3.56E-03	2.67E-03	6.33E-03	1.10E-02
C[T>C]G	3.09E-04	1.49E-03	6.35E-03	2.27E-03	4.33E-03	1.34E-07	8.92E-08	5.51E-03	6.76E-03	3.12E-03	2.32E-03	3.91E-07	3.47E-03	7.18E-03	1.00E-02
C[T>C]T	2.30E-04	2.40E-03	4.76E-03	3.56E-03	2.84E-03	2.92E-03	2.07E-03	3.50E-03	4.82E-03	3.75E-19	7.22E-04	3.75E-06	2.55E-03	4.41E-03	3.53E-03
C[T>G]A	0.00E+00	3.68E-04	9.34E-04	8.62E-04	4.02E-03	3.82E-08	3.39E-07	7.33E-04	3.04E-07	4.39E-08	1.76E-03	1.68E-03	3.56E-03	3.13E-03	2.65E-03
C[T>G]C	3.06E-04	4.13E-04	6.40E-04	4.36E-03	1.83E-03	4.15E-03	6.00E-04	1.35E-03	4.36E-03	2.86E-03	2.65E-03	5.58E-03	4.47E-03	9.50E-04	4.04E-03
C[T>G]G	4.70E-04	2.38E-03	5.00E-03	6.24E-03	3.55E-03	5.09E-07	3.21E-07	4.20E-03	4.25E-03	3.02E-03	3.08E-03	2.69E-03	4.59E-03	3.98E-03	3.88E-03
C[T>G]T	0.00E+00	1.40E-03	1.96E-03	2.94E-03	8.54E-04	1.98E-03	5.49E-03	1.59E-03	5.32E-03	1.23E-03	3.00E-03	1.19E-03	6.64E-03	5.00E-03	3.14E-03
G[C>A]A	2.92E-04	2.44E-03	4.57E-03	3.81E-03	5.26E-03	1.00E-03	4.48E-03	2.40E-03	2.17E-03	2.00E-03	2.92E-03	8.98E-03	2.62E-03	8.78E-04	2.02E-08
G[C>A]C	6.43E-04	5.34E-23	4.87E-03	5.73E-03	3.17E-03	1.05E-03	3.11E-03	3.67E-03	5.34E-03	1.53E-03	5.84E-03	3.37E-03	3.21E-03	4.85E-03	3.64E-03
G[C>A]G	3.11E-04	1.69E-03	0.00E+00	4.31E-04	2.15E-09	2.52E-03	3.39E-08	1.58E-03	1.11E-02	9.69E-08	2.51E-03	2.71E-03	8.19E-03	1.12E-07	1.21E-03
G[C>A]T	5.57E-04	6.52E-03	1.24E-03	2.75E-03	3.78E-03	3.98E-03	3.83E-03	3.42E-03	5.01E-04	2.93E-03	1.86E-03	3.36E-03	6.09E-03	3.57E-03	1.97E-03
G[C>G]A	5.16E-04	1.55E-03	5.66E-03	1.72E-03	3.37E-03	1.75E-03	1.96E-03	1.78E-03	3.46E-03	1.29E-03	2.89E-03	6.73E-04	2.68E-03	2.03E-07	3.65E-03
G[C>G]C	1.56E-04	1.46E-03	2.55E-03	4.46E-03	2.22E-03	2.95E-03	2.07E-03	2.74E-03	2.94E-03	2.07E-03	1.79E-03	1.62E-07	1.15E-03	3.39E-03	5.53E-03
G[C>G]G	3.19E-04	2.92E-04	1.58E-03	6.85E-04	1.39E-03	7.10E-08	5.37E-04	1.90E-03	1.09E-03	1.52E-03	0.00E+00	4.17E-07	1.54E-03	1.24E-03	3.08E-07
G[C>G]T	4.70E-04	2.50E-03	4.12E-03	3.97E-03	2.94E-03	2.50E-03	6.70E-08	6.58E-03	4.36E-03	1.82E-03	4.05E-03	8.05E-08	2.84E-03	2.06E-03	1.37E-07
G[C>T]A	1.31E-03	4.30E-04	6.72E-03	1.29E-03	1.10E-02	9.59E-04	5.73E-03	4.65E-03	5.76E-03	1.20E-03	4.51E-03	1.43E-02	4.74E-03	9.53E-03	4.03E-03
G[C>T]C	7.92E-04	6.11E-03	4.31E-03	3.68E-03	6.80E-03	2.25E-03	6.67E-03	3.06E-03	2.18E-03	6.71E-03	4.04E-03	1.82E-03	1.01E-02	0.00E+00	4.47E-03
G[C>T]G	1.86E-03	3.96E-03	5.27E-03	2.31E-03	8.44E-03	9.07E-03	1.13E-02	6.33E-03	9.05E-03	9.56E-03	9.00E-03	7.68E-03	1.11E-02	6.18E-03	1.07E-03
G[C>T]T	7.12E-04	7.87E-03	3.15E-03	1.28E-03	8.01E-03	5.40E-03	3.81E-03	2.44E-03	3.91E-03	3.17E-03	8.91E-03	5.33E-03	3.00E-03	1.12E-02	2.35E-03
G[T>A]A	1.19E-04	1.77E-03	1.50E-03	2.54E-03	5.46E-03	7.27E-04	4.64E-03	6.76E-04	2.61E-03	2.23E-03	1.18E-15	4.99E-03	4.08E-03	1.35E-03	3.09E-03
G[T>A]C	0.00E+00	9.04E-04	2.89E-03	3.11E-03	3.35E-03	2.49E-03	7.54E-04	1.18E-07	1.72E-03	2.36E-03	0.00E+00	6.61E-04	1.36E-03	3.03E-03	1.28E-03
G[T>A]G	2.36E-04	3.70E-23	1.68E-03	5.92E-03	2.76E-03	1.36E-03	3.51E-03	3.44E-03	3.00E-03	1.06E-03	3.99E-03	1.08E-07	3.23E-03	1.35E-03	3.32E-03
G[T>A]T	9.55E-05	1.71E-03	4.81E-03	3.52E-03	4.00E-03	1.03E-03	2.05E-03	1.89E-03	3.59E-03	3.17E-03	1.54E-03	4.66E-03	5.61E-03	1.40E-03	2.65E-06
G[T>C]A	1.13E-04	2.01E-03	2.81E-03	1.79E-03	4.75E-03	3.82E-03	9.11E-04	6.32E-03	6.41E-03	4.64E-03	7.10E-03	3.41E-03	5.64E-03	5.88E-03	1.49E-03
G[T>C]C	1.92E-04	1.60E-04	4.35E-03	9.71E-04	4.81E-03	1.98E-03	4.63E-03	2.40E-03	3.15E-03	4.65E-03	1.47E-03	3.92E-03	5.02E-03	3.54E-06	1.02E-03
G[T>C]G	2.60E-04	5.24E-44	2.72E-03	1.29E-03	4.23E-03	1.47E-03	2.05E-03	4.32E-03	1.74E-03	2.65E-03	0.00E+00	3.30E-03	3.57E-03	8.10E-03	2.65E-07
G[T>C]T	9.70E-05	3.84E-03	1.09E-03	5.60E-04	2.66E-03	2.17E-03	2.85E-03	3.79E-03	3.70E-03	2.56E-03	1.44E-03	1.01E-03	6.78E-03	1.68E-02	3.49E-03
G[T>G]A	0.00E+00	2.17E-03	1.49E-03	3.08E-03	2.69E-03	1.67E-03	5.23E-03	2.69E-03	2.84E-03	4.39E-04	1.46E-03	6.28E-03	2.26E-03	4.71E-03	3.28E-03
G[T>G]C	1.01E-04	9.21E-04	2.98E-03	9.64E-04	2.66E-08	1.66E-03	6.71E-04	1.18E-03	4.18E-03	8.48E-04	1.97E-03	7.64E-07	4.53E-03	3.13E-03	2.57E-03
G[T>G]G	2.14E-04	3.24E-03	1.71E-03	3.34E-03	3.72E-03	1.41E-03	1.50E-03	2.99E-03	6.03E-03	1.05E-03	4.08E-03	8.55E-08	3.73E-03	2.91E-03	1.31E-07
G[T>G]T	2.77E-04	3.57E-03	5.99E-04	3.52E-03	2.09E-03	9.44E-04	2.23E-03	2.74E-03	4.41E-03	5.68E-08	1.89E-03	1.64E-07	1.00E-03	4.33E-03	1.01E-07
T[C>A]A	6.26E-03	6.69E-03	4.46E-03	4.33E-03	2.41E-03	6.18E-03	6.37E-03	3.25E-03	8.00E-03	5.84E-03	8.95E-03	7.84E-03	1.22E-02	1.47E-03	5.25E-03
T[C>A]C	2.87E-03	5.33E-03	1.07E-02	5.30E-03	5.20E-03	3.74E-03	7.46E-04	3.64E-03	2.15E-03	4.80E-03	9.68E-03	2.70E-03	6.48E-03	2.27E-03	1.51E-02
T[C>A]G	3.18E-04	1.35E-07	1.61E-03	3.11E-03	2.09E-03	1.29E-03	1.67E-03	0.00E+00	4.11E-03	1.46E-03	7.27E-03	5.84E-03	2.80E-46	8.77E-04	6.52E-03
T[C>A]T	2.78E-03	6.26E-03	1.43E-02	6.73E-03	5.66E-03	1.42E-03	4.91E-03	5.86E-03	1.21E-02	7.93E-03	3.31E-03	2.12E-03	5.52E-03	4.91E-03	5.05E-03
T[C>G]A	1.24E-02	2.36E-02	2.30E-03	8.03E-03	7.87E-03	2.45E-02	8.70E-03	5.73E-03	4.32E-03	8.36E-03	8.30E-03	3.82E-03	7.16E-03	1.78E-02	1.68E-02
T[C>G]C	1.14E-02	5.41E-03	4.59E-03	3.67E-03	3.28E-03	1.06E-02	9.22E-03	2.92E-03	1.10E-02	7.85E-03	8.32E-03	6.78E-03	1.69E-03	1.51E-02	6.45E-03
T[C>G]G	1.30E-03	1.71E-03	6.05E-07	1.58E-03	6.28E-04	1.57E-03	0.00E+00	2.08E-03	5.10E-04	1.64E-03	3.92E-07	1.92E-07	1.63E-03	7.17E-03	4.51E-03
T[C>G]T	2.85E-03	1.91E-02	7.95E-03	2.27E-03	1.08E-02	2.91E-02	4.86E-03	5.60E-03	2.78E-03	1.14E-02	1.26E-02	1.63E-03	5.57E-03	2.17E-02	7.28E-03
T[C>T]A	2.68E-02	4.23E-02	5.57E-04	6.22E-03	1.08E-02	3.06E-02	3.22E-03	6.71E-03	6.45E-03	1.16E-02	1.05E-02	8.89E-03	9.50E-03	6.19E-03	1.86E-02
T[C>T]C	5.68E-03	1.04E-02	4.74E-03	2.57E-03	7.12E-03	1.24E-02	6.74E-03	3.49E-03	3.87E-03	6.89E-03	5.87E-03	9.75E-03	1.07E-02	5.53E-03	1.51E-03
T[C>T]G	1.58E-02	4.98E-03	6.30E-03	2.36E-03	6.12E-03	1.43E-02	5.70E-03	5.41E-03	1.13E-02	7.37E-03	6.25E-03	9.44E-03	9.94E-03	4.14E-03	9.50E-03
T[C>T]T	4.55E-03	1.65E-02	3.23E-03	3.23E-03	6.38E-03	1.49E-02	1.47E-02	5.59E-03	1.10E-02	1.69E-02	6.80E-03	1.49E-02	1.22E-02	8.43E-03	5.04E-03
T[T>A]A	2.90E-04	1.53E-03	4.87E-04	2.94E-03	1.71E-03	6.06E-03	6.19E-03	2.81E-03	9.48E-03	5.24E-03	4.62E-03	7.37E-03	7.17E-03	3.91E-03	4.38E-03
T[T>A]C	1.44E-04	6.42E-08	4.20E-03	3.24E-03	4.26E-04	9.91E-04	2.89E-03	1.82E-03	1.37E-03	1.82E-03	2.04E-03	2.69E-03	3.28E-03	1.58E-03	1.90E-03
T[T>A]G	2.15E-04	4.59E-04	1.35E-03	6.48E-04	1.44E-03	3.73E-09	2.58E-03	4.09E-03	2.32E-03	4.44E-03	9.06E-08	5.22E-03	2.08E-03	7.25E-03	6.85E-03
T[T>A]T	3.36E-04	1.51E-03	5.46E-03	3.79E-03	2.65E-03	2.78E-03	6.06E-08	5.41E-03	1.18E-02	9.74E-04	4.41E-03	2.32E-03	5.39E-03	7.95E-03	1.60E-07
T[T>C]A	0.00E+00	0.00E+00	1.95E-03	2.60E-03	5.60E-04	2.18E-03	4.52E-03	6.67E-03	3.27E-03	5.67E-04	2.97E-03	4.82E-03	2.52E-03	4.74E-03	3.05E-07
T[T>C]C	4.41E-05	0.00E+00	2.28E-03	2.16E-03	3.77E-03	4.78E-03	5.09E-03	3.03E-03	1.59E-03	3.68E-03	1.33E-03	3.47E-03	1.67E-03	8.72E-03	2.73E-07
T[T>C]G	1.90E-04	3.51E-04	2.77E-03	4.36E-03	2.51E-03	2.06E-03	1.34E-03	0.00E+00	3.33E-03	3.45E-03	3.17E-03	7.52E-07	2.12E-03	1.53E-03	8.79E-03
T[T>C]T	8.67E-05	7.14E-04	2.23E-03	3.23E-03	6.53E-04	5.21E-03	5.04E-03	2.57E-03	6.46E-03	2.15E-03	5.86E-03	6.82E-03	7.45E-03	4.64E-03	1.12E-02
T[T>G]A	3.50E-04	1.62E-07	1.01E-03	3.09E-03	1.67E-03	3.40E-07	4.54E-03	2.09E-03	4.68E-03	4.60E-03	1.13E-03	8.05E-03	1.52E-03	4.51E-03	5.56E-03
T[T>G]C	2.38E-04	1.79E-03	1.59E-03	1.24E-03	1.60E-03	6.95E-04	3.37E-03	0.00E+00	4.63E-03	3.58E-03	2.17E-03	3.36E-07	1.46E-03	1.68E-07	6.04E-03
T[T>G]G	0.00E+00	0.00E+00	6.15E-03	2.04E-03	3.08E-03	5.08E-03	6.01E-03	2.18E-03	3.75E-03	1.86E-03	9.36E-09	2.07E-07	2.88E-03	1.78E-07	1.44E-07
T[T>G]T	4.49E-04	2.00E-03	3.86E-03	2.72E-03	4.92E-03	8.62E-04	3.03E-03	4.70E-03	3.46E-03	1.86E-03	8.31E-04	6.88E-03	2.79E-03	7.95E-03	4.11E-03
