MutationType	SBS96A	SBS96B	SBS96C	SBS96D	SBS96E	SBS96F	SBS96G	SBS96H	SBS96I	SBS96J	SBS96K	SBS96L	SBS96M	SBS96N	SBS96O
A[C>A]A	0.0007518146740039826	0.003921031742356718	0.01786417942494154	0.005823971983045339	0.02228962443768978	0.009687046753242612	0.01171444272622466	0.006699607754126191	0.018525662086904048	0.010631157271564006	0.01344634981701347	0.01577247865498066	0.017143381666392087	0.015492882579565059	0.04224978256970644
A[C>A]C	0.0	0.006962382700294256	0.011917054932566106	0.009218937158584595	0.01258191983215511	0.0008475072852289767	0.0055616945959627625	0.02072883800462364	0.013324307601578766	0.008677270456246333	0.003914576490041099	0.03910443335771561	0.014250241965055466	0.005773070082068443	0.010849535651504993
A[C>A]G	0.0004176487611175617	1.2252405513001139e-07	0.001247548245009966	0.0059498374350368975	3.972373178839916e-07	0.004628019482793988	0.002380265143676752	0.00040460098534822464	0.0027936843983979998	0.004818736342713237	1.7586371248157208e-11	0.00649972199801141	9.762360519971481e-09	0.012934038089588285	0.017324032820761205
A[C>A]T	0.0004087570051893863	0.0058267547748982905	0.014747339952737092	0.022117304801940917	0.011315389052106184	0.005899069458246231	9.547446779833991e-08	0.020274395868182183	0.03693866617977619	0.005644946685060858	0.010456056054681539	9.202138357977674e-08	0.01607020093360916	0.006057627312839031	0.016843335516750813
A[C>G]A	0.0021074947901070116	0.007296210480853915	0.006457026116549969	0.0056869275867938995	0.013328158855438232	0.0024249967208334056	0.00971255749464035	0.008666637539863586	0.01876217797398567	0.01009479509666562	0.0023704532533884047	0.007636707089841366	0.016778962500395393	0.02330911122262478	0.007085061529724612
A[C>G]C	0.0023977542761713265	1.4780611010678512e-07	0.0056442275643348696	0.005753403715789318	0.00041878786869347094	0.0	0.010388839500956237	0.007153832726180554	0.00901207645940758	0.01028389036655426	0.009476591972634197	0.005398612958609483	0.005354042816907168	0.0034729186178765305	3.646046650374046e-07
A[C>G]G	0.0009414492058567702	1.5032855458230187e-07	0.004392482468597336	0.004342782590538263	0.0006542608141899108	1.305764840253687e-07	6.783130523331238e-05	0.010524714086204767	0.005174320964431445	0.007844056515023113	7.896788905578335e-19	0.002193670165900219	0.002758592096972734	0.004458241496206483	0.004504171947985469
A[C>G]T	0.0023665097542107105	0.02011952672767734	0.03352839387953281	0.016033374611288308	0.019076436199247836	0.004437335208058358	0.007964420885582513	0.008910481163699635	0.021345596015453338	0.013024868443608284	0.028287039324641227	1.0438858528409473e-30	0.04569961205124855	0.0027648181305266915	0.002113987366942638
A[C>T]A	0.004162500379607081	0.0051890211179852486	0.009639091017598389	0.003353611845523119	0.03528952673077583	0.0062140321653487264	0.005954739451408386	0.03413621485233307	0.012724585458636284	0.001197999799844224	0.02578833047300577	0.008865061216056347	0.011665229126811028	0.00881453938782215	1.5949043197238667e-10
A[C>T]C	0.003663102281279862	0.016135356947779657	0.014165166672319174	0.01597834024578333	0.0018025696743286656	0.00711601572111249	0.0194419352337718	0.01661562514491379	0.017962645413354038	0.007766663632355631	0.006226908415555954	0.0049106685995866425	0.01350879780948162	0.011919074691832066	0.007186122611165047
A[C>T]G	0.0030156607337608497	0.0068109935149550434	0.022763004153966905	0.017891388013958932	0.014516287948436003	0.06010359674692154	0.0631006713025272	0.04993718713521957	0.048734770203009245	0.026915326341986658	0.036894459277391434	0.03364952374249697	0.023505520820617676	0.04374195747077465	0.045969124510884286
A[C>T]T	0.000320744002237916	0.011506593041121959	0.02481765002012253	0.01487963953986764	0.01693259011954069	0.003408472847831945	0.005288484825285877	0.0030809169169515372	0.0042705444619059564	0.015812227874994277	0.020053985901176928	0.011544564603724439	0.0065847606510374135	0.0037647160235792397	0.02764547523111105
A[T>A]A	0.0006234496890101582	0.009376028712256356	0.008146089408546687	0.00489061614498496	0.0026025357716775942	6.527767482111813e-08	0.000771991116926074	0.004176571987488842	3.9306586359089123e-07	0.0006456120639825258	0.0011677585730581086	0.0013873170399165246	0.0019558848967619726	0.011442126648307748	2.462680868120515e-07
A[T>A]C	0.0009635795257054269	0.0009579769614674665	0.012261847034096718	0.007899906113743782	1.009946458907507e-07	0.009343430958688259	0.023158308863639832	0.008709760010242462	0.0007861484212071445	0.010413186142977792	0.0027069936506450175	0.0010512361487144517	0.0037606172263622284	0.0034953195752052578	0.008257045463574286
A[T>A]G	0.00018599700852064415	0.010268203541636467	0.004587946112940067	0.017410869477316737	0.00968793723732233	0.0008653066177378765	0.009279257489902193	0.002113622055482332	0.013295626104678604	0.011764012556523085	0.004374195635322995	0.0025507580336707747	0.006985809733657788	0.0072763095609843734	0.006887295602319909
A[T>A]T	0.0	0.003088548267260194	0.006893229950219393	0.003040831256657839	0.028363141976296902	0.012580484791702418	0.008337739389389753	0.00943910414353013	0.0010935148082353407	0.0026996679604053496	0.004758889027811364	0.0173253545537591	0.00567135876044631	0.005911975223591525	0.004574706803623485
A[T>C]A	0.0010477477801032365	0.00735148712886371	0.0062614242313429715	0.025702625140547754	0.014552376046776772	1.6989744095266546e-08	0.007888665236532689	0.010004496201872826	0.005274003790691495	0.012483181525021791	0.00947405775077641	0.006017141342613286	0.019668626366183162	0.018240952771157025	0.03139062877744436
A[T>C]C	0.00108449729741551	0.009648974193260074	0.017190521769225597	0.011658423952758313	0.003213941212743521	0.0028836591178333037	0.004853875667868124	0.011236007511615752	0.009712941449731716	0.00295668866019696	0.0034321140497922896	2.003121437610389e-07	0.0024043009561978577	0.003925548888386743	0.012856795825064183
A[T>C]G	0.0014718752121552826	0.0008325773865180978	0.001692802575416863	0.010653815045952798	0.002602605038532839	0.014341999590396882	0.01648283367976546	0.01687383409589529	0.024902724847197532	0.014893462229520083	0.005762453144416213	0.005859234184026718	0.014605006016790868	0.022755767032504082	0.0011841037363865326
A[T>C]T	0.0006944658506274438	0.018058053939807906	0.0029404301196336744	0.027512266114354134	0.010944988485425711	0.003140689618885517	0.0038818974047899247	0.0077559868085624786	0.03040946904534394	0.026112696807831525	0.009244510438293219	0.0009491514959108826	0.03246893659234047	0.003290338069200516	0.0033991303382492786
A[T>G]A	0.00017337260069325567	0.0023275108775123953	0.0029123300220817326	0.00665910504758358	0.011190434964373708	0.0015967067416241322	0.0034817065324205033	0.012867999821901321	0.007484416104853153	0.004245893331244588	0.00803939187899232	4.604636516525318e-06	0.0018822456009729648	0.015250203204220724	0.008821113687008619
A[T>G]C	0.0002647294953931123	7.846659286769863e-08	0.010228306427598	0.002976027224212885	0.002612269458927585	1.241360843451389e-07	3.155727540615771e-07	0.003641133476048778	0.0017186615132118277	0.004534970771055668	0.005342042765778388	0.0005682240780856773	0.0019896458853736476	9.354329051802778e-07	0.0005674442029686589
A[T>G]G	0.0009109014936257154	0.001335018320838851	0.012356126727536321	0.0019781951559707522	0.0016761347693687867	1.5593369653288392e-07	0.004100626186868794	0.016141194803640246	1.9670461028908904e-07	0.008020529430359602	0.003302074818282108	0.002163887296512712	0.005627215551385234	0.012857573598370208	3.1148371704148303e-07
A[T>G]T	0.00035695980150194376	0.01306073766186273	0.00568917344789952	0.006683479389175772	0.00041887047700583935	7.499592982185277e-08	0.0015251127194460424	0.004485542196297843	2.2783661393077637e-07	0.00334769356995821	0.006438912783301021	0.012520806025713682	0.0006457138732457679	1.9728722975287382e-07	0.0010742885408262736
C[C>A]A	0.000546292174840346	0.006061387620866299	0.012854247912764549	0.014389187656342983	0.013313714414834976	0.005290623754262924	0.017641694843769075	0.003109327110068527	0.016911145485937595	0.012963837292045356	0.022930565383285285	0.003850012831389904	0.015234491974115371	0.015675836615264414	0.031410344690084455
C[C>A]C	0.0009671764331869781	0.02047283851696875	0.026471205428242682	0.024829505663365125	0.029646428115665913	0.0026205004192888736	2.0081570274999018e-07	0.013207358866930008	0.0018390873447060585	0.009476888843346387	0.01016464363783598	0.0022646736496199082	0.006162886541756217	6.021962235536194e-08	2.1911874510644564e-07
C[C>A]G	0.001415525726042688	0.0005923938603586976	0.01154556656256318	0.00541146108880639	0.003347115172073245	0.005263613909482956	0.0018816093396708312	1.740957822349287e-10	0.004042864230910936	0.0007446466712281108	0.0	0.0013483772483738222	0.0017049964517354965	0.0020827047001830577	0.006738139688968659
C[C>A]T	0.0018448522896505892	0.006016001664103838	0.025447670742869376	0.02439261432737112	0.01861010156571865	0.0007630760814771895	0.007973594679970119	0.009153226763010025	0.010967081412672997	0.01213252879679203	0.0031871479004621506	0.02216401696205139	0.028092762269079686	0.0046177621930837635	0.0038252021044627325
C[C>G]A	0.005013265833258629	0.0033309256871177696	0.01735181426629424	0.008802452500094659	0.010429627299345157	0.0	0.0023510096594691276	0.015689304377883673	0.006813933492617252	0.021059530414640905	0.004224437195807696	0.011726601794362069	0.010352050885558128	0.0045385918579995636	0.004370650917348939
C[C>G]C	0.0007322480378206819	0.00477916402188745	0.00654456417541951	0.00638905861414969	0.016961413249373437	0.0	0.016426678001880645	0.01600082670338452	0.007627743663886122	0.006790518341585994	0.010918742232024669	1.0763238833533251e-07	0.01657347226428101	0.012047054432332515	0.006829697516855049
C[C>G]G	0.0028605351224541666	0.0014756742677974443	0.0025206652702763678	0.0013234200486394343	0.0030473046966775995	0.0009114205837249756	0.012002774327993394	0.019074979610741137	1.640911136746581e-07	0.010933040082454682	0.00335733680985868	0.0035826425905953496	0.007335515134036541	0.0006269616540521383	0.0034842436454141533
C[C>G]T	0.007189546618610621	0.013392991946636193	0.022911379300057887	0.021983825042843817	0.019184988737106324	0.0016741897459837674	0.001273430697619915	0.004618974402546883	0.00017721806652852182	0.0122637078166008	0.007663187866796761	0.04033521302044392	0.010145905520766973	2.966412284877151e-06	0.0009726958349347114
C[C>T]A	0.01464160941541195	0.0029648787745575333	0.008074012259021402	0.010643563419784832	0.011921886168420315	0.013105696067214012	0.02584958653897047	0.030731655657291412	0.013313961680978537	0.01985958479344845	0.018510929308831692	0.001894793516464688	0.016514468751847745	0.016091886023616553	0.004568009451031685
C[C>T]C	0.0067197782918810844	0.01735477733730022	0.00922327465377748	0.01858663996681571	0.024779734946787358	0.0024930194020271303	0.004584028758108616	0.007339353393763304	0.013666766695678234	0.0058925928547978405	0.0009952647611498832	6.805297484427202e-07	0.01640560571104288	0.008137517049908638	5.576280273089651e-08
C[C>T]G	0.006842650380182258	0.010949589498341083	0.00650178175419569	0.004770731553435326	0.019648492336273193	0.044917197152972224	0.06399529948830604	0.02402145490050316	0.014802628569304943	0.029724443703889845	0.008814840158447624	0.05475850626826286	0.00848121500130219	0.004299075214657932	0.011587602338272518
C[C>T]T	0.007194213010370732	0.01678103701122018	0.009139599732588977	0.014389636274427176	0.019030775502324106	0.00849604569375515	0.010918505303561695	0.01191141321323812	0.013912744633853436	0.010827410221099853	0.018660146929323673	0.005425480380654335	0.025617769360542296	0.019222205758956078	0.015975886210799217
C[T>A]A	0.0004580300534144044	6.975525366215151e-08	0.004472457338124514	0.0006375279277563095	0.007027569180354476	0.0024944327771663664	0.0011412740567266154	0.007398730609565973	0.008388873282819986	0.000676603801548481	0.0054212728515267376	8.147037419803383e-07	0.007600015247953706	0.00932207686610127	0.0025977430140866785
C[T>A]C	0.0007544120890088379	0.008303046738728882	0.010828409064561128	0.010123533010482789	0.016882547581815288	0.002335418914137932	0.0017715840040622322	0.013449214585125446	0.017027934724296756	0.0031161469407379625	0.007578374398872256	6.137228240277181e-07	0.0070905523840337995	0.0011062090089581033	1.6352729460322734e-06
C[T>A]G	0.000812598166523284	0.0006930314479461685	0.012930306629277766	0.006638371339067817	0.0010066424030810595	0.004429582506418228	0.015859851241111757	0.017759962755119547	0.003284793256160867	0.00601129864808172	0.0025698999408632515	0.021523048140807077	0.009289994090795516	0.007692320643241146	2.0062450971636282e-07
C[T>A]T	0.0	0.005445735156536102	0.007553405231078614	0.0055663915984382585	0.020049572736024857	0.0006715533483202307	0.0014010077532930153	0.013078977726399899	0.0009928429461837141	0.0010525527410209178	0.0022068730557066375	0.009801731584593654	0.0009414110253260332	0.008900717894545097	7.169185437305714e-07
C[T>C]A	0.0012959392508491874	0.002409865127793864	0.005183943174779415	0.004543201508931815	0.006472209747880697	0.0008287213522152115	0.010242111515253782	0.0025909564047282172	0.0004347528299149417	0.0051777258981019255	0.0022805883549153806	8.248757126239197e-07	0.0029287999495863914	0.00419699196372676	4.384077158192667e-07
C[T>C]C	3.367786994203925e-05	0.010362422838807107	0.006137284310534596	0.011906016338616609	0.0059606052003800866	0.0024750922839345433	0.009365768689485776	0.01004152805544436	0.010199041346737658	0.009725673962384463	0.0035142339766025543	0.016789459437131882	0.00961593333631754	0.014028924563899637	0.013010596406522268
C[T>C]G	0.001651271351147443	0.003636506386101246	0.01484156497732556	0.012499885074794293	0.009278998523950577	1.6989686457691278e-07	8.923447012421092e-08	0.008481739554554224	0.0067558633733142415	0.005272755352780223	0.006531800283119083	4.0880669160969774e-07	0.003465994456144017	0.017809895785467232	0.029631752520799637
C[T>C]T	0.0005932941101491451	0.005581220498959283	0.007980194687843323	0.009888566518202423	0.020405976846814156	0.003530699126503123	0.003210871633109491	0.0064909149872846685	0.014956370419895393	3.750654445816529e-19	0.005193146225064993	3.855507676687333e-06	0.003542628011721011	0.007684322830937162	0.0035307280719283096
C[T>G]A	0.0	0.0003676269669085741	0.0027313265487805436	0.0008616098884758116	0.005183763980755885	2.7397892949920787e-07	6.485872518169344e-07	0.0011325426650557802	6.866263220217661e-07	4.393122594592569e-08	0.0034517356788228426	0.0016784454690764506	0.004914888468056234	0.003132551429058594	0.0028473077371472754
C[T>G]C	0.0004614187068692371	0.00041326768696308135	0.0012124938832130284	0.010062260553240776	0.005629676766693592	0.008818436582069466	0.0006002652708389178	0.002085622869390136	0.014611482992768288	0.004520391115329403	0.0035848747938871384	0.018213525228202344	0.012240809947252273	0.002072630310431123	0.007271401233532515
C[T>G]G	0.001303071336587891	0.006417798246277084	0.013331506494432687	0.020973154902458192	0.008956967759877444	5.113743544171712e-07	3.2132231808645884e-07	0.01621343530714512	0.009318661317229271	0.014899801276624203	0.005632649548351765	0.002694286935332002	0.01605937220156193	0.008458430040627718	0.008227076157072587
C[T>G]T	0.0	0.0013975565321743487	0.003527947422116995	0.012873783055692912	0.001313543035581688	0.002124459450933358	0.017507233284413816	0.0053924968466162685	0.018957413977068426	0.0012296050786972045	0.011661405302584171	0.0011925653314960982	0.0198083596653305	0.013824338186532259	0.0031442823469660748
G[C>A]A	0.0009773858939297498	0.011329381354153156	0.012489013921003789	0.013239092379808425	0.01158651802688837	0.005419672140851617	0.008961899857968091	0.016184737160801887	0.01423611119389534	0.0032424589619040487	0.011013166233897208	0.028554579243063927	0.0053094933740794655	0.0014077895191576318	3.4371052137771584e-08
G[C>A]C	0.00175616720225662	5.339710357713176e-23	0.02601678054779768	0.015106061240658164	0.023901629261672497	0.0015733291811102443	0.004139878693968058	0.011042020656168461	0.009620342661094128	0.0033108395524322986	0.017127852141857147	0.0033674393203057206	0.006485718511976301	0.012766010127961636	0.00573003981930924
G[C>A]G	0.0008321754925418645	0.0032028170302510262	0.0	0.0004306475166231394	2.149504751969289e-09	0.0064500212669372555	3.390131837477384e-08	0.003389835450798273	0.020148093160241843	9.687847750683431e-08	0.00699621494859457	0.006542680412530899	0.01590159423649311	1.1177678516105516e-07	0.0012055773288011551
G[C>A]T	0.0011886741423950298	0.01886268478265265	0.008052822668105364	0.009174840152263641	0.010187470447272062	0.009172064252197742	0.01022895323112607	0.008354845084249973	0.000809900577684175	0.006128210882889107	0.0042308934964239596	0.009298155381043217	0.01510322531685233	0.005721104331314564	0.001968063578942747
G[C>G]A	0.002843454945832491	0.0041804542299360035	0.016812203265726567	0.008003512583673	0.00471451161429286	0.004085810575634241	0.002710136870717861	0.0017801906467411754	0.005586446490184471	0.002836651215329766	0.008853805264919856	0.0006737093134397299	0.003940173797309399	4.1583732581784714e-07	0.00584701413216635
G[C>G]C	0.00025365854662080524	0.004344509495422244	0.008519938634708523	0.013157982379198074	0.004887116825989324	0.002949838944635985	0.004788831607083921	0.004036972077062728	0.002937887403891182	0.002805879942337697	0.0029239088285407887	2.612733055684657e-07	0.0018662505355223403	0.00802299752831459	0.010689950548112392
G[C>G]G	0.0010589343495669714	0.0002919796391211094	0.00447254350874573	0.0010317977750673904	0.0013898278586579114	7.099351932993158e-08	0.0005373434358205032	0.0018950343376460178	0.0010894634771148048	0.002459645736962557	0.0	1.062705223375815e-06	0.0015439744201898975	0.003926440886641558	6.151900663553533e-07
G[C>G]T	0.0014597445010989807	0.011131193721666932	0.036337627843022344	0.013072844222187996	0.018674682639539242	0.006230338581372052	6.697535468447313e-08	0.018837078101933004	0.004770779313872708	0.004614654695615172	0.005822641961276531	8.051528652686101e-08	0.004417792151565436	0.004904185139116799	1.3691935692301662e-07
G[C>T]A	0.006470238510519266	0.0004303351975977421	0.015577427204698324	0.01178420875221491	0.017313247709535063	0.0020609626080840826	0.019056773371994497	0.01194745972752571	0.008410179195925594	0.0033648012089543045	0.02492389678955078	0.041855424642562866	0.013837640918791295	0.030296066775918007	0.005365066509693861
G[C>T]C	0.0037703428999520837	0.009038348868489265	0.011825047031743452	0.009631613176316023	0.024114415422081946	0.0028450958046278172	0.022327992480586544	0.007361617963761091	0.0024597635027475916	0.013491001585498453	0.009795953519642353	0.002921552388067994	0.022789748013019563	0.0	0.028780434653162955
G[C>T]G	0.006982518553468253	0.00613105611409992	0.01748324166983366	0.011966772936284542	0.017643454484641552	0.03476288579404354	0.06349601149559021	0.021984225139036907	0.017272338457405566	0.04606250375509262	0.008997778594493865	0.056253313273191455	0.03281292244791985	0.00897272070939784	0.0010656520906650257
G[C>T]T	0.004452059092000127	0.019198843277990818	0.006647136900573969	0.0027276474051177503	0.0226515288464725	0.012211475055664778	0.006674533849903482	0.009937424585223198	0.00667457738891244	0.005956046236678958	0.021737121045589447	0.027937091886997223	0.004550316743552685	0.01330886259675026	0.0023469663356081583
G[T>A]A	0.000276635802583769	0.0032469822908240075	0.002446492827834845	0.007666289433836937	0.005462289229035378	0.0017377464892547323	0.008521580460444511	0.0006760533013903114	0.005486414832012088	0.0053352700354309945	1.181174739451913e-15	0.012130396178065439	0.007715876772999763	0.0021874690977142564	0.004813467531164406
G[T>A]C	0.0	0.001463030930608511	0.013988736225292087	0.007534961301024623	0.004294293382537262	0.0024906585984751928	0.0007546564110555209	2.83446422599809e-07	0.003198055500843111	0.003854658082127571	0.0	0.0006619179054098368	0.002221300404175965	0.004947038439793916	0.0012755492121186763
G[T>A]G	0.0009343642042949796	3.6969273387763573e-23	0.006418122723698616	0.010620722081512213	0.006542454054579139	0.0028865682426840065	0.00710279680788517	0.01179168066009879	0.004068357774457354	0.0017292525619268418	0.012472418416291476	1.0795447451528161e-07	0.006339276023209095	0.001350879309174502	0.0033183439036889696
G[T>A]T	0.0001772308416548185	0.0035224030259996654	0.012239912059158087	0.010955904936417937	0.004000316147096328	0.0022972927538148723	0.0035158881451934575	0.0018860538112278392	0.00836026060619588	0.005167578533291817	0.003842524066567421	0.018502178229391576	0.005611247251553935	0.0013978008626168049	2.914642453788474e-06
G[T>C]A	0.00011308448156341911	0.0031170083209872248	0.008589602261781692	0.005465585971251156	0.009865674718275841	0.00577481811877405	0.0022217981096730455	0.02843785360455513	0.016066539360190292	0.010712936706840991	0.015789382997900246	0.003410066639088427	0.005645015224695271	0.019150875850516513	0.0014949577617471733
G[T>C]C	0.0015081967459991575	0.00017968175088753924	0.008115725731477142	0.002075651427730918	0.009902725865970297	0.0053450748790055515	0.008769268915057183	0.005000568041577935	0.007150003115452819	0.01159270405769348	0.0014710454270243645	0.003915202927009887	0.013843969674780965	3.537548764143139e-06	0.0010234839580050448
G[T>C]G	0.0009452528203837574	5.240856256574816e-44	0.006608811509795487	0.0012889458797872067	0.008993674532200657	0.003393101110123098	0.002051945091534435	0.008858316577970982	0.0017366806791642374	0.013947678916156291	0.0	0.004057278967707134	0.010121681401506067	0.00809802114172271	2.651581780810375e-07
G[T>C]T	0.0002369007735978812	0.00593344010412693	0.006900774128735065	0.0013559265527874232	0.007079138606786728	0.004583531777018379	0.012019685516133905	0.005157464929516209	0.011653032690458077	0.003924929042113945	0.008721098396927118	0.010578056145459414	0.011435511640421581	0.023486796766519547	0.005105998925864696
G[T>G]A	0.0	0.0028423625510185955	0.0029180339770391583	0.003082128427922726	0.004986198089912364	0.0016682371604943569	0.005233917745260897	0.003635971321079978	0.003680256717638031	0.00043919384479522704	0.015212505683302879	0.009960061852063972	0.003615068663918919	0.006445639602901565	0.005254638612143481
G[T>G]C	0.00028395927511155606	0.0018453688425317694	0.0037986325565725564	0.0025253055840948947	2.657928348526184e-08	0.0053679786447844435	0.0006712134799613523	0.0011847284663147662	0.006689625157014234	0.0008475584909319878	0.001967025548219681	1.0110677521879552e-06	0.004529336111841076	0.008235193835571409	0.005843075085431337
G[T>G]G	0.0021141801262274384	0.006189205970156308	0.009503854718059302	0.00621333635215251	0.014065002789720893	0.0025716304779052736	0.002200313098728657	0.0098636525683105	0.025796070136129855	0.0010526405677580898	0.014941625115883502	2.0351629359538492e-07	0.004978722116538848	0.006812370488023589	1.9358971168059736e-07
G[T>G]T	0.00038265108596533535	0.011018877383321524	0.000967451324686408	0.009739024098962545	0.004656407707125254	0.004074093280360102	0.00803707931190729	0.006852652753104848	0.009639239031821489	5.6774899803713196e-08	0.008568140491843224	3.8668649722239933e-07	0.0010029836489593436	0.008726778743414343	1.010528762890317e-07
T[C>A]A	0.030586573854088785	0.025391991436481475	0.007284266501665115	0.022550661209970714	0.007102339342236519	0.02204199880361557	0.02619704622775316	0.004893558658659458	0.012158227385953069	0.010928750783205033	0.01969031232609062	0.010834567529843752	0.027774817030876874	0.00501953000202775	0.013808488659560681
T[C>A]C	0.011386455397587269	0.010419202595949173	0.030169894744176418	0.009547920292243361	0.016090177372097968	0.013701320998370648	0.0007456596940755844	0.0036422887550431244	0.0035024451875301566	0.015792627986184016	0.02292824523945001	0.005944919513831337	0.008500464260578156	0.004507964383814374	0.025567691214382647
T[C>A]G	0.003380882926285267	1.8975790680997306e-07	0.0031446150969713926	0.004295820789411664	0.0020915720611810683	0.0031547890976071358	0.003513610502704978	0.0	0.008426427468657493	0.0026691528968513013	0.0072656311094760895	0.01423920001834631	2.8025969286496343e-46	0.0008771075867116454	0.011335853710369293
T[C>A]T	0.010595146074905087	0.04013146162033081	0.0317395422141999	0.023902327008545398	0.022237067669630052	0.019228591211140157	0.015431244857609272	0.012340731360018254	0.030469601415097712	0.034060574136674404	0.008378249686211347	0.002123229224312695	0.021336942724883557	0.017827953510681026	0.011753000225871802
T[C>G]A	0.12717269808053971	0.08632171005010605	0.00668179620988667	0.026709513925015926	0.014534653350710868	0.11274223402142525	0.02182058086618781	0.01203152108937502	0.00600549410730764	0.01622656863182783	0.03141783475875855	0.006000327250023929	0.01164581486955285	0.05291764512658119	0.04529819879680872
T[C>G]C	0.04906957373023033	0.015549258037935942	0.013730917358770967	0.008771891333162784	0.01434662053361535	0.04094492718577385	0.01539199340622872	0.006033991836037506	0.03875330798327923	0.013114632153883577	0.053460515290498736	0.006784145902304317	0.0016872375651399095	0.06280560530722142	0.05177424103021622
T[C>G]G	0.01443042941391468	0.004631588887423277	7.072051346312947e-07	0.0042801180621609095	0.0015248251165303373	0.0047497173305600885	0.0	0.0020770909264683723	0.0005102009691191169	0.0038602465773563675	3.9164851841633206e-07	3.2516815053895696e-07	0.00163730228514396	0.01017958091466653	0.010486095666180972
T[C>G]T	0.17856862246990204	0.12487677335739136	0.04553807601332664	0.039639750868082045	0.022551700286567212	0.09015207444917905	0.01657818254607264	0.029760610684752463	0.006632004423454951	0.10025369375944138	0.050388813577592374	0.0016312554478645324	0.01705182157456875	0.049090735614299774	0.07423164546489716
T[C>T]A	0.19341543316841125	0.12265892401337623	0.0005570314238738661	0.017164343968034	0.019301995728164913	0.10035881772637367	0.036370445787906644	0.020582528226077555	0.012674984522163868	0.057298266887664796	0.05150589719414711	0.046460927650332454	0.018900128081440926	0.020796331018209456	0.07688638903200626
T[C>T]C	0.05834427624940872	0.04687176868319511	0.011142039904370904	0.01895489450544119	0.016310711740516126	0.04112867340445518	0.029272256046533586	0.011187911406186081	0.007468857919646155	0.017235771007835864	0.023748332634568214	0.0568329781293869	0.03482662960886955	0.0336673729121685	0.0024257954216437166
T[C>T]G	0.07425725981593131	0.014858995139911712	0.011899881140561775	0.010735220741480589	0.010515641327947379	0.043087111040949824	0.016538622695952652	0.0319058284163475	0.03816618993878375	0.020344519149512054	0.027163828909397125	0.045609880983829496	0.014954146105856126	0.008957372047008279	0.019065141770988704
T[C>T]T	0.11206005215644836	0.05811847373843193	0.004792213527252898	0.02641168013215065	0.0243301454000175	0.05585288777947426	0.04338677298139828	0.02218535207211971	0.02608362834089171	0.04484275309368968	0.026342152059078215	0.039299694634974	0.02746796580031514	0.021952003613114356	0.03562135808169842
T[T>A]A	0.0008836138062179088	0.0015264718804961913	0.0004890310079645133	0.005248651700094342	0.004308538325130939	0.013179589947685599	0.02472147261723876	0.004090007953345775	0.019836525619029998	0.01439277371391654	0.012131247110664845	0.017597690410912036	0.012373693287372589	0.003913519158959389	0.010762432776391506
T[T>A]C	0.0002560083521530032	6.422525871130347e-08	0.008885061461478471	0.011371687240898608	0.0006537414888474452	0.0070047972723841665	0.01015573823824525	0.005931444279849529	0.002177960624948838	0.0019761882023885844	0.005915701109915972	0.008921194821596146	0.00775124579668045	0.0021480749147599456	0.003060683115381835
T[T>A]G	0.0013430214836262166	0.0004589862323769012	0.00471602389588952	0.0015793357975780963	0.00889606075361371	3.725029884549258e-09	0.0025798805058002473	0.015478982031345368	0.0023241819977101843	0.0070215858519077304	9.064144705916987e-08	0.01704298611730337	0.0033807986104875455	0.014254479482769967	0.015576674696058035
T[T>A]T	0.0007593894712044858	0.0023203713488328505	0.016409688935391388	0.01659315824508667	0.005757809057831765	0.003389470866356703	6.060191570327316e-08	0.008864247798919677	0.011847680064971656	0.002260785102244256	0.016318599320948125	0.0023257689647209643	0.008864618884399534	0.007946206948599866	4.838842983190261e-07
T[T>C]A	0.0	0.0	0.003574248543009162	0.009027593769133091	0.000560366515583155	0.008371328329667449	0.012143773213028907	0.018502426892519	0.0051402554846333715	0.0005670976359397172	0.006265490595251322	0.009726166818290949	0.013892966881394386	0.010877984948456288	3.431346186744122e-07
T[T>C]C	4.410692490637302e-05	0.0	0.005965980584733322	0.006526350020430982	0.009708154667168855	0.012432246003299952	0.018114692997187376	0.009164719469845295	0.011428284738212825	0.007434595283120871	0.004422395396977663	0.0045126091043954375	0.0027183659796264693	0.017049294989556076	4.2568311755530883e-07
T[T>C]G	0.0004653650656109676	0.0003513575567012595	0.004508550465106964	0.005253947246819735	0.0037681510671973228	0.002710139691473046	0.0013352204114198685	0.0	0.006500987096492239	0.010364675149321555	0.008388570323586564	1.0905024649801586e-06	0.0030513120301520757	0.0015317796526687743	0.022460306873449555
T[T>C]T	0.00014886806893628092	0.001165899820625782	0.0022309642285108567	0.0066974910965655	0.001035649375990556	0.006414886377751827	0.02598841916769743	0.012185076717287302	0.014732111617922783	0.0033177669160068036	0.0176394734531641	0.019948205072432758	0.013249890971928835	0.006389755941927433	0.025866048783063887
T[T>G]A	0.0009989914135076106	1.620271518731897e-07	0.0010079634375870228	0.0033956198720261456	0.0016830668464535847	3.7439444611209183e-07	0.007043177059506434	0.002141881635179743	0.0070559822904783685	0.009215452917851507	0.0026811301242560147	0.018233746383339168	0.00152163259539293	0.007573526725172997	0.01799218198284507
T[T>G]C	0.00047225348389474676	0.0036913809642101112	0.003475845931097865	0.00513285375200212	0.002146198877085511	0.0006951532853946673	0.004833860522569467	0.0	0.006928717541563855	0.010861938074231147	0.0072019602172076706	7.096939327766449e-07	0.0014649562537670136	1.6806770872790366e-07	0.009976904280483723
T[T>G]G	0.0	0.0	0.017056942312046887	0.009062901698052883	0.005859733919544396	0.005080664288371395	0.0075861247726379585	0.0021787330981851484	0.00510541026901592	0.0024673061911016704	9.357052022096468e-09	4.454526447261742e-07	0.006434414659668164	3.9901408968034955e-07	3.394848761217872e-07
T[T>G]T	0.0006807368597947061	0.0038816922238083863	0.010608803108334541	0.012713375687599181	0.013611500151455402	0.0008622707146045627	0.004890822781271708	0.011172042600810528	0.00527869287361682	0.011434183735400439	0.0013238792307674885	0.02008155416697264	0.0027893569320440294	0.027024234831361783	0.004106065706861983
