MutationType	PD3851a_exome37	PD3890a_exome37	PD3904a_exome37	PD3905a_exome37	PD3945a_exome37	PD4005a_exome37	PD4006a_exome37	PD4085a_exome37	PD4086a_exome37	PD4088a_exome37	PD4103a_exome37	PD4107a_exome37	PD4109a_exome37	PD4115a_exome37	PD4116a_exome37	PD4120a_exome37	PD4192a_exome37	PD4194a_exome37	PD4198a_exome37	PD4199a_exome37	PD4248a_exome37
A[C>A]A	1	5	6	6	5	2	8	1	6	1	2	12	4	6	6	6	1	0	1	3	3
A[C>A]C	4	0	3	1	4	2	7	3	1	1	2	6	3	3	5	2	2	0	5	0	0
A[C>A]G	1	0	0	1	1	0	1	0	3	0	1	3	2	0	1	2	0	2	0	2	0
A[C>A]T	0	4	4	2	4	2	6	6	2	0	0	8	3	5	10	3	4	0	0	2	0
A[C>G]A	1	2	2	4	3	1	5	1	1	0	1	6	5	3	1	10	2	1	2	1	2
A[C>G]C	0	2	0	1	5	0	3	0	0	0	2	5	5	1	3	8	1	0	4	0	1
A[C>G]G	0	0	0	1	2	0	2	0	0	0	0	5	3	0	2	4	3	0	1	0	0
A[C>G]T	0	5	5	2	5	7	16	3	0	0	1	4	5	8	4	8	5	0	2	1	2
A[C>T]A	1	6	6	4	2	3	3	2	0	1	3	7	1	8	2	21	4	0	5	2	0
A[C>T]C	0	1	2	2	6	4	6	2	1	1	4	4	5	3	4	10	1	2	1	2	1
A[C>T]G	2	6	3	8	10	5	10	8	6	4	9	13	16	12	3	20	5	3	16	16	3
A[C>T]T	1	6	5	1	3	4	2	1	1	0	3	6	5	11	5	3	1	1	1	1	0
A[T>A]A	0	0	0	3	2	3	1	0	0	1	0	0	1	3	3	2	1	0	1	0	0
A[T>A]C	0	1	0	0	2	1	1	0	1	0	4	3	2	3	3	4	2	2	2	1	2
A[T>A]G	0	2	1	2	5	3	0	2	0	1	1	5	5	3	3	3	0	0	2	0	2
A[T>A]T	1	0	4	2	2	3	1	0	1	2	1	2	4	8	2	0	0	0	3	2	1
A[T>C]A	0	1	7	3	7	3	1	2	3	2	2	3	3	2	5	4	1	2	3	0	3
A[T>C]C	0	0	0	1	3	4	4	1	1	1	2	3	1	5	6	6	2	0	0	1	0
A[T>C]G	1	2	1	2	1	1	5	2	1	1	3	6	5	2	6	7	3	1	3	4	2
A[T>C]T	0	2	6	1	9	5	1	4	0	1	1	7	7	2	3	5	3	0	2	2	1
A[T>G]A	0	3	1	5	3	1	2	1	1	0	2	0	1	2	1	1	1	0	4	0	0
A[T>G]C	0	1	0	0	1	0	1	0	0	0	0	3	1	3	2	1	1	0	1	0	0
A[T>G]G	0	1	0	3	2	1	5	0	0	0	0	1	3	2	2	2	3	0	1	0	0
A[T>G]T	1	2	1	0	3	3	1	0	0	0	1	0	2	1	3	3	0	0	1	0	0
C[C>A]A	1	3	4	5	5	3	4	3	2	1	7	6	5	9	4	5	4	0	0	0	1
C[C>A]C	0	2	6	1	9	6	7	0	0	0	0	2	3	6	5	3	1	1	4	1	1
C[C>A]G	1	0	0	1	1	0	4	0	1	0	2	2	1	2	2	7	0	0	0	2	0
C[C>A]T	1	3	8	1	12	1	7	1	0	2	1	6	7	7	5	5	0	1	2	0	2
C[C>G]A	1	1	4	2	4	2	7	1	1	0	0	7	5	4	3	20	1	0	2	0	2
C[C>G]C	0	3	4	4	2	1	4	0	0	0	3	8	3	3	2	3	4	0	1	0	2
C[C>G]G	0	1	0	0	1	1	6	0	0	0	1	1	4	1	1	8	4	0	2	0	2
C[C>G]T	4	2	5	0	8	6	7	0	0	2	1	4	6	9	2	23	1	0	2	0	0
C[C>T]A	0	4	3	5	5	2	4	3	0	1	7	3	4	4	6	43	7	1	3	2	3
C[C>T]C	0	1	6	4	8	6	2	4	0	0	2	4	2	6	3	22	2	0	4	0	4
C[C>T]G	7	2	3	3	1	4	7	2	2	1	14	9	13	8	3	41	7	1	9	12	2
C[C>T]T	1	6	8	5	3	6	3	2	1	1	3	9	6	7	5	27	2	1	2	3	4
C[T>A]A	0	1	0	3	1	0	2	1	0	0	0	3	1	4	0	2	1	0	1	1	1
C[T>A]C	0	3	5	1	2	2	6	1	0	0	1	3	1	3	5	3	2	0	1	1	1
C[T>A]G	2	1	0	4	3	1	5	0	0	0	5	2	4	3	5	3	2	0	3	0	1
C[T>A]T	2	0	4	3	2	3	1	0	0	1	1	2	0	5	4	0	1	0	1	0	0
C[T>C]A	0	1	2	2	1	1	2	0	0	0	1	2	3	1	1	3	0	0	0	0	1
C[T>C]C	1	0	2	2	4	6	2	2	1	0	2	9	4	2	2	3	1	1	2	0	1
C[T>C]G	0	2	1	4	5	1	6	0	3	0	0	8	2	2	5	7	0	0	2	0	0
C[T>C]T	0	2	2	2	3	2	1	1	1	0	3	8	0	6	4	2	0	1	2	1	0
C[T>G]A	0	2	0	0	0	1	2	0	0	0	0	1	0	1	0	0	0	0	2	0	1
C[T>G]C	2	1	2	1	4	0	2	2	1	0	0	1	2	2	1	3	2	1	0	3	2
C[T>G]G	0	2	3	2	6	3	5	1	1	1	0	6	4	4	2	5	4	1	0	0	1
C[T>G]T	0	3	0	2	5	3	3	2	0	0	3	4	1	2	3	0	1	1	0	0	3
G[C>A]A	3	2	1	2	6	3	4	1	0	2	1	4	3	7	3	6	1	0	3	2	2
G[C>A]C	0	4	5	2	5	0	3	0	0	0	1	8	2	10	4	6	2	3	3	1	1
G[C>A]G	1	2	0	0	0	1	2	2	0	0	0	1	0	0	0	5	1	0	0	3	2
G[C>A]T	1	1	3	3	3	5	3	0	0	0	3	2	4	6	4	5	1	0	1	2	2
G[C>G]A	0	4	0	0	3	1	4	0	0	1	0	5	2	7	2	11	0	0	0	2	1
G[C>G]C	0	1	2	1	4	2	3	0	2	0	3	3	1	1	5	3	0	1	1	0	0
G[C>G]G	0	0	0	1	1	0	3	0	0	0	0	1	1	2	0	6	0	0	0	0	1
G[C>G]T	0	2	3	2	5	4	7	0	0	0	0	6	2	10	7	9	4	0	1	3	0
G[C>T]A	2	6	6	7	5	0	7	2	2	2	2	3	2	5	6	24	1	3	4	1	2
G[C>T]C	1	4	9	1	3	1	4	0	3	0	5	3	1	7	5	17	3	0	1	1	3
G[C>T]G	3	0	4	3	5	4	6	5	1	3	12	6	21	10	2	37	6	5	5	8	6
G[C>T]T	1	4	4	4	3	6	3	1	0	1	3	2	4	5	4	17	1	2	3	1	0
G[T>A]A	1	0	1	1	3	2	2	0	1	0	2	3	1	0	3	2	0	1	0	1	1
G[T>A]C	0	0	1	1	2	1	1	0	0	1	1	1	2	3	3	0	0	0	0	0	0
G[T>A]G	0	2	1	0	2	0	5	0	0	0	1	2	2	2	6	3	1	0	2	1	1
G[T>A]T	2	1	1	0	4	2	2	0	0	1	1	2	2	6	2	1	0	1	0	1	1
G[T>C]A	0	3	2	4	1	3	4	1	0	0	1	5	3	2	6	1	4	1	2	2	0
G[T>C]C	0	0	4	0	1	0	4	1	0	0	1	4	4	2	1	4	1	0	1	2	2
G[T>C]G	0	0	2	0	0	0	2	0	0	1	0	1	3	2	2	3	2	2	2	1	1
G[T>C]T	2	2	1	2	1	2	3	2	1	0	2	2	2	2	4	1	0	2	3	2	3
G[T>G]A	1	4	1	2	0	3	4	0	1	0	0	2	1	2	1	0	0	0	2	0	0
G[T>G]C	0	0	0	1	1	1	1	0	1	1	0	1	1	1	2	2	0	0	0	2	0
G[T>G]G	0	3	2	2	1	3	3	3	0	0	1	4	0	5	4	6	2	0	1	2	0
G[T>G]T	0	2	1	2	1	3	1	1	0	0	1	3	0	1	4	2	0	0	2	1	3
T[C>A]A	1	5	4	1	10	7	7	1	2	4	4	3	9	4	5	101	1	1	4	7	4
T[C>A]C	1	8	3	3	2	3	3	0	2	1	0	6	8	11	11	56	6	1	0	8	0
T[C>A]G	1	0	1	1	2	0	0	1	2	1	2	0	1	2	1	14	0	0	0	2	0
T[C>A]T	0	2	5	4	12	11	7	4	1	1	5	4	14	9	8	53	1	0	4	7	1
T[C>G]A	1	12	8	14	11	18	4	1	6	2	12	3	14	4	7	556	6	1	4	50	1
T[C>G]C	0	12	3	10	4	5	8	2	6	1	4	7	9	9	6	155	2	5	4	12	0
T[C>G]G	0	0	1	1	2	1	1	0	3	0	0	1	2	1	1	56	1	0	0	3	0
T[C>G]T	1	12	11	15	20	28	8	1	9	2	9	10	31	13	18	711	12	1	6	56	3
T[C>T]A	5	13	14	8	11	19	4	4	10	2	14	7	19	5	7	855	12	3	8	58	5
T[C>T]C	4	5	5	8	9	11	5	2	1	4	8	7	7	10	5	255	5	2	5	20	4
T[C>T]G	5	5	3	2	6	8	8	4	2	6	2	5	12	6	5	236	3	1	9	15	2
T[C>T]T	3	7	15	7	11	15	3	6	6	4	12	13	11	6	10	440	7	1	5	29	3
T[T>A]A	1	4	1	0	4	1	3	3	1	2	4	0	9	2	1	4	1	1	2	1	2
T[T>A]C	1	1	1	1	6	0	4	0	1	0	2	2	2	2	2	1	0	0	3	2	2
T[T>A]G	1	0	1	2	1	1	3	0	2	1	0	3	0	4	2	4	2	2	2	0	0
T[T>A]T	0	3	2	0	6	2	5	0	0	0	0	3	1	4	7	2	0	1	2	1	1
T[T>C]A	1	1	1	3	4	0	3	0	0	1	4	2	1	1	2	0	2	0	4	1	2
T[T>C]C	0	3	1	2	1	0	6	1	0	1	4	6	5	4	1	1	1	2	2	2	1
T[T>C]G	0	4	1	1	1	0	0	0	2	1	0	3	3	3	1	3	0	0	0	2	0
T[T>C]T	3	4	0	2	4	2	5	0	5	1	5	5	2	2	2	1	2	0	3	1	4
T[T>G]A	1	2	0	2	0	0	3	0	2	0	1	5	4	2	1	4	0	0	1	0	0
T[T>G]C	0	4	1	0	1	1	2	0	1	0	1	3	3	1	1	2	0	0	0	0	0
T[T>G]G	0	0	1	1	2	0	2	0	0	0	3	5	1	4	6	0	1	0	0	0	0
T[T>G]T	2	1	3	6	4	2	3	1	0	0	2	7	3	5	1	2	2	0	2	0	0
