MutationType	DBS78A	DBS78B	DBS78C	DBS78D
AC>CA	0.00302917	0.00117643	0.00394657	0.00664050
AC>CG	0.00324073	0.00000136	0.00286396	0.00000302
AC>CT	0.00796383	0.00521166	0.00666335	0.00000383
AC>GA	0.00000299	0.02379026	0.00240789	0.00526478
AC>GG	0.00000258	0.00000218	0.00000204	0.00000392
AC>GT	0.00088578	0.00059074	0.00000178	0.00087534
AC>TA	0.00904283	0.00356420	0.00579875	0.01930816
AC>TG	0.00065268	0.00672583	0.00000107	0.00000195
AC>TT	0.00636496	0.00066963	0.02453503	0.00772629
AT>CA	0.00632304	0.00128143	0.00235564	0.00221436
AT>CC	0.00000258	0.00000218	0.00000204	0.00000392
AT>CG	0.00000258	0.00000218	0.00000204	0.00000392
AT>GA	0.00000188	0.00378626	0.00000145	0.00683461
AT>GC	0.00000258	0.00000218	0.00000204	0.00000392
AT>TA	0.00872124	0.00385487	0.00000060	0.01014449
CC>AA	0.08733054	0.26559499	0.02144112	0.13755157
CC>AG	0.04211003	0.01762068	0.00148556	0.04812951
CC>AT	0.04984043	0.08910645	0.02445304	0.04029738
CC>GA	0.02886368	0.01561937	0.00287962	0.04312675
CC>GG	0.00665208	0.00000071	0.00000115	0.00569747
CC>GT	0.03401049	0.00901218	0.03402548	0.00769659
CC>TA	0.00703788	0.00757381	0.03389372	0.01824008
CC>TG	0.00000095	0.00421183	0.00786678	0.00406753
CC>TT	0.02848425	0.02635735	0.24630427	0.01946374
CG>AT	0.00169597	0.00193396	0.00000157	0.00000477
CG>GC	0.00000258	0.00000218	0.00000204	0.00000392
CG>GT	0.00971491	0.00482207	0.00000085	0.00612696
CG>TA	0.00000214	0.00138420	0.00590748	0.00994256
CG>TC	0.00000258	0.00000218	0.00000204	0.00000392
CG>TT	0.00000258	0.00000218	0.00000204	0.00000392
CT>AA	0.01043828	0.02642231	0.01988843	0.02730917
CT>AC	0.00169627	0.00248993	0.00000135	0.00241314
CT>AG	0.03231364	0.00527880	0.00436320	0.02160279
CT>GA	0.01777024	0.00303793	0.00000072	0.00010318
CT>GC	0.00591549	0.00000038	0.01286936	0.00000214
CT>GG	0.00349315	0.00062316	0.00447790	0.00372151
CT>TA	0.00555684	0.00963686	0.06377964	0.01597472
CT>TC	0.00000092	0.00561997	0.01151371	0.00606137
CT>TG	0.00341174	0.00000020	0.01236919	0.01658559
GC>AA	0.02679954	0.08272403	0.01507671	0.06771440
GC>AG	0.01314010	0.04159239	0.01651523	0.02395740
GC>AT	0.01185087	0.00308806	0.00000123	0.02444597
GC>CA	0.01783751	0.00048926	0.00735108	0.01777037
GC>CG	0.00000258	0.00000218	0.00000204	0.00000392
GC>TA	0.00286748	0.00462121	0.00178735	0.00135695
TA>AT	0.00467195	0.00453791	0.01067046	0.03070191
TA>CG	0.00543133	0.00000114	0.00000150	0.00507888
TA>CT	0.03937838	0.00293604	0.00195744	0.00425818
TA>GC	0.00000258	0.00000218	0.00000204	0.00000392
TA>GG	0.00000296	0.00000167	0.00089479	0.00135909
TA>GT	0.00188498	0.01345519	0.00094140	0.00222610
TC>AA	0.12618245	0.06850271	0.02345146	0.03513632
TC>AG	0.00833122	0.00654327	0.05229267	0.02527711
TC>AT	0.02431167	0.04171368	0.17938370	0.01401837
TC>CA	0.03525672	0.02130837	0.01580711	0.01804277
TC>CG	0.01073945	0.00424344	0.00737302	0.00000225
TC>CT	0.01615648	0.02157450	0.03614874	0.00915693
TC>GA	0.00876847	0.02211699	0.00186632	0.02894747
TC>GG	0.00526125	0.00212437	0.00491457	0.00757269
TC>GT	0.00460739	0.00118085	0.00865400	0.02017529
TG>AA	0.00437275	0.00949538	0.00000088	0.00087373
TG>AC	0.00000227	0.00200560	0.00000180	0.00332072
TG>AT	0.03820325	0.02346191	0.00000020	0.02256829
TG>CA	0.01032370	0.01685667	0.01379618	0.03862102
TG>CC	0.00184645	0.00489873	0.00246348	0.00246191
TG>CT	0.08875455	0.03929910	0.00000075	0.06280441
TG>GA	0.00787110	0.00000137	0.00000121	0.00087429
TG>GC	0.00908542	0.00000126	0.00000129	0.00348877
TG>GT	0.01090211	0.00568675	0.01218625	0.01451993
TT>AA	0.01821815	0.00069117	0.00353264	0.01004008
TT>AC	0.00610184	0.00000122	0.00000125	0.00174606
TT>AG	0.01383235	0.00394428	0.00273252	0.00000599
TT>CA	0.00000191	0.00000186	0.00225558	0.00000355
TT>CC	0.00000102	0.00062143	0.00868523	0.00211544
TT>CG	0.00286784	0.00177249	0.00000143	0.00617460
TT>GA	0.00000258	0.00000218	0.00000204	0.00000392
TT>GC	0.00088694	0.00000076	0.01312826	0.00000470
TT>GG	0.00065320	0.00148334	0.00000159	0.00000300
