MutationType	SBS96A	SBS96B	SBS96C	SBS96D	SBS96E	SBS96F	SBS96G	SBS96H
A[C>A]A	0.006053738668560982	0.003171778670770209	0.014018222875893115	0.027353714406490325	0.007945777103304862	0.014712244365364429	0.018089827336370944	0.029931818693876268
A[C>A]C	0.0006293188780546188	0.0003470201103482395	0.013933886587619782	0.004710305668413639	0.01351247327402234	0.0035332297515196843	0.007000909373164177	0.024291880526061505
A[C>A]G	0.0022579667854529363	0.00020582532742992045	0.0018000567331910133	0.0014720369130373002	0.004663409393305074	0.0033947639167308807	0.011350665427744388	0.003175131215698457
A[C>A]T	0.0055882185057271275	0.00042567732016323133	0.013652716483920812	0.020530200377106667	0.006385819430788522	0.02185517903417349	0.007578375097364187	0.0021162414141485896
A[C>G]A	0.0037154216319322587	0.003536962135694921	0.005696019995957613	0.011224633315578103	0.014464309718459845	0.00938749872148037	0.0	0.021443798393011092
A[C>G]C	0.00046379368129123577	0.003573280293494463	0.00845826482400298	0.005957817099988461	0.00945688714273274	0.0039633723909696635	0.0018163283065177893	0.013542745821177959
A[C>G]G	0.00016226365872569227	0.0009381286799907684	0.0038172224536538123	0.006447447976097464	0.0024396667956978037	0.0050891336984932424	8.564625586515717e-08	0.0012573178639399885
A[C>G]T	0.0016301786992698908	0.0013162964756702497	0.023909454047679902	0.02014377173036337	0.006674694262710545	0.023840570263564585	0.005913033336400986	0.019334940053431636
A[C>T]A	0.002839951182432439	0.013060117047280074	0.007620288489124505	0.03015347197651863	0.0066278714686632155	0.013505611382424832	0.01703029335476458	0.007573727238923311
A[C>T]C	0.003942225757054984	0.00149168805255697	0.01207337947562337	0.005935083748772741	0.02153841555118561	0.012613995047286154	0.016260490662580195	0.005601258389651776
A[C>T]G	0.03146634350784723	0.005318414233624935	0.02522541433572769	0.01694706603884697	0.08841813653707505	0.03361371159553528	0.03349056402221322	0.022057446651160717
A[C>T]T	0.0030196730094161238	0.00020301187212923288	0.018334345519542695	0.02629276439547539	0.0037468309857337915	0.01199076808989048	0.009368600463494659	0.0010046034553056415
A[T>A]A	1.2377594273971227e-07	0.0005898072035051882	0.0038590107578784227	0.0012866558041423558	0.004207163647060952	0.010011014807969332	0.001730390281047488	0.0002718899558544763
A[T>A]C	0.002803804713767022	0.001293707301709482	0.003510899422690272	0.006380664696916938	0.013840728905051947	0.004449342106818221	0.004971491452306509	0.004773819074034691
A[T>A]G	0.00031806793995201586	0.0012315486618522096	0.01131650828756392	0.004017359878909587	0.012493600696325302	0.006843044608831406	0.004437146386817403	0.01193198095813841
A[T>A]T	0.004348361234573961	0.0	0.02116897366940975	0.009063883870840072	0.008050625398755073	0.004418681182411175	0.012993261526162314	0.0024062116840472213
A[T>C]A	5.708473171353035e-05	0.0016380989691242812	0.012082668207585811	0.009100318141281604	0.025577359087765216	0.007569637452252209	0.015435537789016962	0.009384195134043694
A[T>C]C	0.000598501695353848	0.0006149836932308972	0.0117692481726408	0.010864983964711427	0.0046203273581340906	0.013538366183638573	0.0040991646962197596	0.004974235004038974
A[T>C]G	0.005861314083449543	0.0010194796750375046	0.00740684187039733	0.01263675801635043	0.01948852986097336	0.01419974323362112	0.010488956980407239	0.006040075226974295
A[T>C]T	0.0010180152021348476	0.0015900002696428207	0.02453372851014137	0.00803148496936359	0.015555765945464373	0.00845804979597915	0.010535627789795398	0.0038596109046466166
A[T>G]A	6.623113879555831e-08	0.0005778567283414304	0.0012180533478272082	0.009463733248413292	0.00902783021685991	0.017089558951556682	0.0022290657680059667	0.0011565670522713845
A[T>G]C	0.00032901002376206634	9.387114732817281e-05	0.0036072038114070893	0.007847201825475667	0.0021189778989082696	6.983224925440162e-07	4.5619630242299534e-07	0.0010946005806431458
A[T>G]G	0.00014960121554850048	0.00025940326158888636	0.007956571038812399	0.004844346083700657	0.0010360264967289368	0.009411824308335781	0.0006426945220994185	0.0040298189092254685
A[T>G]T	1.6836442285789806e-07	0.0010990619572112336	0.006696685729548335	0.0015926613309602544	0.00030729324545292604	0.007839564979076386	0.007886822428554296	3.29418213596e-07
C[C>A]A	0.0003095549065619707	0.0019217769696275866	0.015082992101088166	0.021243998408317567	0.0096283100389428	0.014725441671907901	0.026905157417058945	0.003394186869263649
C[C>A]C	0.0009347566548967734	0.0015643528546206652	0.02598860478028655	0.004379860986955464	0.004326099130219063	0.01322535486688139	0.006471337131688415	0.008015704154968262
C[C>A]G	0.0034720635041594504	0.0021598933031782507	0.002899911203530792	0.0013798631999680673	0.0011641797255833807	0.0029141932260245288	0.008659434780929587	0.010081495969006937
C[C>A]T	0.00021117839496582748	0.0024598497577244414	0.029807627201080322	0.009003558661788702	0.0139242023229599	0.004967203736305237	0.01212878354260738	0.017563583509519275
C[C>G]A	0.0018080502772960898	0.008306696011364778	0.017746591195464134	0.010962418280541897	0.004622035059173868	0.002119281189516187	0.003389386786148022	0.018442974612116813
C[C>G]C	0.0002441583201289177	0.001405020803336707	0.008806218113770744	0.01590272504836321	0.00789636466652155	0.008379426227475052	0.0031047898682118103	0.008912341628001742
C[C>G]G	0.0012220180325016373	0.0007619326468557119	0.007504662685096264	0.0014723355881869793	0.005024994839914143	0.005383191072678376	0.0	0.020047141425311565
C[C>G]T	0.0005734548438340425	0.011979332938790322	0.029970306903123856	0.005890398168276079	0.013060604594647885	0.0015832476317996825	0.0040551918558776375	0.020427087006828513
C[C>T]A	0.006476028449833393	0.021567520685493946	0.00622250164672149	0.012653066933853551	0.02160974908620119	0.01323803663253785	0.016467731818556784	0.017414225697405073
C[C>T]C	0.0008174280636012554	0.007577149523422122	0.023779486864805223	0.007247998774982989	0.015346885286271572	0.007596744075817697	0.021530967854324956	0.014523925073444844
C[C>T]G	0.023050382174551545	0.009739317744970322	0.010145555762574077	0.01758802827389445	0.051285211369395255	0.008285197895020247	0.02669515963643789	0.03649498466402292
C[C>T]T	0.004079766501672574	0.008625834807753563	0.014293281501159072	0.025872263498604296	0.014958819560706615	0.020264698937535287	0.01400088956579566	0.014381986204534769
C[T>A]A	0.002057153370697051	0.0007254987955093384	0.005048597417771816	0.00754055098441313	0.0011943516064548021	0.003369266726076603	0.00165914231944555	0.006003384198993445
C[T>A]C	0.0017916050390340387	0.001382282580583194	0.011891341442242265	0.012136648781597615	0.002446023005998654	0.008308561146259308	0.005139841744676232	0.008172755595296621
C[T>A]G	5.577458068728447e-05	0.0002590619384636561	0.006958289118483662	0.006910094898194075	0.014499883520511504	0.015758551936596633	0.0042301535439492	0.004897945227389755
C[T>A]T	4.2507404416291985e-08	0.0	0.010794389806687833	0.011762013472616673	0.0014712746329479387	0.0038873434998095034	0.007692269155813847	0.002765304100330468
C[T>C]A	2.5236633471284237e-08	0.0014325351454317569	0.005293278892986563	0.004706328591100828	7.137219313335663e-08	0.005494340043514967	0.0039056162330922462	0.006259049437699104
C[T>C]C	0.00017309883320706376	0.0010701774852350354	0.018728549405932427	0.008048869483172894	0.003689463727914699	0.01006651557981968	0.007599809663668111	0.013591929976246319
C[T>C]G	0.0007468433680003272	0.0022700471831740288	0.011775009147822858	0.014001912636825865	0.001314871067854284	0.011549478210508824	0.0085165237769111	0.007937330695813215
C[T>C]T	0.00019584695358201027	0.001168058963958174	0.004643607698384487	0.018386400211602448	0.000785924802886484	0.010080450605323676	0.014895608787878701	0.002287728213349283
C[T>G]A	3.850026928375883e-08	3.6267838510184448e-09	0.0006639904381245288	0.002178103616461158	0.0012184631776676724	0.006085995296535885	2.2214617843019368e-07	0.0019107425499896636
C[T>G]C	0.005255591135937721	0.00041400967165827784	0.008247698983177542	0.002785373758524656	0.004508611932396889	0.001511703059077263	0.008651974238455295	0.010205636825412511
C[T>G]G	0.0002258215835352781	0.00243946744594723	0.01500514317303896	0.014417688082903623	0.004058857634663594	0.007605009898543358	0.004306622378617149	0.011320281121879817
C[T>G]T	6.133848273748299e-08	0.0	0.009326959773898125	0.011381168849766254	0.006645345874130726	0.011835414870904514	0.0037980605870075123	0.008282404297642643
G[C>A]A	0.002373762579054528	0.0010857410146854819	0.014675062242895364	0.004276489962649066	0.015503753488883377	0.004114046879929273	0.007233215402811766	0.017080594412982465
G[C>A]C	0.0016496329102665187	0.002975511487056792	0.007999866642290797	0.031365498714148995	0.010820555686950683	0.0044020417062256454	0.003163583224727518	0.004423940600827336
G[C>A]G	0.004847345338203013	0.0011803544068243355	0.003039536951109767	0.001806306978687644	0.0020352511478222367	0.003504424513084814	0.002110769413411617	0.01364791952073574
G[C>A]T	0.0012341062072664499	0.0012467214139180035	0.01635316023603082	0.007767245941795409	0.0073533736169338225	0.01527236569672823	0.007935305871069432	0.004011718649417162
G[C>G]A	0.0038619658605369978	0.0016638264837638417	0.0052919263020157915	0.01771325021982193	0.0026450395584106446	0.0019237086176872253	0.0008278681030489566	0.006065981016263322
G[C>G]C	0.0003070157328437517	0.0007479957945186373	0.006799112586304545	0.0027806715926544713	0.006751889243605547	0.006856568530201912	0.014692659117281437	0.002142398828084424
G[C>G]G	0.00039963432831200405	0.0020388268283568324	0.0027022915426641704	0.001273465878330171	0.0011452500852101367	0.0015890041133388877	6.659086545823812e-06	0.012522909697145224
G[C>G]T	0.003986774155055173	0.0017415801994502544	0.013808850544063	0.023274264857172967	6.391699116647943e-08	0.016270270139034437	0.008312692985748526	0.0052908618003129956
G[C>T]A	0.0025699124904349445	0.014350624894723297	0.01103014382533729	0.012826783396303654	0.00876681376248598	0.015206220373511315	0.014495292864739894	0.019729392509907483
G[C>T]C	0.0009322366396542159	0.00839013778604567	0.014287789072841405	0.022731641307473183	0.005528635904192924	0.009998146072030067	0.01086193360388279	0.008260586105461699
G[C>T]G	0.015623482875525951	0.0062881999649107454	0.026414716616272926	0.0003923659960916037	0.07866679728031159	0.0085220512264641	0.01802915334701538	0.03589510787278414
G[C>T]T	0.0008177223848178983	0.00645278012380004	0.00834405617788434	0.009640947356820107	0.015582016436383128	0.005077896267175692	0.018212982127442955	0.004202560056000948
G[T>A]A	0.002240759285632521	0.00030065198661759495	0.006153573887422681	0.0021282110828906298	0.006415241677314043	0.0013133716769533886	0.007828839682042598	0.005579462507739663
G[T>A]C	1.6973835563760532e-07	0.0	0.009468900132924318	0.0028551560350024373	0.004037985027616741	0.0024713385850191117	0.0030530245431918956	0.0029548233868354145
G[T>A]G	0.001029150397516787	0.0008783033583313227	0.006107097771018743	0.008461306244134903	0.0030505941016599537	0.008213581284508109	0.001022592978551984	0.0057346074841916565
G[T>A]T	0.0018502537568565458	0.00011159892892464995	0.015112374583259225	0.0067507979227229955	0.004883025866001844	0.003727337341115344	0.005423962324857712	0.0033738176225369897
G[T>C]A	0.0017521453090012073	7.207043630120863e-29	0.006182069215537922	0.018307171203196047	0.007672445464311295	0.02378771472722292	0.005818442860618234	0.003619651717508532
G[T>C]C	0.002150561544112861	0.0013652193709276616	0.007979066343978047	0.009289177693426609	0.009887089161202312	0.0031385721755214035	0.0035740095656365154	0.015907507966608135
G[T>C]G	0.0019839413344357125	0.0019478257629089058	0.006180931674316525	0.0026453386516917103	0.012668057531118392	0.0031159187552475486	0.0014841348350756792	0.004835109505802393
G[T>C]T	0.0029723606072366245	0.0003449628478847444	0.002417492747599681	0.0022171686629008035	0.01866486081853509	0.021298916637897493	0.005954528553411364	0.01307119432852275
G[T>G]A	6.833083290302966e-08	1.478048119452069e-08	0.003344404214840324	0.006175596517277881	0.000546366981780011	0.012586234213466696	0.005569256807763168	0.008150124395740477
G[T>G]C	0.004718407709151507	0.0002855676721083916	0.004318970871366901	0.001427434291690588	0.0009374671159548597	0.0036168360617011785	0.0020092735730827373	0.002838402449833666
G[T>G]G	0.002553284832197278	0.0020985729875974356	0.003083665296435356	0.021597379818558693	0.005776041187345982	0.013325563073158265	0.011588287632912397	0.0012153522737657907
G[T>G]T	0.0021989931236021222	0.0019397684722207487	0.006269598705694079	0.006685100868344307	0.006748735345900059	0.009584723971784115	0.0030883839819580315	0.004337540105916559
T[C>A]A	0.01630025656777434	0.031220794096589087	0.017574687115848066	0.0035186229742789287	0.016984729189425708	0.013088296260684728	0.016785445576533674	0.020958857610821724
T[C>A]C	0.022366145439445973	0.011862721666693688	0.008810863457620144	0.04328756332397461	0.002807965129614071	0.01732008137031471	0.006988776184152811	0.007588870543986559
T[C>A]G	0.002536796648033007	0.004886480793357106	0.002289169924500811	0.0009739017812535166	0.003991673979908228	0.0008736866526305676	0.014328995067626239	0.0012647280236706704
T[C>A]T	0.009105961750119063	0.01728709414601326	0.03837731052190065	0.005075309658423069	0.03330263532698154	0.03499172106385231	0.014337156816436903	0.004772451537428423
T[C>G]A	0.15245257318019867	0.10804077386856079	0.0070831007324159145	0.002699530732867916	0.003653384468724875	0.026609329599123432	0.051246101900187566	0.004250745903970054
T[C>G]C	0.03482632488012314	0.04968363270163536	0.006992118991911411	0.03304738625884056	0.013684537773951889	0.03671924024820328	0.017690294608473777	0.006641014292836189
T[C>G]G	0.016511384351179003	0.008444342762231827	0.0019263342355316127	0.002684841264013471	7.53348899706907e-08	0.0072149013746724226	0.0010636749430432246	0.0010374992154538632
T[C>G]T	0.19455533623695373	0.11381723540835083	0.03943713828921318	0.026680502109229565	0.010156988725067139	0.04561579152941704	0.05921700455778197	0.01619805283844471
T[C>T]A	0.17314334213733673	0.18999751806259155	0.0054211832582952155	0.004183047451078892	0.013137611036654562	0.015750638395547866	0.07114354968070984	0.030412558931857347
T[C>T]C	0.048768313229084016	0.08172925859689713	0.013518591970205307	0.01365698382246201	0.011153719457662702	0.023326005041599273	0.03373398147523403	0.03734759259968996
T[C>T]G	0.03296370394527912	0.0742075003683567	0.011324529830221173	0.0038910949602723186	0.017752806097269057	0.012164755491539836	0.021054066145836714	0.046314035356044767
T[C>T]T	0.08428324609994889	0.11110270503268112	0.008401629178303421	0.01955839730799198	0.020970777608454273	0.013806194738315574	0.05522223152220249	0.019889744557440282
T[T>A]A	0.0031347467124088037	0.0018460909806890414	0.006970871612429619	0.0032573917880654333	0.028295740857720374	0.007628767378628254	0.004362771660089493	0.017201923901836835
T[T>A]C	0.006739102955907583	0.00029291929677128793	0.007474224315956235	0.0017084927388850701	0.011811554338783026	0.002556234921939904	0.006786301359534263	0.013540646618014306
T[T>A]G	0.0002123745024789514	0.0012855666514951735	0.005262339582748155	0.01130350362509489	0.002075449377298355	0.0023933569137625454	0.0016562617597060125	0.01501138483735076
T[T>A]T	0.0009177609579637646	0.00035823352190879066	0.008358175121247768	0.015616268012672662	0.00410084668546915	0.015594174520504111	0.0005657819651183615	0.005982246901839972
T[T>C]A	0.0024235538435334546	0.0	0.0032347169239073993	0.0006769713649418918	0.014019135851413012	0.008995843539014458	0.004205029547176764	0.007460488425567746
T[T>C]C	0.00014831587935475453	9.874803891989359e-05	0.004797351309628084	0.010894113220274448	0.018542485497891902	0.013362253457307816	0.006087383927996371	0.008573915283432144
T[T>C]G	0.0037296472107499314	0.0003295277711004019	0.0012135961093008517	0.016615619137883186	0.0023061069996572316	0.004120103269815485	0.00042691668821817077	0.003647491708397865
T[T>C]T	0.0012767079657407976	5.449881427921355e-05	0.004727189149707556	0.00503223710693419	0.010351989045739174	0.007784173777326942	0.018337500840425493	0.026742606610059737
T[T>G]A	0.00022336931433528662	0.002267545345239341	0.001668202318251133	0.008220415003597737	0.007859414210543036	0.008068184182047845	0.0010075393449824332	0.014512789342552424
T[T>G]C	0.00024353901927725018	0.0007854372903238982	0.007037086226046085	0.007141548627987504	0.002031511643832573	0.006797965397482101	0.0022478133849062943	0.0012615430990763343
T[T>G]G	8.546038259282795e-08	0.0	0.001698380010202527	0.01409765426069498	0.004092189040966332	0.009245331957936287	0.0012761683898474985	0.0008413731387179269
T[T>G]T	0.00012973190168850124	0.00014074547070777043	0.014746249094605446	0.011639800481498241	0.00395017915416247	0.007491999794729054	0.010777919925749302	0.009067481095962648
