MutationType	SBS96A	SBS96B	SBS96C	SBS96D	SBS96E	SBS96F	SBS96G	SBS96H	SBS96I	SBS96J	SBS96K	SBS96L
A[C>A]A	0.0023477067239582538	0.007442247805310842	0.0038327987285811105	0.016488690953701736	0.03239174075424671	0.012039211136288941	0.007627332210540771	0.01680810172110796	0.02915771659463644	0.01894271615892649	0.011811563558876515	0.02910043131560087
A[C>A]C	0.001088639535009862	1.0836733963939425e-07	0.0034952374179938934	0.009973003109917045	0.010133845545351506	0.009453308954834937	0.0220674199052155	0.026558564603328706	0.004533354758757468	0.005707358149811626	0.00580559134401955	0.018918828293681144
A[C>A]G	0.0004934336076145073	0.0023423460479079948	0.00018276188727700172	0.004397789295762777	0.003976970142684877	1.703675820863282e-07	0.005330968008843228	0.0041011437773704525	0.010663373721763491	2.05741848141594e-09	0.004659073916263879	0.011451753973960876
A[C>A]T	0.0008982049417681992	0.007718423157348298	0.00411713793874237	0.021555877383798362	0.020441141538321973	0.008122309762984514	0.0	0.031275291368365286	0.004345781022674461	0.01167477210983634	0.0038424552883952858	0.012589645572006702
A[C>G]A	0.0027439453871920703	0.001707678620562092	0.004359698668122373	0.005590639542788267	0.012067745253443719	0.007959619370262771	0.014180404227226972	0.015447432547807694	0.01936229523271753	0.009904364403337241	0.008951195958070457	0.009194528684020042
A[C>G]C	0.0011304571176879107	9.197722192766377e-08	0.009804012160748244	0.0109708852134645	0.008207357255741954	0.002979440800845623	0.013803145242854952	0.014012299105525016	0.0008497900445108009	0.0006046141170372721	0.012498709373176098	6.990660157271122e-05
A[C>G]G	0.0011447796418451617	6.519532576021448e-08	0.00028232097781710763	0.007707037680546591	0.0036958157608751206	1.2878622325989517e-38	0.002102028883462026	0.015935435984283687	0.0020653766114264727	0.0030426178127527237	0.008176793716847897	0.0
A[C>G]T	0.0017118107994974706	0.003361020274269322	0.0048398340586572955	0.005198224540799856	0.05349365286529064	0.02556666322052479	0.013542810641229152	0.017524636723101138	0.002573717571794987	0.017714449501363562	0.005253526284286636	5.5294728372246024e-05
A[C>T]A	0.005563568551588105	0.00469437064602971	0.031183093413734774	0.001055687852203846	0.016991093941032886	0.025371604971587657	0.005864152235557638	0.013635336700826884	0.013521501627928955	0.004416746163042262	0.0059934774413704876	0.004348744638264179
A[C>T]C	0.0016208990942686795	0.00401987093500793	0.0005452164490786629	0.015226096380501986	0.009351885132491588	0.00888301683589816	0.018874758256121994	0.009583997959271073	0.01177184022963047	0.009913637093268335	0.009927332401275635	0.008623255658744711
A[C>T]G	0.003768254863098264	0.029949034191668035	0.014970733042650864	0.010741298273205756	0.012540059142914015	0.013458832446485759	0.053647950291633606	0.023645588383078574	0.081215238571167	0.029669661819934846	0.041069166362285615	0.09026840701699257
A[C>T]T	0.00017034859788804768	0.004042208363534883	0.006355162709951401	0.008109064726158976	0.017751764226704835	0.027821324579417706	0.009759913058951497	0.008138538990169763	0.006857101293280721	0.004826466832309962	0.01879752203822136	0.01051423568278551
A[T>A]A	0.00031571464653694646	2.1432925620956666e-07	0.0019272945821285272	0.0035340591125816445	0.0015487646218390375	0.012403341941535473	0.002309216451845564	0.0025607749838513884	0.0024727377549993435	0.004724151694034617	0.0035544388185371643	0.00021701403153713273
A[T>A]C	0.0008468393920338712	0.0017509968136437237	0.0017625829208658625	0.003876354229373646	0.0011868318542838097	0.006497868010774255	0.022090926580131055	0.009771806560456753	0.004389794124290347	0.0026400012895464895	0.010276233404874801	0.012677517347037792
A[T>A]G	0.0003480610088445246	1.3957770645042777e-07	0.0026556381809009545	0.01129036657512188	0.0002442244673147798	0.005677369330078364	0.002343802409472817	0.00479969922453165	0.005634151585400105	0.03438213057816029	0.014276874344795942	0.004101762622849492
A[T>A]T	0.0	0.004979009553790092	0.001218880247324705	0.008335085026919842	0.0007979985326528549	0.027829860523343086	0.003465915946072329	0.0019055428027314747	0.008227990800514817	0.006130294222384691	0.014436000213027	0.015732623590156435
A[T>C]A	0.0005635187961161136	1.6809226669189937e-07	0.007189174521408858	0.025460189580917357	3.4837802781462203e-12	0.0170005239546299	0.004367237817496062	0.008641332667320967	0.03308477364480496	0.016596776060760023	0.006876570405438542	0.01119871661067009
A[T>C]C	0.001945130048446704	0.002727273720665835	0.0008761456648461206	0.013750075735151768	0.012352545000612735	0.011883565474022362	0.008909726282581687	0.010380634106695652	0.001518004760146141	0.004010881629506002	0.005266617704182863	0.001069698251384497
A[T>C]G	0.0017222954309545457	0.006964740483090282	0.003221187474374909	0.00668227318674326	0.014499965962022543	0.0020830101799219846	0.021421856619417666	0.019530818425118925	0.004465861851349473	0.010929763317108154	0.018250023387372492	0.012847216706722975
A[T>C]T	0.0009198393932073968	0.005315236440094395	0.0024653594448853624	0.027850163029506804	0.001361600123345852	0.00706620691344142	0.005317174829542637	0.018364400137215853	0.005496572893810026	0.02545878104865551	0.009274989180266858	0.006522840727120638
A[T>G]A	0.00010321246830500286	1.2671578900835812e-06	0.0034530814504250885	0.003209359079608021	0.008025727042695507	0.005788358402378435	0.005848802765831352	0.0006492661539240884	0.02730864491313696	4.588063916344254e-07	0.002866287110373378	0.006099596590092915
A[T>G]C	0.0001830241164952895	1.0582079994492233e-07	0.0019399752560048	0.00237630673818785	0.0067939986431781564	0.003123788209632039	2.789148766169092e-07	0.004020237410441041	0.0014119113209744682	2.995938041294721e-06	0.0029406304622398237	7.50061821008785e-07
A[T>G]G	0.0001305453246459365	0.0	0.0018402195259113797	0.005173289915546775	0.013538952637463807	0.002666478467426714	0.002648481455730689	0.011247499489172696	0.004975664424068833	0.0005326374967637548	0.013445428828708828	0.0020311324058525314
A[T>G]T	0.0006684135998284546	1.7693932462285385e-07	0.00914032980799675	0.008956255530938506	0.0055069287307560446	0.008875582972541452	0.002821378401807806	0.0011656969562636732	4.887571606104757e-07	0.0012309149340126169	0.010735012032091618	0.0020040684936532215
C[C>A]A	0.001125159285220434	5.613265722536982e-25	0.008468425356253029	0.012055302876979113	0.015580118680372835	0.017022630386054515	0.018076466396450996	0.01734109721146524	0.014263891242444515	0.010462067861476498	0.014808064326643944	0.01913438957581093
C[C>A]C	0.0002542269023109014	0.0015319796744734048	0.0037641903851181268	0.03285477114841342	0.0088651143014431	0.029707727208733558	0.009647388756275178	0.008131133299320937	0.0033744509446478332	0.013562870697933249	0.007543902564793825	1.2617128106739983e-07
C[C>A]G	0.0012512372357832645	0.001332568540237844	0.001389811070646374	0.004524532146751881	0.012624002806842328	0.00027767603751271963	0.0008270735284099829	0.002943362249061465	0.0013399379078350647	0.0	0.0004842827096581459	0.00903596794232726
C[C>A]T	0.0005663511198918059	7.80605148520408e-08	0.011109511647373439	0.03540014624595642	0.0290447685867548	0.025655533745884897	0.005311666708439589	0.009301971085369587	0.001022577549883863	0.028804470784962177	0.01126796631142497	0.005520310346037149
C[C>G]A	0.004383877571672201	1.5245840359057184e-07	0.009265670640161261	0.009179177600890398	0.01745895096100867	0.008341994686634279	0.0019262220710515976	0.011529720888938754	0.009103909833174838	0.01106832381337881	0.007510836143046618	0.0037895206521852743
C[C>G]C	0.0011725330026820303	6.798570097998891e-08	0.0027268668518708266	0.012166845053434372	0.01374353701248765	0.005047530028969049	0.011684333439916372	0.023286502296105027	0.005027508899761243	0.002991651650518179	0.003402158943936229	0.01008017621934414
C[C>G]G	0.0024346738355234265	1.7823620055423816e-07	5.164950987568417e-06	0.002034229226410389	0.010150890052318572	0.0004998142029478458	0.012115155206993222	0.009252921352162958	2.407404963378299e-07	0.010249075712636113	0.00928732249885882	1.2980499604964279e-06
C[C>G]T	0.005747916564467914	9.72149905464903e-08	0.015920377708979003	0.016333180665969848	0.019721292518079282	0.023657578229904174	0.0030440958216786385	0.0069240985438227655	0.004953664530296465	0.00865954255939414	0.021510580368340016	0.004471352258326533
C[C>T]A	0.010079520173894707	0.002626526267067675	0.025422461796551943	0.014037340600043535	0.011609537154436111	0.01173646179959178	0.02067785910330758	0.017354882275685667	0.010442569991573692	0.02092125415802002	0.015621408214792609	0.008264937065541744
C[C>T]C	0.0059905962292285285	1.2408927432261408e-07	0.01858997230384647	0.017404090461786835	0.0014071622550545725	0.033839162066578866	0.015009838435798884	0.004431752115488052	0.007867954854418713	0.023907437175512313	0.003877670843903047	0.003704404535346839
C[C>T]G	0.017173131182789802	0.013224832913692808	0.0028201371431353767	0.004424426890909672	0.006475804559886456	0.014484136551618575	0.06403889562934637	0.03626316450536251	0.007200944051146507	0.013368213176727295	0.03015290331095457	0.04652620647102594
C[C>T]T	0.004516031167219126	0.009108806191943587	0.01558844914313795	0.011836012313142418	0.010385385155677796	0.025464263558387757	0.00944211557507515	0.021587730012834074	0.010807297751307487	0.041229060664772985	0.02028355812653899	0.00939012459712103
C[T>A]A	0.00030901997703622894	0.001198433618992567	0.0013824094785377383	0.00040239901281893255	0.008046872448176146	0.002205121569295443	0.0014799897725538357	0.006456002534832805	0.006846806034445763	0.005613227629874018	0.0011413290165364742	0.004713225011573741
C[T>A]C	0.00035355236568042537	0.001002954988473448	0.00020488802749270009	0.01025536258239299	0.0221475200727582	0.015461247274652123	0.002308714222908748	0.01588138835504651	0.0010772811499919043	0.007010053814542516	0.002044045878574252	0.001603953237645328
C[T>A]G	0.0007007735226210344	7.962535732985999e-08	0.00300428772388841	0.013630108162760734	0.015144812129437923	0.001841033156961209	0.023137214221060277	0.009248029140246672	0.007064736448535313	0.0032033365219845573	0.008459050394594669	0.00938841700553894
C[T>A]T	0.0	1.0751764136784914e-07	0.0012605778872966766	0.00829073810018599	0.002275310295607369	0.016066540218889713	0.005434028778108768	0.009285724908113479	0.0018224686405574175	0.0029856104375667767	0.005094339994428765	0.012529851922647595
C[T>C]A	0.0008796454931143671	8.851994781639655e-09	0.0017992852488532781	0.0020896895788609982	0.003115698113106191	0.003994714003056288	0.005535062914714217	0.0026249428745359184	0.002834655530751089	0.007711678743362427	0.00801557134836912	0.000397255530305074
C[T>C]C	0.0007981963222846389	5.107927671046912e-27	2.105444707467567e-10	0.009827542072162031	0.0017484440468251705	0.013440358825027943	0.01398692624643445	0.007668237402231171	0.01753157377243042	0.020117297396063806	0.004043701282921576	0.007478800956221221
C[T>C]G	0.0013073653170920351	5.497659685715916e-07	0.00400366768471806	0.022699644789099693	0.0195529593154788	0.0028850425500428936	0.0027692487463355066	0.005061462880055956	0.026571033522486687	0.0006920038985526844	0.004041527491062879	0.010423042345792055
C[T>C]T	0.0005443711590488249	0.0007968355490902468	0.004613733451895996	0.011095615988597273	0.003629804344382137	0.0075284427031874655	0.008208062313498545	0.00764318096946211	0.019479910470545293	0.006758773884041602	0.0059488464146852495	0.011288574058562517
C[T>G]A	0.0	3.337435146022472e-08	0.0019384803716093301	0.000314202597263602	0.00433275255199419	0.0013530829455703497	0.007269323213915868	0.0013114551660805772	0.001345849739050209	0.002815335117475115	0.0014799087777248587	1.8281606685377484e-06
C[T>G]C	0.000782722061410368	0.006744526280090213	0.002884816518053473	0.006598009634763003	0.005030368408188224	0.0038782997988216173	0.005883773385210134	0.004292190214619041	0.005671829823404551	0.00585362296551466	0.0014302665888408228	0.018028317764401437
C[T>G]G	0.0009268634127612299	2.0116998655339556e-06	0.005864451406523585	0.012038829363882541	0.019795380160212518	0.012333443481475114	0.0015115238330253079	0.018327007256448268	0.01222289027646184	0.009150994616175013	0.012290029879659414	0.0033495920710265637
C[T>G]T	0.0	5.010195707200182e-08	0.0017703305929899216	0.009067326633845596	0.0037816481199115515	0.010165984556078912	0.009816031432262663	0.005798592644509881	0.005559651541636868	0.02655738592147827	0.004362375615164638	0.0035430227014558112
G[C>A]A	0.001005290029570461	0.0024473466444760563	0.006816601390074594	0.01589939892292023	0.00917754010297358	0.01622715685516596	0.00919286999851609	0.005586536660501196	0.0024484267113166424	0.013514236640185117	0.007510418351739645	0.018234255739315586
G[C>A]C	0.0009028484842476727	0.0027481454145686255	0.005165905134675519	0.025463087111711503	0.015407061763107969	0.017220775689929725	0.006140978075563908	0.015631019324064254	0.02652386588420086	0.003241717629134655	0.002487515285611153	0.005407545529305935
G[C>A]G	0.0022622991469688713	0.002607583601161423	0.000589034233466812	0.0	0.004589004025842769	0.0005699373316019774	0.0029448113481237216	0.0010617373045533895	0.0	0.007807335862889886	0.0006116042379289866	0.012956496607512236
G[C>A]T	0.0011235304678848478	0.005214034882374108	0.0011974795721483912	0.011599189066328109	0.0051769667072221635	0.025016220286488533	0.013673770613968373	0.008445265982300044	5.973772755802434e-20	0.008125243429094552	0.010214992240071297	0.002449752623215318
G[C>G]A	0.002008738781592001	0.002353679807856679	0.006107348669320345	0.00923218298703432	0.02383215930312872	0.011657359551986702	1.6341576838385664e-07	0.0022164786685038964	1.0303946328349412e-05	0.005329241597320333	0.003614016156643629	0.007146041374653578
G[C>G]C	0.0006192648642441955	0.0005512492896054156	0.00557826004669551	0.013373388722538949	0.002195680467411876	0.007072557770459298	0.011199117917567492	0.004345572739839554	0.006499657360836864	0.001469329558312893	0.004441494634374976	0.006545390794053673
G[C>G]G	0.001281680075226177	3.7624259334734235e-07	0.002696980993391662	0.0005277025450880046	0.007218558000721487	0.001053109669010155	0.001183370407215989	0.0021970329340547322	0.00409144489094615	0.005249757133424282	0.0005078770737426908	0.0
G[C>G]T	0.0020772003152160325	0.0055987820771918	0.0023336130194365977	0.014061453938484191	0.02217582371085882	0.026838446222245693	0.001478234399110079	0.024168023467063905	0.00047182980924844744	0.006495742499828339	0.006789778079837561	0.0
G[C>T]A	0.0038389892349503956	0.0004967596847563982	0.027387645095586777	0.020768400654196738	0.02155145276337862	0.00894043929874897	0.006490680425554274	0.004075836052834347	0.038287476450204846	0.01986595056951046	0.005575056397356093	0.015131897293031216
G[C>T]C	0.005245989840477734	0.001539145331770948	0.013540511109749787	0.015327947214245796	0.008210437512025237	0.015954984910786153	0.013696960732344332	0.01674547961447388	0.00763719854876399	0.00956573043949902	0.006382015813142061	0.013145175762474537
G[C>T]G	0.010095740522956476	0.015458863228559494	0.00829915635404177	0.008113015722483397	0.009640520811080933	0.021503883600234985	0.04999435320496559	0.023160676844418047	0.024481945484876633	0.031266091391444206	0.06313703656196594	0.03890165900811553
G[C>T]T	0.0027777397378695003	0.006104497386547792	0.013688571006059646	0.006115796157371278	0.005609677731990814	0.01869435515254736	0.014371328800916672	0.004239291790878429	0.018003099984259106	0.00904901847243309	0.012489436380565166	0.0021389758739164934
G[T>A]A	0.00040178541676141427	0.002015824191039428	0.0005536564283630697	0.005602744268253445	0.0028615605332106497	0.0021725121419876813	0.010167069733142853	0.0042303577065467834	0.0034451793879270555	0.004256809366097514	0.0	0.009248565470124958
G[T>A]C	0.0	8.332531535870657e-08	3.3763183182600184e-08	0.006821714029217674	0.002889836141533556	0.009761301893740892	0.00323664227307745	0.0004188238433016522	8.767065992287826e-07	0.004558681577808699	0.007885862564512536	0.00141387094968195
G[T>A]G	0.00027497158735059204	0.0025370895876696054	0.008359896717593074	0.00884114233776927	0.01592147219926119	0.0007130934662427535	0.0027204292140964982	0.008073588499019024	0.0005004664417356253	0.0036360007710754872	0.004036319103057798	1.6166984551091446e-07
G[T>A]T	0.00022643725387752056	0.0019726195372641087	0.0006980852107517421	0.011723107472062112	0.002537919147131795	0.012218795344233513	0.004157892489115511	0.0027216756716370583	0.0025938848318730833	0.004343080893158912	0.005691120121628046	0.0067556677764514465
G[T>C]A	0.00010301758303235084	0.006138373375870981	0.0010370880365371705	0.009890666231513023	0.01270800894126296	0.006651350948959589	0.0033878344111144543	0.02948594018816948	0.009594058338552713	0.0033844710211269557	0.006913482351228595	0.007130526099354028
G[T>C]C	0.001275026542134583	0.0029707212932407858	1.433437205389135e-07	0.009029149590060116	0.011511179152876139	0.004570436883875572	0.008808017522096635	0.008584978291764855	0.0	0.009220829419791698	0.006985370349138975	0.009797383430282025
G[T>C]G	0.0005942315910942852	0.0009056596175923915	1.2062881751337138e-07	0.0022258675191551445	0.0019918821752071382	0.002511634025722742	0.003991827601873865	0.014122748587396927	0.004035116735587962	0.005926686301575046	0.011143573187291622	0.004185292962938547
G[T>C]T	0.00023011286682503851	0.0017248199888854287	0.009481247188523412	0.0023308210482976934	0.006228018924593926	0.002462883945554495	0.01386029493442038	0.005085642895906517	0.015346358343958855	0.008204968785867095	0.015495777036994696	0.014957646746188403
G[T>G]A	0.0	4.388725756143686e-08	0.004958596453070641	0.0005659918766468764	0.009501401148736478	0.0037121670320630074	0.005824358995323564	0.0025644995843492778	0.006842936109751463	0.002270147583556081	0.004896051343530416	0.007064325355861456
G[T>G]C	5.402415354183176e-07	0.00593807392870076	0.0003558184485882521	0.0016995263984426856	0.0004706859588623047	0.0017563636334671172	0.00037856423443827225	0.0004025682276505904	0.003808310069143772	0.004009810517800361	0.002540369238704443	0.0071411861767956
G[T>G]G	0.0014339925325159652	0.005410869398190243	0.006620837328955531	0.007058006059378385	0.010134453373029827	0.021920438669621945	0.0016632221639156341	0.0067003356292843815	0.0005393847958430342	0.0029746086120212567	0.00466984030790627	0.004408563859760762
G[T>G]T	9.361222037114204e-05	0.004285908321617171	0.00468248274664802	0.004732993990182876	0.002072957381733431	0.004696349335586092	0.005166239477694035	0.002012287588854633	0.0026567729809357844	0.016305451467633247	0.0010576065629720687	0.004463183552252304
T[C>A]A	0.013230423945187721	0.023402929492294788	0.05377076845616342	0.019423296116292475	0.005049174012012214	0.01766911101003643	0.020520368311554193	0.009746792633086443	0.010573781933635474	0.03400950245559216	0.016463297605514526	0.007791568338871002
T[C>A]C	0.013064806487614105	0.022860676425270964	0.020418990388134262	0.012508007837459445	0.018135451711714268	0.021025921404361724	0.0	0.030247825756669046	0.008671252429485321	0.0	0.014799724146723748	0.02058822545222938
T[C>A]G	0.0020532466607619424	0.004194210679270327	0.007931958278641104	0.003224339336156845	7.322818363513818e-16	0.006734357308596372	0.0036621449049562215	0.0015057460637763142	0.005866456404328346	0.002612075221827581	0.00329210942145437	0.011876935325562953
T[C>A]T	0.004740362539982982	0.022421884536743163	0.020352879725400203	0.03056215401738882	0.008065391425043344	0.03490098025649786	0.028918927162885667	0.01941225491464138	0.004843722544728734	0.017421994330834422	0.029830611497163772	0.0020829230799733977
T[C>G]A	0.1361268624663353	0.1283672943711281	0.08009685937053064	0.00626661186187345	0.0007360169447618706	0.0029442178551107646	0.023645266145467757	0.001979027129709721	0.02877466098032073	0.007982479874213681	0.02098525781184435	0.013464899740860448
T[C>G]C	0.026259512603390787	0.057774917781353	0.04621182009577751	0.006665543327108026	0.03506887257099152	0.004236231079084973	0.010050763934850692	0.009663992002606392	0.060308514162898064	0.006825276091694832	0.017729182163020597	0.016176366806030275
T[C>G]G	0.011354072864560295	0.012449812454360654	0.005693215969258039	0.0031988367903977633	0.00037989238917361944	0.0007020512595772744	0.0012029932435325464	0.004410461150109768	0.01119343303143978	1.0200930091741612e-07	0.0031913697021082044	0.006817061074377406
T[C>G]T	0.14802871868014336	0.2001907557249069	0.1092738512903452	0.042628679797053336	0.012452394887804984	0.013096895040624789	0.015044463239610196	0.029285821504890917	0.02735431455075741	0.03170233219861984	0.04600602436700285	0.0057332152500748634
T[C>T]A	0.2567553222179413	0.1492662772536278	0.05277465460821986	0.02043306306004524	0.006315191020259287	0.00533334715291858	0.03511166479438543	0.017717334814369677	0.028688564710319043	0.018088725954294206	0.04210573201999068	0.022544591244331967
T[C>T]C	0.06846800819039345	0.03813854465261102	0.06724332617595792	0.009377909824252129	0.014994554035365582	0.023884468525648118	0.026892608415073616	0.01254347451031208	0.026541285403072833	0.03252117745578289	0.013519558683037758	0.03562944196164608
T[C>T]G	0.05460890978574991	0.03634623503312469	0.054497124068439005	0.007778292061850371	0.017960992085708248	0.007838743574789397	0.009769630990922451	0.01163843305548653	0.016079728957265615	0.031041224673390388	0.036810833215713504	0.03219195120036602
T[C>T]T	0.13177974224090577	0.08386372327804566	0.043311348743736745	0.028373434953391553	0.007643605675548315	0.014740340318530798	0.013619493506848813	0.018531882419483735	0.017063303361823046	0.060596305131912234	0.021417461708193218	0.03856109790503979
T[T>A]A	0.00020894395378278684	0.002548885345458984	0.010509735625237226	0.004149819584563374	0.003091598954051733	0.005911448877304793	0.01238868609070778	0.0056920435279607775	0.008732361408220868	0.010618324670940638	0.025176802650094032	0.011543498560786247
T[T>A]C	0.00020907764846924692	0.0024284758026624333	0.0007065734826028347	0.008757830487797946	0.014424528367817402	0.005025250930339098	0.009721402637660503	0.0027317131171002984	0.006449800170958042	0.005062397642359428	0.007240873744012788	0.005931365210562945
T[T>A]G	0.0009735407642712468	8.551165642245451e-08	0.0030318000353872776	0.0067096084107447496	0.0048124763517989775	0.010377637017518282	0.007799448259174824	0.007812425401061774	0.02003189455717802	0.0003242819902084193	7.658884442207636e-08	0.007778402155122421
T[T>A]T	0.0005028732398614011	0.0009380764364891548	0.007280284655280411	0.014529335033148526	0.015809350414201617	0.012614773400127888	0.004803079582556435	0.0032904047977189294	0.0008836887074963329	0.008309138566255569	0.00813993434421718	0.00024058864828475636
T[T>C]A	0.0	0.001434347266331315	0.0022550115361809732	0.0027103061423417786	0.0029523648787289857	0.0034920110134407877	0.021611647307872774	0.0023467117454856632	0.004540614868017201	0.011210329359499838	0.0024472292512655257	0.007355890582505254
T[T>C]C	3.876940841915505e-05	0.0036696800030767917	0.0013122834265232087	0.004011451872065664	0.022433224692940713	0.001192182023154735	0.011824919812538503	0.00941853491361826	0.011494924034923314	0.00654776841561624	0.009906142204999923	0.014828063920140267
T[T>C]G	8.934691140933966e-06	0.00302504631690681	0.005332927196286618	0.0038958672899752854	0.006297200137510117	0.001838711550408334	0.0	0.005719293767810996	0.006922803819179535	0.004078837517863576	0.006277210731059313	0.004874436627142131
T[T>C]T	0.00011124069569632412	0.0028063727542757986	0.002864032310026232	0.012483929733022592	0.014838846866041422	0.0025566948566734028	0.02443261779844761	0.010881195031106471	0.020170189905911684	0.007823227618856033	0.005127954483032227	0.02652617320418358
T[T>G]A	0.0012799850833289383	1.0976076509905397e-07	0.002606956762315349	0.0012116681784391404	0.01580883013084531	4.11978851033723e-10	0.001669816622234066	0.004385014995932579	0.009378164447844029	5.552458333113464e-08	0.00803130492568016	0.013001888431608677
T[T>G]C	0.00044561466784216465	0.00026325090666432514	0.0038583504036111887	0.00347511637955904	0.011277904873713851	0.00410990584641695	0.0	0.007183236628770828	0.003177188942208886	0.00162781805756822	0.003685289230457365	0.0028778044041246178
T[T>G]G	0.0	5.685859463255838e-08	0.0	0.012893855028613644	0.005347961370239318	0.006689060439953209	0.007515105492711882	0.012466696138653787	7.082057436491595e-07	3.2446054234469555e-07	0.0013558044302470762	0.006514163558449582
T[T>G]T	0.0001516298294283569	2.985915119725046e-25	0.0030603511724621056	0.007660187222063542	0.009921066462993622	0.009749785484746098	0.008579238876700401	0.01346260923892329	0.01510267506346281	0.0047749018163813165	0.008296413533389568	0.014143246344599448
