MutationType	SBS96A	SBS96B	SBS96C	SBS96D	SBS96E	SBS96F	SBS96G	SBS96H	SBS96I	SBS96J
A[C>A]A	0.0006641516080004024	0.011375385150313378	0.019449994433671236	0.016497242893092335	0.019553112238645552	0.00739829121157527	0.01075705818948336	0.023472203873097897	0.013350971229374408	0.03285450795665383
A[C>A]C	0.00032696031266823413	0.008123451145365834	0.00917390249669552	0.02139837369322777	0.009284333119967413	1.1356879456059052e-40	0.021145262010395526	0.017059452552348375	0.012363047723192721	0.004713173070922494
A[C>A]G	0.000445225668954663	0.0026399911381304263	0.002199258655309677	0.0031617204658687115	0.0016195131045122935	0.008605351881124079	0.007513192856060868	0.0001512973127955588	0.008087797742336988	0.005853574486343405
A[C>A]T	0.0005105648131640438	0.009878539347710102	0.02613169208634645	0.012790633458644151	0.007467108499258757	0.004222922073677182	0.0066656934960292345	0.025045234896242618	0.0012126687139243585	0.01831839233636856
A[C>G]A	0.0024618480121716855	0.007296379934996366	0.0070905923843383786	0.012717478536069393	0.007908933376893402	0.0031472691800445316	0.008089806511998176	0.014802384562790394	0.004754372499883216	0.017505356669425966
A[C>G]C	0.002057956042699516	0.005726494081318379	0.006963587389327586	0.012323030736297369	0.003527327487245202	8.807125198018185e-08	0.012270372943021357	0.005154495732858777	0.00518289958126843	0.008212623919865792
A[C>G]G	0.0013442497584037483	0.0014059156621897273	0.0031028962517723356	0.012064688466489315	0.00298030823469162	1.2286398600735993e-07	8.364258462734142e-07	0.00516021692239974	0.00043936539743055547	0.004677560843765605
A[C>G]T	0.0019277223967947067	0.009613060252741341	0.017396911047399044	0.039763042517006394	0.011361212655901908	0.0018128010026174479	0.00891637764193547	0.014929356426000595	0.005055353092029691	0.007599614840000868
A[C>T]A	0.005760990362614393	0.015101888682693243	0.018418046180158854	0.0022797627141699197	0.007560475263744593	0.004341569822281599	0.02537521622310237	0.00782829137169756	0.010741828614845872	0.01711909043624473
A[C>T]C	0.002046673851716678	0.014042568393051624	0.007403262332081795	0.016769917123019694	0.00890651778317988	0.0031685136491432786	0.004530302423518151	0.016875328868627547	0.013112225197255611	0.008812288055196404
A[C>T]G	0.005227304389700293	0.01976779936642984	0.008041789010167121	0.015407976135611534	0.033843695305631624	0.039071575924754146	0.06630033850669861	0.05905927419662475	0.05487150102853775	0.022325289202854037
A[C>T]T	0.0005589370150119067	0.013679849915206432	0.03366638533771038	0.002653442835435271	0.01363252392038703	0.001823904823240241	0.01647228063084185	0.0034488911740481855	0.012967385724186898	0.0026461852674231068
A[T>A]A	0.0007140345289371908	0.00039184210489793256	0.005743765100339715	0.001941702957265079	0.008478616294451059	6.990322845012998e-08	0.004533047450900085	7.792261044414772e-07	4.888728426522225e-08	0.007471820712089539
A[T>A]C	0.0010310813086107878	0.007379997614771127	0.0038945797830820085	0.005205075489357114	0.007368027418851853	0.0026554803443701756	0.00455332612618804	0.009460834256606177	0.018031991738826036	0.0012906966730952263
A[T>A]G	0.00033459431142546237	0.008283294915054284	0.007210392225533724	0.00293643306940794	0.01380695253610611	3.1081257012566256e-11	0.0045770145496637936	0.020444825664162634	0.0018838017593907352	0.013308000611141324
A[T>A]T	0.0	0.003236810397356749	0.008509345063498586	0.0002228069119155569	0.026505177095532417	0.006316106673330069	0.015616510063409805	0.004883036978571909	0.004194468676030283	0.006361338123679161
A[T>C]A	0.0008335511898621917	0.0024819503538310527	0.010118063632398843	0.005152582190930843	0.020393699407577515	1.0822575262636746e-07	0.008329979772207707	0.025795457512140275	0.007362557016313076	0.017227943282669855
A[T>C]C	0.0011673961066374014	0.0054698567848667405	0.014527871832251548	0.011821633204817772	0.010080028045922517	0.0042768861167132854	0.0009938721947369	0.002320654488562468	0.00892341248691082	0.008912631295837059
A[T>C]G	0.0015890722395852208	0.004482390464759289	0.007714908453635871	0.01792307700961828	0.00563048217445612	0.010392953641712666	0.0062898589214878346	0.027469317987561227	0.015813997387886046	0.010076243663206697
A[T>C]T	0.0010595822299364955	0.013354152281009234	0.007350050471723079	0.01147050065919757	0.019682995788753033	0.004684702167287469	0.0052784729748965985	0.03218278847634792	0.0015722356431979278	0.007016903534531593
A[T>G]A	0.00017052272047237693	0.006516720267154596	0.004058252880349755	0.005477037210948765	0.0045288764405995606	1.1194849633966441e-07	0.015063544362783432	0.0046539135129535225	0.007551292888820171	0.012707801303133693
A[T>G]C	0.00040409660986675535	0.0006129942860695792	0.0060639062547118705	0.003637915989384055	0.0004829362736245457	1.071376345862518e-07	0.007092405948787928	0.0006938006164887491	3.925474692323405e-06	0.0017150347903793772
A[T>G]G	0.0004205095290672034	0.002039867497830983	0.005760625097900629	0.016721799038350582	0.0011034414270625348	1.2458741593945888e-07	0.0033136965504922955	0.0033983166268512833	6.503209988295567e-08	0.011161220353096723
A[T>G]T	0.0008236607187427581	0.0025971921145696796	0.0065151829272508625	0.003542006015777588	0.006802701856940985	2.131616858191965e-07	0.0022811620496213437	9.37608206186269e-08	0.00147820147492439	0.004196920432150364
C[C>A]A	0.0007736593198658745	0.011546240416702425	0.015029536932706833	0.009624548256397247	0.015928399004042148	0.0	0.009723111055791378	0.021434099599719047	0.019496857933700085	0.025927716866135597
C[C>A]C	0.0008725681225769221	0.002840617811307311	0.016927839908748864	0.02494994327425957	0.022807235084474086	0.0004421602071460029	0.007502587979797681	0.005137054156512022	0.002231121695348293	0.009236803092062474
C[C>A]G	0.0012592064216733463	0.004004378337413073	0.0015477316541364417	0.0061541439965367315	0.0035403107526235543	0.0025820337124059733	0.004579314542934298	0.0037236435338854805	0.005546119576320052	0.0037032581499488516
C[C>A]T	0.0013352202135138215	0.014657911844551586	0.02058989480137825	0.01693126801401377	0.028503479808568953	0.0	0.013504065759479999	0.013360082730650901	0.0053104013204574585	0.0025271708145737652
C[C>G]A	0.005965820048004389	0.003555389265272879	0.013136217463761568	0.014127440843731165	0.010570049658417702	8.61142240182744e-08	0.01704238960519433	0.01121168970130384	0.0005349711049348116	0.014352431986480951
C[C>G]C	0.0013546975911594926	0.009791987053722551	0.012034652382135391	0.01330594839528203	0.001913381600752473	2.043861968559213e-07	0.00508471589837427	0.012386601604521274	0.006096655875444413	0.010028614966179817
C[C>G]G	0.00254731816239655	0.0037154021672904493	2.970752744368612e-44	0.028594522178173064	0.00033970927520942106	6.609878229255628e-05	0.0013609132416718239	0.010830955486744643	0.004332997374001479	1.9343429897289432e-07
C[C>G]T	0.005851339688524604	0.005479946546256542	0.018253725254908204	0.015249478258192539	0.030525014363229276	2.524793103475531e-08	0.025183430686593056	0.00035215695937067525	0.0032152885571122168	0.0038212429732084273
C[C>T]A	0.007069737056644954	0.019676822144538163	0.010587855942523382	0.021308356523513795	0.01125602571275408	0.008028555195778608	0.002461949782446027	0.022205854952335357	0.024207367561757565	0.019405745156109332
C[C>T]C	0.004515479085966945	0.007089610682385228	0.011338939517736435	0.007884574850322679	0.01911244709044695	5.464221999318397e-08	0.008164001163095236	0.026300641894340514	0.007760594179853797	0.012670048326253892
C[C>T]G	0.010429615527391434	0.016698296181857586	0.004829297277731825	0.019604961341246962	0.00850011669099331	0.03540593385696411	0.049724923074245454	0.007586859352886677	0.0784166231751442	0.004376736609265209
C[C>T]T	0.005660598899578417	0.016696008481085302	0.017471653316169976	0.011641946341842412	0.014288735669106245	0.008366334158927203	0.016150354966521265	0.014170258492231368	0.009563068253919482	0.031511100754141805
C[T>A]A	0.0005330535233952105	0.00047864816769447314	0.004110473295531847	0.003333643637597561	0.0008602503279689699	0.003273116031154899	0.008080682545687523	0.006081054005562692	0.0011956752964692896	0.01388834286481142
C[T>A]C	0.0007232325151562691	0.007450844114646316	0.01671333545818925	0.016815152205526828	0.004228557983515202	0.0023953857079021647	0.00295994008465641	0.005302134109660983	0.0016073873327513866	0.007153533335394968
C[T>A]G	0.0006155442679336113	0.005403149221092462	0.009708819165825843	0.021423708833754062	0.0006130815483629704	0.0	0.009051174577325582	0.004347356127300373	0.012120654620230199	0.015965004544705154
C[T>A]T	0.0	0.00490444628643445	0.011807376891374588	0.0009243438136763871	0.01611864808946848	0.0	0.009806862007826567	0.0028944427465035006	0.0011704627909921328	0.00946433786302805
C[T>C]A	0.000471330556320564	0.004310148202457289	0.004526017419993878	0.002438020380213857	0.0031159440986812115	2.0580021953264805e-08	0.0016209958843091954	0.0027239999733865263	0.003599060137617016	0.010347278030553752
C[T>C]C	0.0006408281158655881	0.005291393958032164	0.003265326656401157	0.005624007750608939	0.01151574719697237	2.877246934767088e-08	0.008004143927246332	0.010864194855144156	0.018772253673523663	0.019342436594888567
C[T>C]G	0.0018526067608036101	0.00025039476340680265	0.017558225616812705	0.011089748702943325	0.01207703265827149	3.3486670103499705e-08	0.00371365585899639	0.007311320403459831	0.00038191997446119786	0.021374737098813056
C[T>C]T	0.00022203217667993158	0.01079525039872351	0.01942990031093359	2.5268022341151663e-09	0.0063562465365976095	0.004457587609067559	0.00808379240334034	0.009478463977575301	0.005684560164809227	0.0050132906064391134
C[T>G]A	4.5245325708265225e-09	0.0010011830020019374	0.0008146677539002667	0.001813695238956825	0.0017056092187431205	3.819614562416973e-08	0.009659168604412117	0.0021139474956783032	0.001616314277987385	0.001972134477244936
C[T>G]C	0.0011384258628822862	0.0018531989245683888	0.0023250685539096595	0.006852492038160562	0.008944214368239046	0.006730991974472999	0.0028487625998081965	0.012829962559044361	0.005857405345886945	0.004165916367094269
C[T>G]G	0.0010324361035600304	0.003042866436658187	0.011340857204049825	0.016863934602588414	0.015643778257071972	7.084368860432733e-08	0.0027681015925736575	0.01187078170478344	0.0013279295365691724	0.011033753771334887
C[T>G]T	0.0	0.0060473029036074875	0.005999840283766389	0.00580573273834375	0.004542148761495923	0.0	0.004699403318272744	0.02160732802003622	0.011509832089018346	0.004003283381462097
G[C>A]A	0.0013036551070399582	0.007459521701599669	0.009116815496236086	0.008773235464468598	0.013473366480320692	0.0028909768909215925	0.022790177166461943	0.008115871343761683	0.001405035610878258	0.008902113326046424
G[C>A]C	0.0018226490588858723	0.00334970029071723	0.02346146972849965	0.011144883919041604	0.013861123472468883	0.0009683340787887574	0.01816690810305772	0.008131317794322968	0.0037881717551499607	0.011544372700154782
G[C>A]G	0.00106088129687123	0.0012110537383705378	0.0	0.0033884068264029565	0.000983340263898924	0.0070090968627482654	0.002584077505814264	0.008003316074609756	0.003361719660460949	0.0004599961768008143
G[C>A]T	0.0007512267678976059	0.0048884466290473935	0.01096207033842802	0.015392765682190657	0.011266817734576762	0.007953085657209157	0.007551705650985241	0.005134995165282878	0.010096098016947507	0.0077899666503071785
G[C>G]A	0.002997494861483574	0.004537036918281956	0.01592588294297457	0.005361029366031289	0.011965445708483458	0.005240381659541526	0.005286848952846412	0.0017729702405631543	2.1628054582834011e-07	0.005420980980238577
G[C>G]C	0.0006615953345317394	0.01031340635381639	0.00931101692840457	0.005453132092952728	0.009368323907256126	0.0	0.004582803230732679	0.0018073399318382145	0.0049126334895845504	0.00863573830574751
G[C>G]G	0.0013061931356787681	0.00043533060829190615	0.0021609264658764005	0.007686163345351815	0.0010123136133017852	6.910024890061095e-08	0.0025240961882261105	0.0034850315731034696	3.766745066968724e-07	0.0016425520117820725
G[C>G]T	0.001838928204961121	0.0034804000500116674	0.02163557130843401	0.02507716789841652	0.01450776532292366	0.005425423989072442	0.010918868999101505	0.002054407593323049	1.5453844071089406e-07	0.008430690690875053
G[C>T]A	0.0056383003480732444	0.012557916715741158	0.01922786720097065	0.009906553756445646	0.012671570340171457	7.162186221876254e-09	0.02190119605511427	0.01701290812343359	0.020942164212465288	0.01827085551340133
G[C>T]C	0.0033512610687690624	0.016378497378900646	0.027402735128998757	0.004758420027792453	0.013135740533471107	0.0038007558323442936	0.005637191282585263	0.007358200196176767	0.015139497863128782	0.0023683395702391863
G[C>T]G	0.008302470669150352	0.021334373206031664	0.00139310832521473	0.0312332384288311	0.028998538758605717	0.011344112968072296	0.029974811151623725	0.02563869282603264	0.07223144173622131	0.005413128773216158
G[C>T]T	0.003327144570357632	0.012849828787147998	0.0158160753082484	0.008996101841330529	0.007203055452555418	0.005645451368764043	0.011761758010834455	0.0026776034441525097	0.01701511153951287	0.01650153193623652
G[T>A]A	0.00032806781237013636	0.007327472197357565	0.0030406265519559383	0.0013360683471546509	0.011827456019818782	0.00348875440169536	0.004133530891169812	0.004096741502348777	0.007255971191398203	0.002577145677059889
G[T>A]C	0.0	0.0026574814260243327	0.007843948667868972	0.003546702865628504	0.0037137614634957573	5.081010954199883e-08	0.0016197801076941686	0.0027465983991011543	0.0014476261734841956	0.0009098582676870138
G[T>A]G	0.0005475680227391422	0.0030987805221230234	0.005856239888817072	0.016930459439754485	0.0025360874283734346	0.0014805107275975616	0.00776159580454987	0.0016613544896245003	0.0017244312912225723	0.0010950998016483026
G[T>A]T	0.0004677695746067911	0.004164441921398211	0.007976667536422611	0.005019133359019179	0.018278669752180576	0.0017588317259679797	0.004614228605896642	0.007258757343743127	0.005054177254351089	0.001307333465638294
G[T>C]A	0.00024049540515989066	0.00947215911000967	0.011781305260956287	0.018564411206170917	0.0028051095083355903	0.007724231248721481	0.008622238936719383	0.010584839154034853	0.0022877838048486867	0.005476145911961794
G[T>C]C	0.0009543136227875948	0.007436780212447047	0.0025445153703913094	0.012104654964059592	0.005779251363269685	0.004210870712995529	0.005719178062781794	0.007355513051152229	0.0019559353417363924	1.1128385534240236e-29
G[T>C]G	0.000561031891265884	0.0009614766086073701	0.0023346971487626434	0.016322343610227108	0.002648428734391928	0.0006093395832635906	0.0013813374248911714	0.006131570599973202	0.00212715563659458	0.0009202460005553803
G[T>C]T	0.0002292102261256959	0.004165450352985545	0.004693796223727986	0.0024662685570549215	0.001783113917966661	0.003895719358332794	0.01710644969716668	0.014251956529915333	0.018042901065200567	0.003845864907545745
G[T>G]A	0.0	0.007411957439035177	0.005265212059022574	0.008042137743905187	0.0035321973021325446	0.0	0.01628888500854373	0.0005465224850931802	0.0017960040772777575	0.005200358508409409
G[T>G]C	0.0002401029283646494	0.002160820458520152	0.0016965144779533148	0.004521997610572726	0.0025652360077174307	0.003120086067781358	0.0004622114101266961	0.0002613366607391754	5.404805619946273e-07	0.008724626014009118
G[T>G]G	0.0007911831142473959	0.008640122832730412	0.0160812433809042	0.00599678885191679	0.0032602167688310147	0.005442411778494716	0.004016434936784208	0.008071801456276262	0.011096141673624516	0.0033815197413787244
G[T>G]T	0.00011709491763696178	0.0070538862608373176	0.006176377739757299	0.002706695534288917	0.0034481340411787187	0.0018085897416028728	0.0022167956851887995	0.015765211638063194	0.008851338783279062	0.012344080611364916
T[C>A]A	0.02534826211631298	0.01840131599456072	0.012460096925497054	0.015573232620954513	0.02684671643655747	0.0195137832313776	0.009952154259372037	0.015038216672837734	0.01402533333748579	0.004856416070891519
T[C>A]C	0.014702501520514489	0.009721892699599607	0.03721428699791431	0.01796274268999696	0.011109072156250477	0.02378921862691641	0.003502678289078176	0.005118040135130286	0.007551711531471028	0.016676861606538296
T[C>A]G	0.0028103250697313342	0.006119531020522118	0.0013962614815682174	7.193097888521203e-36	0.0060407157288864255	0.002631249481956388	0.005106324329972267	0.004101130412891507	0.006556199351325631	0.007077980320900679
T[C>A]T	0.014071943983435631	0.02479105442762375	0.022076089680194855	0.03057280071079731	0.02795324884355068	0.014380089845508337	0.0014337421394884585	0.022031695023179053	0.009431742443848635	0.008951706796415238
T[C>G]A	0.13190411329269408	0.08342860154807567	0.0054466214030981135	0.006777737865922973	0.006012181565932161	0.12716785520315171	0.003544964222146595	0.0013926147483289241	0.022938003887156812	0.04397087416866423
T[C>G]C	0.029754065399786356	0.050428683310747145	0.017239774111658335	0.015142702870070935	0.013652036938276416	0.031500202417373654	0.013869314081966877	0.012360958196222783	0.020856069541929454	0.030831478908658026
T[C>G]G	0.016129622235894203	0.0012866156200971091	0.001252230443060398	0.002152247846760247	0.008037364715710283	0.010238147899508476	8.032751509503011e-05	0.0009091590284242557	2.1436369479488349e-07	0.004603010958743425
T[C>G]T	0.16962958872318268	0.10165882259607315	0.035644279792904854	0.023370813578367233	0.037197216600179675	0.1497855842113495	0.013634878396987914	0.009373493213229413	0.029733728989958762	0.04738044459372759
T[C>T]A	0.22501620054244995	0.05724945217370987	0.009053576225414871	3.447284593229306e-05	0.004201123078603909	0.15637148022651673	0.03615039598662406	0.03423970490694046	0.03844038844108581	0.029784169886261223
T[C>T]C	0.06540285423398018	0.027242106571793556	0.013044283911618697	0.00616147511464078	0.027033749595284463	0.04640318974852562	0.019182013906538488	0.022027652245014906	0.0315431191585958	0.031837113481014964
T[C>T]G	0.060583948343992236	0.014179081562907408	0.005368466582149267	0.0207335552200675	0.024441648833453657	0.0420853354036808	0.03184236399829388	0.013770304806530475	0.013407080247998238	0.010202233237222146
T[C>T]T	0.11515877842903137	0.039517180249094966	0.018837194703519345	0.006673770025372505	0.028938364423811435	0.09424903392791747	0.012761993939056993	0.04296261444687843	0.04314737617969513	0.02153178347341509
T[T>A]A	0.0009292148402892053	0.006545176636427641	0.0029406286077573894	0.011352137033609688	0.007783626833679591	0.0008474905287300771	0.00913885305635631	0.023808382730931044	0.016239779256284236	0.0030404110439121723
T[T>A]C	0.00017700893222354351	0.01024587731808424	0.007977283233776689	0.008925830749012676	0.007245685439556837	0.004410784738138318	0.009744761791080237	0.004197389326145639	0.0059798319181936675	0.0010204182006418705
T[T>A]G	0.0012504036538302898	1.3290548674625702e-14	0.00792590919882059	0.004557186807505787	0.004702291451394558	9.514729285177601e-08	0.0028684054962127446	0.005859299469739199	0.004984774293696148	0.01738245664164424
T[T>A]T	0.0004274126782547683	0.0036994243684148388	0.02124351281672716	0.008229382968693244	0.007743873633444309	0.00244544860906899	0.005096930364334185	0.00321503080467096	0.005128490831702947	0.0024676133053048942
T[T>C]A	0.0	0.005507713932354363	0.00330943168110025	0.006917884928407147	0.007092315023405149	0.000761773157864809	0.017113383393734694	0.008091767703490405	0.015205295011401176	0.0022912226435437334
T[T>C]C	0.0001311022089794278	0.002849449325003661	0.007850653352215886	0.009075606102123856	0.00463904147115386	0.006501007732003928	0.010888982750475406	0.010075015807524323	0.01897301934659481	0.008906114380806684
T[T>C]G	0.00039257022726815196	0.004516755952499807	0.007111520506441593	5.744520458392799e-05	0.00563430143520236	0.004786298227934793	0.009908214397728442	0.0032169958292797675	0.003062038111448828	0.0015449325410372694
T[T>C]T	0.0002886928210500628	0.006778335990384221	0.006793855782598257	0.009994103200733661	0.008584346156567335	0.004646514728665352	0.025066477805376054	0.004261798039078712	0.026921213045716284	0.009559811605140568
T[T>G]A	0.0009286861401051283	0.005674456039872666	0.0007290820486559824	0.007940191216766835	0.001965953782200813	2.2290145125225535e-07	0.013505045160218287	0.0016690529882907924	0.0027149722911417483	0.01144557623192668
T[T>G]C	0.0008251542341895402	0.00386560556976292	0.006100647617131472	0.006648473907897312	0.004741863999515772	2.0857281419039742e-08	0.0053339637568342365	0.001460905858848263	0.002359818819877546	0.0009347320085907995
T[T>G]G	0.0	0.002501160222482213	0.013192188646644353	0.005146260606124997	0.0012454776303570726	0.0	0.007106523052789271	0.0035525697415550892	0.003918913715824601	0.00314743919537932
T[T>G]T	0.0005534400988835841	0.008365497547288214	0.008234926732257009	0.005029611918143929	0.01101760659366846	7.333477043403036e-08	0.01780613251030445	0.0069262472912669185	0.005837394673900118	0.026023391541093586
