MutationType	DBS78A	DBS78B	DBS78C	DBS78D	DBS78E
AC>CA	0.015388865831118892	0.043406254921228536	4.4054933459847236e-05	4.4338575389701876e-05	0.01817603085182782
AC>CG	4.7006295790197325e-05	3.464455312496284e-05	5.666416618623771e-05	5.561587240663357e-05	3.585717713576742e-05
AC>CT	4.7006295790197325e-05	3.464455312496284e-05	5.666416618623771e-05	5.561587240663357e-05	3.585717713576742e-05
AC>GA	4.7006295790197325e-05	3.464455312496284e-05	5.666416618623771e-05	5.561587240663357e-05	3.585717713576742e-05
AC>GG	0.1459439150425169	1.0943931670226448e-05	0.04979528096829382	3.725444101050357e-05	2.800753773044562e-05
AC>GT	4.7006295790197325e-05	3.464455312496284e-05	5.666416618623771e-05	5.561587240663357e-05	3.585717713576742e-05
AC>TA	4.7006295790197325e-05	3.464455312496284e-05	5.666416618623771e-05	5.561587240663357e-05	3.585717713576742e-05
AC>TG	4.7006295790197325e-05	3.464455312496284e-05	5.666416618623771e-05	5.561587240663357e-05	3.585717713576742e-05
AC>TT	2.484491963644364e-05	0.050627060128311994	1.1456156403255591e-05	0.15356890910370566	1.9462134126158047e-05
AT>CA	4.7006295790197325e-05	3.464455312496284e-05	5.666416618623771e-05	5.561587240663357e-05	3.585717713576742e-05
AT>CC	4.7006295790197325e-05	3.464455312496284e-05	5.666416618623771e-05	5.561587240663357e-05	3.585717713576742e-05
AT>CG	4.7006295790197325e-05	3.464455312496284e-05	5.666416618623771e-05	5.561587240663357e-05	3.585717713576742e-05
AT>GA	4.7006295790197325e-05	3.464455312496284e-05	5.666416618623771e-05	5.561587240663357e-05	3.585717713576742e-05
AT>GC	4.7006295790197325e-05	3.464455312496284e-05	5.666416618623771e-05	5.561587240663357e-05	3.585717713576742e-05
AT>TA	4.7006295790197325e-05	3.464455312496284e-05	5.666416618623771e-05	5.561587240663357e-05	3.585717713576742e-05
CC>AA	0.07113255004478561	0.1544005578078213	0.03072148916728139	0.0444114663740038	0.10123404635101751
CC>AG	2.2078852400397863e-05	0.04430118177227573	9.991571914724773e-06	0.12944785259816172	0.0902240404004715
CC>AT	0.015385333405356505	1.3334994901015306e-05	0.046128174829118504	4.752413005917333e-05	0.05661275826350902
CC>GA	4.7006295790197325e-05	3.464455312496284e-05	5.666416618623771e-05	5.561587240663357e-05	3.585717713576742e-05
CC>GG	4.7006295790197325e-05	3.464455312496284e-05	5.666416618623771e-05	5.561587240663357e-05	3.585717713576742e-05
CC>GT	3.0997305475466416e-05	0.05701969179904154	0.01666758618885069	4.20838867285056e-05	0.05342625130178931
CC>TA	0.015424489248925966	0.20668817058394778	0.016670031773173832	0.0249342346011872	1.5005020638625411e-05
CC>TG	3.308775747186132e-05	2.2832208874312697e-05	3.7857303777855125e-05	4.3231373638263904e-05	0.08802003015298396
CC>TT	1.8812937619117064e-05	0.09451244393235944	0.4240304887294769	6.94811824359931e-05	1.41680081451101e-05
CG>AT	4.7006295790197325e-05	3.464455312496284e-05	5.666416618623771e-05	5.561587240663357e-05	3.585717713576742e-05
CG>GC	4.7006295790197325e-05	3.464455312496284e-05	5.666416618623771e-05	5.561587240663357e-05	3.585717713576742e-05
CG>GT	4.7006295790197325e-05	3.464455312496284e-05	5.666416618623771e-05	5.561587240663357e-05	3.585717713576742e-05
CG>TA	4.7006295790197325e-05	3.464455312496284e-05	5.666416618623771e-05	5.561587240663357e-05	3.585717713576742e-05
CG>TC	4.7006295790197325e-05	3.464455312496284e-05	5.666416618623771e-05	5.561587240663357e-05	3.585717713576742e-05
CG>TT	4.7006295790197325e-05	3.464455312496284e-05	5.666416618623771e-05	5.561587240663357e-05	3.585717713576742e-05
CT>AA	2.042877404164756e-05	1.2593582616915456e-05	3.0176078689692075e-05	0.15697531587793492	0.054459153712969055
CT>AC	0.03073801389627988	1.4868381321784233e-05	3.2989613205813836e-05	4.640555271180346e-05	0.08988590664539516
CT>AG	4.7006295790197325e-05	3.464455312496284e-05	5.666416618623771e-05	5.561587240663357e-05	3.585717713576742e-05
CT>GA	4.7006295790197325e-05	3.464455312496284e-05	5.666416618623771e-05	5.561587240663357e-05	3.585717713576742e-05
CT>GC	0.013334670048789122	1.958505290542746e-05	0.09959399711933656	0.0693155735534674	2.0088887140445877e-05
CT>GG	4.7006295790197325e-05	3.464455312496284e-05	5.666416618623771e-05	5.561587240663357e-05	3.585717713576742e-05
CT>TA	4.7006295790197325e-05	3.464455312496284e-05	5.666416618623771e-05	5.561587240663357e-05	3.585717713576742e-05
CT>TC	4.7006295790197325e-05	3.464455312496284e-05	5.666416618623771e-05	5.561587240663357e-05	3.585717713576742e-05
CT>TG	4.7006295790197325e-05	3.464455312496284e-05	5.666416618623771e-05	5.561587240663357e-05	3.585717713576742e-05
GC>AA	0.03995147568057291	0.13024342138342035	2.8968699007236863e-05	0.024951801184579382	1.4847880917656653e-05
GC>AG	4.7006295790197325e-05	3.464455312496284e-05	5.666416618623771e-05	5.561587240663357e-05	3.585717713576742e-05
GC>AT	4.7006295790197325e-05	3.464455312496284e-05	5.666416618623771e-05	5.561587240663357e-05	3.585717713576742e-05
GC>CA	4.7006295790197325e-05	3.464455312496284e-05	5.666416618623771e-05	5.561587240663357e-05	3.585717713576742e-05
GC>CG	4.7006295790197325e-05	3.464455312496284e-05	5.666416618623771e-05	5.561587240663357e-05	3.585717713576742e-05
GC>TA	4.7006295790197325e-05	3.464455312496284e-05	5.666416618623771e-05	5.561587240663357e-05	3.585717713576742e-05
TA>AT	3.1517589127152704e-05	2.4635650549897915e-05	0.04978396368981066	0.056939926609629765	0.04988140068844871
TA>CG	4.7006295790197325e-05	3.464455312496284e-05	5.666416618623771e-05	5.561587240663357e-05	3.585717713576742e-05
TA>CT	4.7006295790197325e-05	3.464455312496284e-05	5.666416618623771e-05	5.561587240663357e-05	3.585717713576742e-05
TA>GC	4.7006295790197325e-05	3.464455312496284e-05	5.666416618623771e-05	5.561587240663357e-05	3.585717713576742e-05
TA>GG	4.7006295790197325e-05	3.464455312496284e-05	5.666416618623771e-05	5.561587240663357e-05	3.585717713576742e-05
TA>GT	0.030742419595480897	0.028558339764029307	4.570710420397362e-05	4.577318795782048e-05	0.03632079261187755
TC>AA	2.416335464658914e-05	1.0713942601370263e-05	1.864172189129931e-05	3.827014443231746e-05	0.1732689380645752
TC>AG	4.7006295790197325e-05	3.464455312496284e-05	5.666416618623771e-05	5.561587240663357e-05	3.585717713576742e-05
TC>AT	0.30032369029649997	0.0838946257114003	0.09719011442565488	2.9332762878198082e-05	0.056483584460345106
TC>CA	4.7006295790197325e-05	3.464455312496284e-05	5.666416618623771e-05	5.561587240663357e-05	3.585717713576742e-05
TC>CG	4.7006295790197325e-05	3.464455312496284e-05	5.666416618623771e-05	5.561587240663357e-05	3.585717713576742e-05
TC>CT	4.7006295790197325e-05	3.464455312496284e-05	5.666416618623771e-05	5.561587240663357e-05	3.585717713576742e-05
TC>GA	4.7006295790197325e-05	3.464455312496284e-05	5.666416618623771e-05	5.561587240663357e-05	3.585717713576742e-05
TC>GG	4.7006295790197325e-05	3.464455312496284e-05	5.666416618623771e-05	5.561587240663357e-05	3.585717713576742e-05
TC>GT	0.05573365559594094	0.028482200870803352	3.110202305833809e-05	0.056929320041672324	1.9443815654085482e-05
TG>AA	4.7006295790197325e-05	3.464455312496284e-05	5.666416618623771e-05	5.561587240663357e-05	3.585717713576742e-05
TG>AC	4.7006295790197325e-05	3.464455312496284e-05	5.666416618623771e-05	5.561587240663357e-05	3.585717713576742e-05
TG>AT	3.1897113694867583e-05	1.6818904455107032e-05	2.8872357489717615e-05	4.549230325210374e-05	0.12987471984306467
TG>CA	4.7006295790197325e-05	3.464455312496284e-05	5.666416618623771e-05	5.561587240663357e-05	3.585717713576742e-05
TG>CC	0.17663233636033623	4.935772300088126e-06	0.06631720352507467	0.05688248516095769	1.2373663817299985e-05
TG>CT	0.01334570053841162	2.9002048358961473e-05	0.03319919626810588	0.024973359599971445	2.7597277039603796e-05
TG>GA	2.982700095230939e-05	2.4160925113392297e-05	2.3129107694330743e-05	0.14732058482913998	1.5408465249062975e-05
TG>GC	0.04651914386049612	0.04430825321924203	0.03324683791724965	4.0028603405062316e-05	2.4027809195104056e-05
TG>GT	4.7006295790197325e-05	3.464455312496284e-05	5.666416618623771e-05	5.561587240663357e-05	3.585717713576742e-05
TT>AA	0.026644734438377782	0.03151801637613971	0.0333098143011739	0.049872224971841204	2.1475160883710488e-05
TT>AC	4.7006295790197325e-05	3.464455312496284e-05	5.666416618623771e-05	5.561587240663357e-05	3.585717713576742e-05
TT>AG	4.7006295790197325e-05	3.464455312496284e-05	5.666416618623771e-05	5.561587240663357e-05	3.585717713576742e-05
TT>CA	4.7006295790197325e-05	3.464455312496284e-05	5.666416618623771e-05	5.561587240663357e-05	3.585717713576742e-05
TT>CC	4.7006295790197325e-05	3.464455312496284e-05	5.666416618623771e-05	5.561587240663357e-05	3.585717713576742e-05
TT>CG	4.7006295790197325e-05	3.464455312496284e-05	5.666416618623771e-05	5.561587240663357e-05	3.585717713576742e-05
TT>GA	4.7006295790197325e-05	3.464455312496284e-05	5.666416618623771e-05	5.561587240663357e-05	3.585717713576742e-05
TT>GC	4.7006295790197325e-05	3.464455312496284e-05	5.666416618623771e-05	5.561587240663357e-05	3.585717713576742e-05
TT>GG	4.7006295790197325e-05	3.464455312496284e-05	5.666416618623771e-05	5.561587240663357e-05	3.585717713576742e-05
