MutationType	SBS96A	SBS96B	SBS96C	SBS96D	SBS96E	SBS96F	SBS96G	SBS96H	SBS96I
A[C>A]A	2.73E-04	3.76E-03	2.10E-03	4.83E-03	3.79E-03	4.10E-03	8.12E-03	2.70E-03	4.28E-03
A[C>A]C	6.18E-05	4.91E-04	3.71E-03	1.67E-03	2.78E-03	5.67E-03	3.20E-03	8.87E-03	1.98E-03
A[C>A]G	1.35E-04	4.79E-03	0.00E+00	1.59E-03	2.93E-03	1.61E-03	4.60E-03	7.55E-04	5.14E-05
A[C>A]T	2.71E-04	2.48E-03	6.06E-03	5.72E-03	3.81E-03	1.52E-03	6.48E-03	8.23E-27	5.69E-03
A[C>G]A	8.69E-04	2.51E-03	1.05E-03	2.34E-03	3.62E-03	3.81E-03	5.13E-03	2.83E-03	3.34E-03
A[C>G]C	6.26E-04	4.91E-03	3.53E-20	3.58E-03	3.30E-03	4.26E-03	2.31E-03	3.77E-03	2.74E-03
A[C>G]G	1.92E-04	2.70E-03	4.38E-06	1.69E-03	1.45E-03	5.13E-03	2.68E-07	9.74E-08	1.30E-03
A[C>G]T	5.31E-04	9.82E-04	6.21E-03	1.97E-03	2.33E-03	9.18E-03	2.20E-33	1.83E-03	5.70E-03
A[C>T]A	5.10E-04	6.47E-23	2.81E-03	8.43E-03	1.44E-03	2.56E-03	4.62E-03	3.88E-03	6.06E-03
A[C>T]C	3.43E-04	3.17E-03	1.91E-03	2.33E-03	3.19E-03	3.09E-03	2.89E-03	2.48E-03	4.93E-03
A[C>T]G	8.26E-04	8.20E-03	1.77E-03	7.93E-03	6.33E-03	4.70E-03	1.19E-02	9.64E-03	1.03E-02
A[C>T]T	1.39E-04	3.15E-03	4.65E-03	5.62E-03	1.33E-02	3.34E-03	2.46E-03	2.44E-03	2.24E-03
A[T>A]A	2.45E-04	4.32E-04	2.71E-03	1.93E-03	7.99E-04	8.13E-04	1.39E-03	6.41E-04	2.48E-03
A[T>A]C	3.79E-04	2.13E-03	3.06E-03	2.14E-03	3.71E-03	1.88E-03	1.54E-03	3.72E-03	2.18E-03
A[T>A]G	1.11E-04	1.12E-08	1.96E-03	2.10E-03	2.73E-03	2.42E-03	8.59E-03	1.05E-03	7.28E-03
A[T>A]T	0.00E+00	1.54E-03	2.76E-03	6.21E-03	5.65E-03	7.16E-05	4.00E-03	4.71E-03	2.52E-03
A[T>C]A	2.44E-04	4.32E-03	3.90E-03	6.15E-03	3.86E-03	3.79E-03	2.58E-03	2.58E-03	5.55E-03
A[T>C]C	5.43E-04	1.69E-03	4.27E-03	2.48E-03	2.03E-03	4.58E-03	2.12E-03	1.37E-03	1.38E-03
A[T>C]G	2.63E-04	3.09E-03	1.62E-03	2.51E-03	4.44E-03	4.27E-03	4.84E-03	5.09E-03	6.10E-03
A[T>C]T	2.54E-04	2.19E-03	7.40E-03	4.57E-03	6.48E-03	4.57E-03	1.05E-02	1.29E-03	1.37E-02
A[T>G]A	5.55E-05	1.05E-03	3.53E-03	3.73E-03	9.84E-04	3.08E-03	7.63E-03	3.70E-03	2.41E-03
A[T>G]C	2.10E-04	6.13E-04	1.46E-03	1.84E-03	2.18E-03	1.82E-03	1.87E-07	3.84E-07	1.59E-03
A[T>G]G	2.02E-04	1.41E-03	1.81E-03	2.23E-03	9.27E-04	4.80E-03	1.74E-03	4.14E-07	2.72E-03
A[T>G]T	2.23E-04	2.68E-04	3.26E-03	1.54E-03	2.70E-03	1.16E-03	1.94E-03	1.36E-03	9.62E-08
C[C>A]A	3.87E-04	2.43E-03	4.07E-03	2.97E-03	5.59E-03	2.59E-03	6.08E-03	6.95E-03	6.09E-03
C[C>A]C	1.59E-04	4.90E-04	7.86E-03	3.38E-03	5.04E-03	4.97E-03	8.65E-03	3.35E-03	8.21E-03
C[C>A]G	4.04E-04	2.75E-03	1.39E-03	1.10E-03	3.58E-03	2.37E-03	1.12E-03	1.31E-03	3.03E-03
C[C>A]T	2.72E-04	2.60E-03	3.75E-03	2.59E-03	5.94E-03	4.76E-03	7.41E-03	2.52E-03	9.91E-03
C[C>G]A	3.00E-04	1.40E-07	2.38E-03	3.60E-03	3.39E-03	5.37E-03	2.29E-03	2.79E-03	4.16E-03
C[C>G]C	1.30E-04	2.61E-04	3.09E-03	4.29E-03	3.37E-03	4.77E-03	4.20E-03	3.96E-03	3.38E-03
C[C>G]G	6.14E-04	1.48E-07	5.60E-08	3.79E-04	3.71E-03	8.67E-03	1.09E-03	4.51E-03	2.66E-03
C[C>G]T	7.18E-04	1.62E-07	6.27E-03	1.00E-03	7.12E-03	5.16E-03	6.44E-03	5.36E-03	7.76E-03
C[C>T]A	1.00E-03	1.25E-03	1.30E-03	4.20E-03	4.56E-03	9.56E-03	5.40E-03	7.85E-03	6.38E-03
C[C>T]C	6.17E-04	8.12E-08	7.14E-03	3.95E-03	1.96E-03	3.15E-03	3.93E-03	2.68E-03	6.28E-03
C[C>T]G	2.33E-03	8.75E-03	2.81E-03	2.81E-03	7.11E-03	8.82E-03	1.14E-02	9.50E-03	6.24E-03
C[C>T]T	1.52E-03	3.00E-03	3.32E-03	3.48E-03	4.60E-03	2.59E-03	1.77E-03	4.66E-03	9.87E-03
C[T>A]A	2.03E-04	3.48E-04	1.44E-03	4.59E-03	1.09E-03	5.41E-03	1.93E-03	1.38E-03	1.70E-03
C[T>A]C	1.07E-04	1.29E-03	3.87E-03	5.73E-03	1.30E-04	6.05E-03	8.00E-08	1.59E-03	3.47E-03
C[T>A]G	2.48E-04	7.12E-04	2.38E-03	3.09E-03	3.88E-03	4.00E-03	6.28E-03	2.89E-03	2.17E-03
C[T>A]T	0.00E+00	0.00E+00	1.76E-03	3.58E-03	1.50E-03	2.02E-03	6.25E-03	2.40E-03	3.79E-04
C[T>C]A	2.20E-04	2.71E-04	1.25E-03	3.79E-03	8.36E-04	2.02E-03	3.22E-03	1.15E-03	1.97E-03
C[T>C]C	1.12E-04	3.73E-03	4.05E-03	3.10E-03	4.63E-03	2.14E-03	8.26E-03	4.15E-03	3.07E-03
C[T>C]G	4.28E-04	6.91E-03	1.49E-03	4.81E-03	4.17E-03	6.66E-03	4.33E-03	4.04E-09	1.16E-03
C[T>C]T	9.93E-05	7.93E-04	2.71E-03	3.32E-03	2.38E-03	2.23E-03	6.11E-03	5.35E-03	1.77E-03
C[T>G]A	5.05E-09	4.96E-08	4.66E-04	1.58E-03	1.10E-03	9.05E-04	7.38E-04	2.40E-03	1.57E-03
C[T>G]C	4.57E-04	1.43E-03	7.12E-04	1.46E-03	2.63E-03	2.78E-03	3.68E-03	2.51E-03	4.29E-03
C[T>G]G	1.52E-04	1.98E-03	1.22E-03	3.03E-03	1.63E-03	5.80E-03	5.63E-03	6.38E-08	7.77E-03
C[T>G]T	0.00E+00	0.00E+00	8.56E-04	2.63E-03	5.28E-04	2.52E-03	5.36E-03	5.64E-03	6.71E-03
G[C>A]A	3.73E-04	1.29E-03	3.52E-03	2.16E-03	2.74E-03	4.51E-03	5.92E-03	5.69E-03	3.90E-03
G[C>A]C	4.51E-04	2.91E-03	4.97E-03	2.96E-03	5.07E-03	2.51E-03	2.24E-03	2.98E-03	4.55E-03
G[C>A]G	5.40E-04	1.45E-03	3.53E-04	7.80E-04	0.00E+00	1.42E-03	4.22E-03	3.12E-03	3.76E-03
G[C>A]T	2.27E-04	6.72E-03	1.73E-03	1.66E-03	3.59E-03	3.05E-03	4.35E-03	2.47E-03	4.22E-03
G[C>G]A	3.51E-04	3.32E-03	3.59E-03	3.21E-03	4.04E-03	3.92E-03	4.32E-03	1.09E-38	2.83E-03
G[C>G]C	1.38E-04	2.49E-03	2.57E-03	1.71E-03	3.96E-03	3.91E-03	4.71E-03	2.77E-03	3.66E-03
G[C>G]G	2.53E-04	6.50E-04	1.43E-03	8.40E-04	1.49E-03	1.73E-03	1.58E-03	9.49E-07	1.81E-03
G[C>G]T	4.44E-04	1.20E-03	4.76E-03	3.84E-03	5.78E-03	5.51E-03	1.48E-03	9.48E-04	4.48E-03
G[C>T]A	1.74E-03	8.59E-03	4.07E-03	4.74E-03	1.68E-02	3.97E-03	7.38E-03	4.91E-03	6.27E-03
G[C>T]C	7.94E-04	6.89E-03	5.66E-03	4.01E-03	3.32E-03	3.17E-03	2.44E-03	4.15E-03	6.20E-03
G[C>T]G	1.81E-03	3.75E-03	3.89E-03	2.52E-45	1.63E-02	1.33E-02	1.21E-02	1.63E-03	6.69E-03
G[C>T]T	1.09E-03	2.24E-03	3.86E-03	5.29E-03	4.50E-03	1.75E-03	4.43E-03	3.25E-03	2.87E-03
G[T>A]A	2.02E-04	2.85E-03	4.47E-03	2.50E-03	1.01E-03	8.46E-04	3.25E-03	2.58E-03	8.91E-04
G[T>A]C	3.23E-09	4.20E-08	1.31E-03	5.61E-04	2.37E-03	1.62E-03	3.45E-03	5.27E-04	2.85E-03
G[T>A]G	1.74E-04	1.02E-03	2.42E-03	1.75E-03	2.69E-03	2.07E-03	9.82E-04	1.99E-03	3.51E-03
G[T>A]T	1.01E-04	1.24E-03	3.40E-03	3.76E-03	3.61E-03	1.07E-03	6.71E-03	2.26E-03	4.84E-03
G[T>C]A	2.75E-04	2.03E-03	2.57E-03	3.25E-03	2.11E-06	7.16E-03	6.66E-03	2.04E-03	6.37E-03
G[T>C]C	3.07E-04	2.00E-03	3.48E-03	1.04E-03	3.51E-03	3.76E-03	3.18E-03	1.87E-03	5.40E-03
G[T>C]G	1.02E-04	1.50E-03	6.71E-04	2.46E-03	3.22E-03	2.21E-03	1.52E-03	1.77E-03	3.65E-03
G[T>C]T	1.00E-04	2.54E-03	1.38E-03	1.56E-03	6.51E-03	1.77E-03	3.42E-03	6.47E-03	4.73E-03
G[T>G]A	0.00E+00	0.00E+00	1.80E-03	1.26E-03	3.47E-03	2.89E-03	2.53E-03	3.91E-03	8.46E-04
G[T>G]C	1.15E-04	1.24E-03	6.30E-04	6.40E-04	1.22E-03	2.03E-03	1.94E-03	1.21E-03	8.88E-04
G[T>G]G	3.25E-04	2.07E-03	5.05E-03	9.48E-04	3.89E-08	1.82E-03	1.03E-03	2.99E-03	6.23E-03
G[T>G]T	1.28E-04	4.38E-04	2.69E-03	2.41E-03	3.89E-21	1.73E-03	2.88E-03	5.45E-03	3.81E-03
T[C>A]A	2.74E-03	4.47E-03	4.30E-03	1.95E-03	5.63E-03	4.03E-03	1.01E-02	5.79E-03	7.48E-03
T[C>A]C	2.60E-03	2.57E-03	5.25E-03	6.66E-03	1.60E-02	7.29E-03	2.72E-03	5.09E-04	6.71E-07
T[C>A]G	1.00E-03	5.49E-03	1.77E-03	9.20E-05	8.98E-04	3.36E-16	5.95E-03	1.20E-03	6.83E-03
T[C>A]T	3.05E-03	5.48E-03	6.98E-03	2.09E-03	7.57E-03	2.42E-03	1.09E-02	4.09E-03	6.89E-03
T[C>G]A	5.30E-03	3.53E-02	1.95E-03	4.10E-03	1.85E-02	4.65E-03	1.44E-02	4.09E-03	1.21E-03
T[C>G]C	3.14E-03	5.18E-03	3.29E-03	3.85E-03	1.60E-02	4.20E-03	1.15E-02	9.78E-03	5.51E-03
T[C>G]G	9.72E-04	6.36E-03	5.08E-04	0.00E+00	2.61E-03	1.23E-03	2.14E-03	5.02E-08	5.08E-04
T[C>G]T	2.32E-03	2.19E-02	6.96E-03	6.12E-03	2.00E-02	1.09E-02	1.34E-02	4.44E-03	4.07E-03
T[C>T]A	7.91E-03	1.57E-02	7.93E-05	6.56E-03	4.03E-03	1.32E-02	8.30E-03	8.37E-03	1.26E-02
T[C>T]C	1.56E-03	8.92E-03	7.22E-03	3.86E-03	5.18E-03	5.21E-03	6.81E-03	1.01E-02	5.80E-03
T[C>T]G	4.37E-03	7.64E-03	2.66E-03	1.90E-03	1.04E-02	5.29E-03	2.22E-02	8.89E-03	4.96E-03
T[C>T]T	4.45E-03	9.61E-03	8.20E-03	5.50E-03	8.98E-03	6.93E-03	9.10E-03	4.83E-03	1.89E-02
T[T>A]A	1.55E-04	2.80E-03	1.26E-03	1.81E-03	7.88E-03	4.08E-03	8.30E-03	5.32E-03	5.94E-03
T[T>A]C	5.72E-05	1.73E-03	2.05E-03	2.14E-03	1.89E-04	3.34E-03	3.45E-03	3.85E-03	5.33E-03
T[T>A]G	5.37E-04	2.53E-03	1.66E-03	2.55E-03	6.94E-03	3.89E-03	3.88E-03	8.93E-04	1.92E-03
T[T>A]T	1.18E-04	9.59E-04	4.06E-03	4.10E-03	3.71E-03	4.06E-03	1.67E-03	3.20E-03	2.74E-03
T[T>C]A	0.00E+00	4.03E-04	1.18E-03	3.53E-03	5.29E-04	3.75E-03	3.79E-03	5.44E-03	4.09E-03
T[T>C]C	6.34E-05	4.03E-03	2.42E-11	3.84E-03	3.69E-03	3.26E-03	3.19E-03	8.47E-03	2.46E-03
T[T>C]G	1.78E-04	1.48E-03	3.05E-04	1.98E-03	7.54E-03	0.00E+00	1.90E-03	1.07E-03	1.04E-03
T[T>C]T	8.60E-35	6.54E-03	1.69E-03	3.39E-03	2.55E-03	3.35E-03	3.72E-03	6.58E-03	4.53E-03
T[T>G]A	1.40E-04	1.38E-03	0.00E+00	2.87E-03	4.34E-03	4.34E-03	2.21E-03	1.33E-03	1.10E-03
T[T>G]C	1.59E-04	3.09E-03	1.34E-03	3.16E-03	1.86E-03	2.61E-03	1.17E-03	1.17E-03	8.68E-04
T[T>G]G	4.95E-09	2.97E-35	2.89E-03	1.15E-03	3.58E-03	3.92E-03	2.54E-03	2.77E-03	6.19E-04
T[T>G]T	1.46E-04	5.56E-06	2.56E-03	7.78E-03	3.80E-03	3.55E-03	6.74E-03	2.78E-03	2.15E-03
