MutationType	SBS96A	SBS96B	SBS96C	SBS96D	SBS96E	SBS96F	SBS96G	SBS96H	SBS96I
A[C>A]A	0.0006298648426309228	0.013437032994110832	0.013638188689947128	0.026274577155709265	0.016631418466567995	0.014764565601944923	0.01928009707480669	0.005377909541130084	0.027261722832918167
A[C>A]C	0.00010222934197372524	0.0004912283271551132	0.014096005912870168	0.0016907485274714417	0.0035703517141882912	0.024146532639861107	0.00813703602179885	0.027470386959612368	0.01705808099359274
A[C>A]G	0.00020357121247798203	0.01184960911050439	0.0	0.0025460061030003088	0.008056059014052153	0.0032038050703704357	0.007409277390507896	0.004018327943049372	5.1470806164388704e-05
A[C>A]T	0.0005489900591783226	0.004679930955172945	0.019596926122903823	0.02736840769648552	0.008781562373042107	0.021424027532339095	0.008865212416276335	8.231558935183967e-27	0.016497992817951956
A[C>G]A	0.002764340838022157	0.003718506083977474	0.004279508674517274	0.01598637327551842	0.01128781381994486	0.008811254426836968	0.011768772546201945	0.0045671362830034925	0.012050657998770475
A[C>G]C	0.0013306932476439214	0.004907853532956194	3.531050946999205e-20	0.012591056991368532	0.007351537980139255	0.010330591621891472	0.0023124717867517575	0.010357576422393322	0.006490099430084229
A[C>G]G	0.000540439342148602	0.0026964721511465893	4.6741059350097204e-06	0.002743287695969343	0.0014543903153480641	0.025356067903339864	3.521202756953358e-07	5.597108099664183e-07	0.0013025656380193595
A[C>G]T	0.0013690327119547873	0.0015562171582132577	0.026258008368313313	0.016991043463349342	0.004784731380641461	0.0332693912088871	2.1983144668022194e-33	0.0027606320567429067	0.02679042536765337
A[C>T]A	0.006520544551312924	6.466677941519332e-23	0.01393231274560094	0.04125606063753366	0.0017789756018828484	0.0056319102644920346	0.006874294951558113	0.01425195625051856	0.008529929630458354
A[C>T]C	0.0027536887675523756	0.005000768252928902	0.015759287402033806	0.003710778448112251	0.009695135243237018	0.005538367386907339	0.00884747551754117	0.01667566504329443	0.019264256581664085
A[C>T]G	0.002526812897583941	0.045624428614974025	0.003928546745282801	0.03316412158310413	0.04084761291742325	0.014758154074661434	0.053146655485033986	0.058158932626247405	0.05169319845736027
A[C>T]T	0.00031052959966473284	0.005266914982404301	0.022063730843365194	0.02092065438628197	0.025003600460331656	0.006773976981639862	0.0034070299938321114	0.01406967155635357	0.0035521311685442923
A[T>A]A	0.0004679735922991313	0.0004918450629816107	0.010723610455170274	0.004160283133387566	0.0010632407717595048	0.002303437842056155	0.0013874958317614983	0.0006416297843145457	0.0038348350255475337
A[T>A]C	0.0008939901832502103	0.006156294280663133	0.005260811852031111	0.0051938246659119615	0.0067659572698175905	0.0027588421514817994	0.0015361880883574485	0.018868415802717208	0.004843763741587281
A[T>A]G	0.0004061024490511045	1.120951240320252e-08	0.008375957561656832	0.011648726649582386	0.0031483360514357626	0.0024154346436262132	0.016608399908611293	0.0015314194904931355	0.01653520595282316
A[T>A]T	0.0	0.0015439457260072232	0.01302887536585331	0.008822747133672237	0.011787441559135914	7.169099295651904e-05	0.011576595529913903	0.013058103900402785	0.005537538742646575
A[T>C]A	0.00024359478182526645	0.007059082116079196	0.013550329022109509	0.014062716392800212	0.009093877859413624	0.006510756257921457	0.017948991060256957	0.004182845615287078	0.021016976702958344
A[T>C]C	0.0011665627866637505	0.006591080175712705	0.02029529055580497	0.0030925343045964835	0.0020268968100946127	0.014321732707321644	0.00372228748165071	0.004529624732936099	0.003181945439428091
A[T>C]G	0.00047410842089448126	0.013006480131298303	0.003651142492890358	0.008519726572558284	0.010311008617285764	0.02561361715197563	0.008121438743546604	0.012246194801090838	0.020702168997377157
A[T>C]T	0.000596976320957765	0.0031843979842960833	0.02064802832901478	0.010017102551091738	0.010356176644563675	0.009524188662180678	0.019893808756023645	0.0020592669025063515	0.02669645193964243
A[T>G]A	5.5520940804854035e-05	0.0018566019483841957	0.008127845457300964	0.004154621886164023	0.0021420091098548256	0.0037608220707625152	0.009039748014765791	0.01826147539541125	0.00408776099793613
A[T>G]C	0.0003398422268219292	0.0006133711915111917	0.0014573371588085138	0.005771372986913779	0.003615514054513369	0.004873795993626117	3.043245669704589e-07	9.181538075608841e-07	0.002581293438998956
A[T>G]G	0.0003043284409914458	0.0014103059205327656	0.003583450852593728	0.006241965107619762	0.0015077294081606851	0.01790371611714363	0.0017401403079020383	5.885484199552593e-07	0.004386619985393736
A[T>G]T	0.0003908585989248897	0.00026775700824828165	0.011873058043420315	0.002463368233293295	0.005106988821034974	0.0011582654183030171	0.001941027007228513	0.002572939703168231	1.3125817872605693e-07
C[C>A]A	0.0006545069394633174	0.0036894809454732997	0.015657739713788033	0.014798229746520519	0.01949800308793783	0.011269473005086184	0.015828964300453663	0.01357522699013316	0.0176848154515028
C[C>A]C	0.0006780485506169498	0.0004900546842207289	0.02675991617143154	0.0072329816408455375	0.006454580591059772	0.012056611943989992	0.012220917269587517	0.004912345971263221	0.013375123590230941
C[C>A]G	0.0006549146492034197	0.006349839438641425	0.002260999507495853	0.001737944595515728	0.0053807760485142355	0.005373971816152334	0.0018306817231888318	0.0029593813145766036	0.00688287082454977
C[C>A]T	0.0010395405475193797	0.0025970892981485943	0.021816330775618554	0.012751784548163414	0.009072801481708744	0.010759510286152362	0.01752713695540866	0.005715009915165487	0.026838861964643003
C[C>G]A	0.005775854829698801	2.2612913426200975e-07	0.008912097476422787	0.01261373278684914	0.007328894502235428	0.011403220891952514	0.016634362377226354	0.004402889419184763	0.010843980778008699
C[C>G]C	0.001126913691405207	0.0002614692784845829	0.00683027170598507	0.017555037140846254	0.005001520667696014	0.01667950302362442	0.0052372757345438	0.007012230983980317	0.006681786011904478
C[C>G]G	0.0018941503250971437	2.1196651867061433e-07	5.5985560720728246e-08	0.0003789927111938596	0.003957607271149755	0.03429365269839764	0.0010916918253988024	0.009393453170277523	0.0037207677180049357
C[C>G]T	0.005725549533963203	1.6198036973946727e-07	0.02420201450586319	0.011341272853314877	0.016108932806856567	0.009994436148554086	0.013171196170151233	0.012596318405121565	0.009303551446646453
C[C>T]A	0.009954051300883292	0.001555317323516397	0.01378019005060196	0.010435986844822765	0.011070192241391134	0.025436401087790727	0.01145656080916524	0.026589544862508772	0.019940867274999618
C[C>T]C	0.004838123032823205	8.116334697660936e-08	0.028603224083781242	0.015550723019987344	0.0041154826991260055	0.006050874572247266	0.009344405122101307	0.009542287699878216	0.014824618492275477
C[C>T]G	0.008271307777614884	0.03363622948527336	0.008214468695223331	0.013892590813338757	0.022917059250176293	0.02091823935334105	0.021487891674041748	0.07836411818861962	0.011902027856558561
C[C>T]T	0.005600060895085334	0.007058828463777899	0.01747876014560461	0.026726407185196876	0.016578986112881465	0.009789297243204941	0.01869417689740658	0.009262621216475964	0.015077053232564438
C[T>A]A	0.0005568402470089495	0.0003486260296085675	0.0014440768398344516	0.01102737607434392	0.0017441004178955222	0.006809727475047332	0.004418738093227148	0.0023019067011773586	0.005829046759754419
C[T>A]C	0.0005032043845858425	0.0013181729384768915	0.016949903219938278	0.014818456023931503	0.00013058164950052742	0.01838239170610905	8.100766541006451e-08	0.001590292900800705	0.009792717653675708
C[T>A]G	0.00038918608333974393	0.0007126654720195802	0.005924224155029159	0.00716993878595531	0.007282938546268269	0.026948988810181616	0.009774704091250896	0.010590151324868203	0.0030042423866689207
C[T>A]T	0.0	0.0	0.01731862425804138	0.012306935153901577	0.0015018547954923633	0.00285811310226336	0.01453223188211723	0.003558826038420193	0.00046690764633581237
C[T>C]A	0.0005127901735249907	0.00027106039264026784	0.0030184880830347537	0.005766166560351849	0.0030495493210773773	0.00202066320925951	0.006603401713073253	0.0015036812933374223	0.002328316019156773
C[T>C]C	0.0003574415110051632	0.006633148112788945	0.010284022567793727	0.005797311477363109	0.008845020458102237	0.004199510021135211	0.016267472303297836	0.017496136017143726	0.00978564117103815
C[T>C]G	0.0009356350521557033	0.008718031219655132	0.007477987604215741	0.01879509761929512	0.007887809840030967	0.015209490805870116	0.007577903461060487	4.0358820285746335e-09	0.00115764703503487
C[T>C]T	0.0003182363463565707	0.0018932987470179797	0.014221305586397648	0.01711960379034281	0.0029990021139383316	0.00223216712474823	0.00880664074793458	0.012144625931978226	0.0028612152765227538
C[T>G]A	5.054160823192433e-09	4.9610525820753536e-08	0.00046566338256184283	0.006759578734636307	0.0011014831920533653	0.0009050605349841589	0.0011499812498868777	0.004771619859366183	0.002236208046304
C[T>G]C	0.0009496654805843718	0.00561726251617074	0.0007124698720872402	0.0026459584245458246	0.005958191584796068	0.005936369160190224	0.0059226315002888445	0.008478151954659553	0.018174244463443755
C[T>G]G	0.00015875019917075406	0.0019820514107294685	0.011308866553008556	0.009293044509831816	0.011204052809625864	0.013656330946832895	0.014496090449392795	6.380494710356288e-08	0.010225588698676801
C[T>G]T	0.0	0.0	0.011209705099463462	0.005183155857957899	0.0008620955981314182	0.005103610647813639	0.009362085959241994	0.013623664807528257	0.014762541046366096
G[C>A]A	0.0011280197136180447	0.0020927868058885	0.013596767140552402	0.013124637026339769	0.0036850333912298084	0.012678940966725349	0.017747895792126656	0.011890201456844806	0.00794918560422957
G[C>A]C	0.0014887162018567325	0.0035083772148937027	0.0137408297508955	0.025319206714630126	0.011418694218809833	0.008696160931140184	0.005420471169054508	0.003271015705792024	0.01867508701980114
G[C>A]G	0.001390944590093568	0.0017998965350216167	0.00035272841341793537	0.0012681167107075452	0.0	0.0042388736803040585	0.007132400386035442	0.00489429799868617	0.006618737615644932
G[C>A]T	0.0004961485275998712	0.011288904212415218	0.017509674094617365	0.002656830780870223	0.007136209863881504	0.00878695035353303	0.005742117609474917	0.010153434530366212	0.006758957635611296
G[C>G]A	0.003374095028266311	0.003605153575233022	0.009331490378826857	0.018061522394418716	0.0040441926092117195	0.006937209004536271	0.006618843879550695	1.0882647545607162e-38	0.0041159759275615215
G[C>G]C	0.0004154851456405595	0.0024930563562605814	0.008224827097728848	0.002210190473124385	0.006450270675122738	0.006104510091245174	0.01039237082614477	0.005747116293326826	0.006214953794264488
G[C>G]G	0.0008963605272583663	0.0006518666919561155	0.0014314615167677403	0.0022832336835563183	0.00320458284892311	0.004121917858719825	0.002045241362247907	9.630040857189216e-07	0.002933814104619614
G[C>G]T	0.0015625815907696961	0.0022075603483244777	0.02380194338038564	0.015324278781190515	0.007884276814206715	0.024410981684923172	0.0026724254479631782	0.0009482581168413162	0.006639365328942701
G[C>T]A	0.004139947011302247	0.009629851207137108	0.01185118593275547	0.01874848804436624	0.025742449797689915	0.01078239637427032	0.012168578593991697	0.01977752186357975	0.02041868762361787
G[C>T]C	0.0028810209166354097	0.014336884766817094	0.020737435109913348	0.012292280700057745	0.006774843577295542	0.007898109476082027	0.006653036549687385	0.011406169785186649	0.010519308713264763
G[C>T]G	0.006091999396448955	0.01667720889672637	0.011322058923542499	2.5223372357846708e-45	0.06201596185564995	0.02719779407116494	0.024514119932428004	0.057340776175260545	0.022862223908305168
G[C>T]T	0.004141701851040125	0.005784881673753262	0.021811781078577043	0.011379014281556011	0.01314828423508882	0.0023484686900997736	0.00988623914308846	0.01434495160356164	0.004464236740022898
G[T>A]A	0.00033153747208416464	0.006538908137008548	0.008345839539651933	0.0025035440921783447	0.0016303378561758563	0.002048473372275694	0.00914716094588357	0.009941893350332975	0.0015006233690428416
G[T>A]C	3.226053379989935e-09	4.198493286367011e-08	0.0034971208899094107	0.0008145131170749665	0.005515127535909414	0.001845183694968	0.004000315028417844	0.0008604517273852252	0.005879083771429805
G[T>A]G	0.0003350744897035387	0.0010192329319608008	0.0070392056198784305	0.005215409653203551	0.0032981271182340372	0.013133485149592162	0.0017058547793567414	0.004985572558115337	0.0038068881704816705
G[T>A]T	0.0003114724546438907	0.0017536180093884468	0.011024842031474691	0.007942263688892125	0.006315942527726293	0.0021645693806931375	0.009834908912307583	0.004597289673984051	0.0099407353438437
G[T>C]A	0.0003376264532562345	0.0031384446278480025	0.008471856359392405	0.014502264279872178	2.399493951088516e-06	0.021193008683621884	0.011396158579736948	0.0032315979164877716	0.009059539064764977
G[T>C]C	0.0007830051972433693	0.004023909009993077	0.007417180389165878	0.001181329160385758	0.005775666566431295	0.008679097890853882	0.004950750704232121	0.0024757427629083393	0.009872779995203019
G[T>C]G	0.0001513452851213515	0.002222692221403122	0.0015147075289860367	0.0034688603257791327	0.007057402841746807	0.010312292701564729	0.0024233079736632134	0.004316065305409999	0.006086738768499344
G[T>C]T	0.0001608315389603428	0.003168526105582714	0.002654340327717364	0.005194145487621427	0.008796840393915772	0.004507928527891636	0.007863485023972317	0.023648060468440237	0.011007056571543217
G[T>G]A	0.0	0.0	0.0075084235519170765	0.010956917703151704	0.0066958429291844365	0.006683180229356367	0.0025328769233027514	0.007864917075949052	0.0008465221442406801
G[T>G]C	0.00011526616290211678	0.004069327545585111	0.0014778010794273655	0.0012463069986552	0.0019055082766527675	0.0036852098535746338	0.00584365501999855	0.001212386191869541	0.0008882812326490352
G[T>G]G	0.0010883179362281225	0.0041691940277814865	0.02142752716317773	0.012915142253041268	3.894039934948523e-08	0.0055084743071347475	0.0010256555862724781	0.004698019915328968	0.012179443106291363
G[T>G]T	0.00032706902659853656	0.000438351696357131	0.01250694114714861	0.01294086305424571	3.8904336616983325e-21	0.001733118498140653	0.0028793323785066605	0.014237100556238147	0.008866148034576327
T[C>A]A	0.026642944291234018	0.013192798127420247	0.01177246579900384	0.006862071901559829	0.012042190693318846	0.0131322817876935	0.02859249198809266	0.01612654401233158	0.017579179629683493
T[C>A]C	0.011033946950919925	0.022054795734584333	0.018813375337049364	0.01913735782742248	0.05128243267536163	0.02057407909305766	0.005865571769874123	0.0005093435291306344	6.710722998848339e-07
T[C>A]G	0.002294062590226531	0.017989956215023993	0.00288273086771369	9.195193997584284e-05	0.0008984348871194925	3.36355364574496e-16	0.012442071642726659	0.0026466410141438245	0.008254115396812266
T[C>A]T	0.012497478205477818	0.021835302747786046	0.042498712241649625	0.0020946966484189033	0.017356037523950364	0.01539311520755291	0.018336215941235422	0.006183853042603005	0.026921984925866126
T[C>G]A	0.13728389292955398	0.10802294798195362	0.005316224461810255	0.00951386271044612	0.03247228970285505	0.008601420884951949	0.020456707663834096	0.0066795401275161845	0.002927614741929574
T[C>G]C	0.032909573242068293	0.048305360972881316	0.007707523414865136	0.022656472772359847	0.053373304381966594	0.009727632952854037	0.015866665169597807	0.009783224215789232	0.014543482661247253
T[C>G]G	0.014683550782501697	0.012787282886301909	0.0008290248179491754	0.0	0.007359300507232547	0.0019366389547144536	0.0033456214496027314	5.0228504733240695e-08	0.0005087141784770211
T[C>G]T	0.1774261325597763	0.135426577180624	0.031354831904172896	0.014269928971407353	0.07433693818747997	0.033516678120940925	0.04118313230574131	0.00722164548933506	0.0066475003957748415
T[C>T]A	0.22658657431602477	0.11820295006036759	7.961010364851973e-05	0.01342647261917591	0.022058082465082406	0.016939962339915838	0.03154258951544762	0.03768165959045291	0.02227697861380875
T[C>T]C	0.0686417654156685	0.030533239990472794	0.019121237565621497	0.01876106932759285	0.012135191986453719	0.012903303559869527	0.022893867548555137	0.029559267312288286	0.019672832917422056
T[C>T]G	0.06235897019505501	0.012812058533285153	0.004805620471124714	0.0037906523793935776	0.024685909599065782	0.022674337774515153	0.048922212049365046	0.018039482137646702	0.01599758882075548
T[C>T]T	0.11662545055150986	0.0831932120025158	0.023884010314941407	0.017577588185667993	0.01373868828832201	0.01321445145395046	0.03579724431037903	0.020930240303277968	0.041926211863760415
T[T>A]A	0.00021465829922817647	0.0045690417494824945	0.00405362993478775	0.0025973583571612833	0.014509603753685952	0.006570409145206213	0.014349574455991387	0.012822862077473473	0.025601517409086227
T[T>A]C	5.7190394727513194e-05	0.006757179310989158	0.007314382120966911	0.0025790176820009946	0.00018850883934646846	0.006369093084089172	0.006708668451756239	0.01051618068490825	0.012493918463587762
T[T>A]G	0.0010211045533651485	0.0036163201679457304	0.0046743036480620505	0.008007948752492666	0.012961356528103351	0.007269357540644705	0.0038774154095904123	0.0014497437982413431	0.002805265211321739
T[T>A]T	0.00038352698320522907	0.001434425124898553	0.01289193592965603	0.013344529457390309	0.0058056182007021565	0.00860707005916197	0.002722175650251302	0.0046004136092960835	0.005999142879579722
T[T>C]A	0.0	0.0004029463976621628	0.001181773186718083	0.006514277735846008	0.0005294634029269218	0.00661610095994547	0.006899085454642946	0.02094001939769896	0.014152264408767223
T[T>C]C	0.00010347634670324624	0.006343725137412548	2.418167333040344e-11	0.019582089222967624	0.011832661740481854	0.007812050543725491	0.004368543531745673	0.017453403121854193	0.006689054612070322
T[T>C]G	0.00034940033310704166	0.0033857784001156688	0.0003053029766306281	0.01356019601225853	0.015709500294178724	0.0	0.0031161160974079393	0.0010666197786861175	0.0015137535602168274
T[T>C]T	8.596799773876253e-35	0.013169471826404332	0.0034157607820816337	0.011517428234219551	0.002838678795242755	0.00939808776602149	0.010159333795309066	0.03368842117488384	0.007637699507176876
T[T>G]A	0.00032597234239801766	0.0019598726997571703	0.0	0.0084597300738274	0.01105253235513377	0.00885680723004043	0.00518250785353871	0.002732654969440773	0.0011035526171326638
T[T>G]C	0.0002481738512869924	0.004836902440897006	0.002475235077163518	0.006680083554363137	0.007532730791717767	0.005774052534252405	0.0017424901049650997	0.00233759768307209	0.000868879784809451
T[T>G]G	4.946210196976608e-09	2.971722039331967e-35	0.008201086006602054	0.004031142718849879	0.004423365509137511	0.0073160059750080105	0.002544941371201759	0.00783709293905055	0.000620372902244526
T[T>G]T	0.0005281680059852079	5.70016205756474e-06	0.010838872380554676	0.02230423167347908	0.006159255054808454	0.0075881978496909145	0.011485220491886139	0.011303012911230325	0.0035054747781373408
