MutationType	DBS78A	DBS78B	DBS78C	DBS78D	DBS78E	DBS78F	DBS78G	DBS78H	DBS78I	DBS78J	DBS78K
AC>CA	3.14E-06	7.16E-06	1.08E-05	4.31E-06	1.82E-05	6.34E-06	3.20E-06	3.62E-06	6.09E-02	7.99E-02	9.20E-06
AC>CG	1.85E-06	4.43E-06	8.06E-06	5.79E-06	8.80E-06	5.22E-09	3.24E-06	1.05E-05	5.93E-06	1.22E-05	9.09E-06
AC>CT	1.85E-06	4.43E-06	8.06E-06	5.79E-06	8.80E-06	5.22E-09	3.24E-06	1.05E-05	5.93E-06	1.22E-05	9.09E-06
AC>GA	1.85E-06	4.43E-06	8.06E-06	5.79E-06	8.80E-06	5.22E-09	3.24E-06	1.05E-05	5.93E-06	1.22E-05	9.09E-06
AC>GG	3.14E-06	8.56E-06	8.97E-06	7.61E-06	1.88E-05	2.00E-05	9.69E-02	9.96E-02	8.75E-06	1.32E-05	1.72E-05
AC>GT	1.85E-06	4.43E-06	8.06E-06	5.79E-06	8.80E-06	5.22E-09	3.24E-06	1.05E-05	5.93E-06	1.22E-05	9.09E-06
AC>TA	1.85E-06	4.43E-06	8.06E-06	5.79E-06	8.80E-06	5.22E-09	3.24E-06	1.05E-05	5.93E-06	1.22E-05	9.09E-06
AC>TG	1.85E-06	4.43E-06	8.06E-06	5.79E-06	8.80E-06	5.22E-09	3.24E-06	1.05E-05	5.93E-06	1.22E-05	9.09E-06
AC>TT	3.47E-06	4.67E-06	1.12E-05	2.85E-02	1.73E-05	2.12E-05	8.07E-06	1.22E-05	1.06E-05	1.61E-01	1.79E-05
AT>CA	1.85E-06	4.43E-06	8.06E-06	5.79E-06	8.80E-06	5.22E-09	3.24E-06	1.05E-05	5.93E-06	1.22E-05	9.09E-06
AT>CC	1.85E-06	4.43E-06	8.06E-06	5.79E-06	8.80E-06	5.22E-09	3.24E-06	1.05E-05	5.93E-06	1.22E-05	9.09E-06
AT>CG	1.85E-06	4.43E-06	8.06E-06	5.79E-06	8.80E-06	5.22E-09	3.24E-06	1.05E-05	5.93E-06	1.22E-05	9.09E-06
AT>GA	1.85E-06	4.43E-06	8.06E-06	5.79E-06	8.80E-06	5.22E-09	3.24E-06	1.05E-05	5.93E-06	1.22E-05	9.09E-06
AT>GC	1.85E-06	4.43E-06	8.06E-06	5.79E-06	8.80E-06	5.22E-09	3.24E-06	1.05E-05	5.93E-06	1.22E-05	9.09E-06
AT>TA	1.85E-06	4.43E-06	8.06E-06	5.79E-06	8.80E-06	5.22E-09	3.24E-06	1.05E-05	5.93E-06	1.22E-05	9.09E-06
CC>AA	2.69E-06	5.36E-02	3.33E-02	1.13E-01	1.54E-07	1.91E-05	9.18E-06	1.04E-05	3.32E-02	9.76E-02	2.19E-05
CC>AG	3.84E-06	2.82E-06	6.87E-06	4.68E-06	2.84E-06	2.43E-01	3.71E-06	1.56E-05	9.09E-06	6.64E-02	6.63E-02
CC>AT	3.02E-06	1.05E-01	3.33E-02	2.73E-02	1.75E-05	1.41E-05	8.65E-06	1.53E-05	7.85E-06	1.03E-05	7.97E-02
CC>GA	1.85E-06	4.43E-06	8.06E-06	5.79E-06	8.80E-06	5.22E-09	3.24E-06	1.05E-05	5.93E-06	1.22E-05	9.09E-06
CC>GG	1.85E-06	4.43E-06	8.06E-06	5.79E-06	8.80E-06	5.22E-09	3.24E-06	1.05E-05	5.93E-06	1.22E-05	9.09E-06
CC>GT	1.22E-06	8.75E-06	6.64E-02	2.85E-02	1.79E-05	1.75E-05	3.32E-02	1.99E-01	3.33E-02	1.61E-05	1.64E-05
CC>TA	7.10E-02	4.17E-06	8.95E-06	1.58E-05	1.65E-05	1.04E-05	6.64E-02	1.41E-05	2.85E-02	8.58E-06	1.83E-05
CC>TG	1.85E-06	1.05E-01	9.36E-06	4.99E-02	1.81E-05	2.47E-06	3.24E-06	1.13E-05	9.45E-06	1.81E-05	9.82E-06
CC>TT	4.09E-02	8.86E-06	3.07E-06	8.70E-07	6.42E-04	1.86E-05	9.08E-06	1.75E-05	9.68E-06	6.90E-06	2.06E-05
CG>AT	1.85E-06	4.43E-06	8.06E-06	5.79E-06	8.80E-06	5.22E-09	3.24E-06	1.05E-05	5.93E-06	1.22E-05	9.09E-06
CG>GC	1.85E-06	4.43E-06	8.06E-06	5.79E-06	8.80E-06	5.22E-09	3.24E-06	1.05E-05	5.93E-06	1.22E-05	9.09E-06
CG>GT	1.85E-06	4.43E-06	8.06E-06	5.79E-06	8.80E-06	5.22E-09	3.24E-06	1.05E-05	5.93E-06	1.22E-05	9.09E-06
CG>TA	1.85E-06	4.43E-06	8.06E-06	5.79E-06	8.80E-06	5.22E-09	3.24E-06	1.05E-05	5.93E-06	1.22E-05	9.09E-06
CG>TC	1.85E-06	4.43E-06	8.06E-06	5.79E-06	8.80E-06	5.22E-09	3.24E-06	1.05E-05	5.93E-06	1.22E-05	9.09E-06
CG>TT	1.85E-06	4.43E-06	8.06E-06	5.79E-06	8.80E-06	5.22E-09	3.24E-06	1.05E-05	5.93E-06	1.22E-05	9.09E-06
CT>AA	6.92E-07	3.23E-06	5.41E-06	1.46E-05	9.38E-06	1.41E-05	9.68E-02	1.50E-05	4.25E-02	7.99E-02	3.31E-02
CT>AC	1.96E-06	6.66E-02	6.66E-02	5.72E-06	1.64E-05	3.73E-06	8.77E-06	1.20E-05	8.40E-06	1.20E-05	3.98E-02
CT>AG	1.85E-06	4.43E-06	8.06E-06	5.79E-06	8.80E-06	5.22E-09	3.24E-06	1.05E-05	5.93E-06	1.22E-05	9.09E-06
CT>GA	1.85E-06	4.43E-06	8.06E-06	5.79E-06	8.80E-06	5.22E-09	3.24E-06	1.05E-05	5.93E-06	1.22E-05	9.09E-06
CT>GC	1.79E-06	6.80E-06	6.13E-06	7.77E-06	1.07E-05	1.98E-05	3.23E-06	1.99E-01	9.13E-06	1.29E-05	9.20E-06
CT>GG	1.85E-06	4.43E-06	8.06E-06	5.79E-06	8.80E-06	5.22E-09	3.24E-06	1.05E-05	5.93E-06	1.22E-05	9.09E-06
CT>TA	1.85E-06	4.43E-06	8.06E-06	5.79E-06	8.80E-06	5.22E-09	3.24E-06	1.05E-05	5.93E-06	1.22E-05	9.09E-06
CT>TC	1.85E-06	4.43E-06	8.06E-06	5.79E-06	8.80E-06	5.22E-09	3.24E-06	1.05E-05	5.93E-06	1.22E-05	9.09E-06
CT>TG	1.85E-06	4.43E-06	8.06E-06	5.79E-06	8.80E-06	5.22E-09	3.24E-06	1.05E-05	5.93E-06	1.22E-05	9.09E-06
GC>AA	3.88E-02	6.70E-02	1.30E-05	5.79E-06	2.19E-05	1.75E-05	1.33E-01	9.97E-02	7.31E-06	8.67E-06	1.38E-05
GC>AG	1.85E-06	4.43E-06	8.06E-06	5.79E-06	8.80E-06	5.22E-09	3.24E-06	1.05E-05	5.93E-06	1.22E-05	9.09E-06
GC>AT	1.85E-06	4.43E-06	8.06E-06	5.79E-06	8.80E-06	5.22E-09	3.24E-06	1.05E-05	5.93E-06	1.22E-05	9.09E-06
GC>CA	1.85E-06	4.43E-06	8.06E-06	5.79E-06	8.80E-06	5.22E-09	3.24E-06	1.05E-05	5.93E-06	1.22E-05	9.09E-06
GC>CG	1.85E-06	4.43E-06	8.06E-06	5.79E-06	8.80E-06	5.22E-09	3.24E-06	1.05E-05	5.93E-06	1.22E-05	9.09E-06
GC>TA	1.85E-06	4.43E-06	8.06E-06	5.79E-06	8.80E-06	5.22E-09	3.24E-06	1.05E-05	5.93E-06	1.22E-05	9.09E-06
TA>AT	1.81E-06	6.13E-06	1.00E-05	4.20E-06	1.61E-05	1.83E-05	1.86E-01	1.55E-05	1.01E-05	1.49E-05	1.02E-05
TA>CG	1.85E-06	4.43E-06	8.06E-06	5.79E-06	8.80E-06	5.22E-09	3.24E-06	1.05E-05	5.93E-06	1.22E-05	9.09E-06
TA>CT	1.85E-06	4.43E-06	8.06E-06	5.79E-06	8.80E-06	5.22E-09	3.24E-06	1.05E-05	5.93E-06	1.22E-05	9.09E-06
TA>GC	1.85E-06	4.43E-06	8.06E-06	5.79E-06	8.80E-06	5.22E-09	3.24E-06	1.05E-05	5.93E-06	1.22E-05	9.09E-06
TA>GG	1.85E-06	4.43E-06	8.06E-06	5.79E-06	8.80E-06	5.22E-09	3.24E-06	1.05E-05	5.93E-06	1.22E-05	9.09E-06
TA>GT	6.00E-07	7.10E-06	6.15E-06	7.90E-06	1.19E-05	1.91E-05	9.19E-06	1.34E-05	1.27E-01	1.60E-05	1.87E-05
TC>AA	1.84E-06	9.35E-02	1.27E-05	4.89E-02	1.90E-05	3.65E-06	8.66E-06	4.79E-06	9.60E-06	1.12E-05	1.63E-05
TC>AG	1.85E-06	4.43E-06	8.06E-06	5.79E-06	8.80E-06	5.22E-09	3.24E-06	1.05E-05	5.93E-06	1.22E-05	9.09E-06
TC>AT	6.38E-02	6.22E-02	1.24E-01	2.73E-02	1.83E-05	1.64E-05	6.65E-02	1.79E-05	5.70E-06	7.95E-06	7.29E-06
TC>CA	1.85E-06	4.43E-06	8.06E-06	5.79E-06	8.80E-06	5.22E-09	3.24E-06	1.05E-05	5.93E-06	1.22E-05	9.09E-06
TC>CG	1.85E-06	4.43E-06	8.06E-06	5.79E-06	8.80E-06	5.22E-09	3.24E-06	1.05E-05	5.93E-06	1.22E-05	9.09E-06
TC>CT	1.85E-06	4.43E-06	8.06E-06	5.79E-06	8.80E-06	5.22E-09	3.24E-06	1.05E-05	5.93E-06	1.22E-05	9.09E-06
TC>GA	1.85E-06	4.43E-06	8.06E-06	5.79E-06	8.80E-06	5.22E-09	3.24E-06	1.05E-05	5.93E-06	1.22E-05	9.09E-06
TC>GG	1.85E-06	4.43E-06	8.06E-06	5.79E-06	8.80E-06	5.22E-09	3.24E-06	1.05E-05	5.93E-06	1.22E-05	9.09E-06
TC>GT	3.29E-06	7.53E-06	1.16E-05	5.57E-06	1.99E-05	2.43E-01	5.04E-06	1.39E-05	1.01E-05	9.93E-02	8.11E-02
TG>AA	1.85E-06	4.43E-06	8.06E-06	5.79E-06	8.80E-06	5.22E-09	3.24E-06	1.05E-05	5.93E-06	1.22E-05	9.09E-06
TG>AC	1.85E-06	4.43E-06	8.06E-06	5.79E-06	8.80E-06	5.22E-09	3.24E-06	1.05E-05	5.93E-06	1.22E-05	9.09E-06
TG>AT	1.85E-06	9.35E-02	1.27E-05	3.33E-02	1.99E-05	1.71E-06	9.20E-06	2.64E-06	6.56E-06	5.62E-06	1.81E-05
TG>CA	1.85E-06	4.43E-06	8.06E-06	5.79E-06	8.80E-06	5.22E-09	3.24E-06	1.05E-05	5.93E-06	1.22E-05	9.09E-06
TG>CC	3.88E-06	5.52E-06	1.15E-05	4.35E-06	1.93E-05	2.22E-05	7.43E-06	1.90E-05	1.11E-05	1.61E-05	1.17E-01
TG>CT	3.89E-06	5.57E-06	1.32E-05	4.72E-06	1.83E-05	2.18E-05	1.04E-05	1.86E-01	6.90E-06	6.64E-02	1.90E-05
TG>GA	1.55E-06	5.18E-06	1.21E-05	6.65E-02	1.99E-05	1.95E-05	9.32E-06	9.39E-06	2.44E-01	9.23E-06	3.31E-02
TG>GC	2.98E-06	8.67E-06	9.97E-02	3.86E-06	1.59E-05	4.72E-06	7.46E-06	8.51E-06	5.70E-02	1.69E-05	1.55E-05
TG>GT	1.85E-06	4.43E-06	8.06E-06	5.79E-06	8.80E-06	5.22E-09	3.24E-06	1.05E-05	5.93E-06	1.22E-05	9.09E-06
TT>AA	6.16E-02	6.54E-06	5.70E-06	2.71E-06	1.05E-05	7.50E-07	6.10E-06	1.15E-05	9.38E-06	1.61E-05	9.60E-06
TT>AC	1.85E-06	4.43E-06	8.06E-06	5.79E-06	8.80E-06	5.22E-09	3.24E-06	1.05E-05	5.93E-06	1.22E-05	9.09E-06
TT>AG	1.85E-06	4.43E-06	8.06E-06	5.79E-06	8.80E-06	5.22E-09	3.24E-06	1.05E-05	5.93E-06	1.22E-05	9.09E-06
TT>CA	1.85E-06	4.43E-06	8.06E-06	5.79E-06	8.80E-06	5.22E-09	3.24E-06	1.05E-05	5.93E-06	1.22E-05	9.09E-06
TT>CC	1.85E-06	4.43E-06	8.06E-06	5.79E-06	8.80E-06	5.22E-09	3.24E-06	1.05E-05	5.93E-06	1.22E-05	9.09E-06
TT>CG	1.85E-06	4.43E-06	8.06E-06	5.79E-06	8.80E-06	5.22E-09	3.24E-06	1.05E-05	5.93E-06	1.22E-05	9.09E-06
TT>GA	1.85E-06	4.43E-06	8.06E-06	5.79E-06	8.80E-06	5.22E-09	3.24E-06	1.05E-05	5.93E-06	1.22E-05	9.09E-06
TT>GC	1.85E-06	4.43E-06	8.06E-06	5.79E-06	8.80E-06	5.22E-09	3.24E-06	1.05E-05	5.93E-06	1.22E-05	9.09E-06
TT>GG	1.85E-06	4.43E-06	8.06E-06	5.79E-06	8.80E-06	5.22E-09	3.24E-06	1.05E-05	5.93E-06	1.22E-05	9.09E-06
