MutationType	DBS78A	DBS78B	DBS78C	DBS78D
AC>CA	0.00371855	0.00520120	0.00222682	0.00608817
AC>CG	0.00007257	0.00007299	0.00007288	0.00006608
AC>CT	0.00007257	0.00007299	0.00007288	0.00006608
AC>GA	0.01544486	0.01281430	0.00943018	0.00919949
AC>GG	0.00007257	0.00007299	0.00007288	0.00006608
AC>GT	0.00007257	0.00007299	0.00007288	0.00006608
AC>TA	0.02843952	0.01032169	0.00754353	0.01276881
AC>TG	0.00162965	0.00754495	0.00527250	0.00284505
AC>TT	0.00007257	0.00007299	0.00007288	0.00006608
AT>CA	0.00007257	0.00007299	0.00007288	0.00006608
AT>CC	0.00759259	0.00440858	0.00185044	0.00670790
AT>CG	0.00007257	0.00007299	0.00007288	0.00006608
AT>GA	0.00902283	0.00115702	0.00361033	0.00492159
AT>GC	0.00007257	0.00007299	0.00007288	0.00006608
AT>TA	0.00608964	0.01309668	0.00610578	0.01064806
CC>AA	0.00001698	0.21035820	0.05792911	0.03815577
CC>AG	0.03308873	0.07905491	0.04698310	0.03179566
CC>AT	0.05219520	0.02253037	0.01742684	0.01846352
CC>GA	0.02235673	0.01616424	0.01165075	0.01330522
CC>GG	0.00007257	0.00007299	0.00007288	0.00006608
CC>GT	0.01586599	0.01567018	0.00874171	0.01538366
CC>TA	0.03238128	0.01954774	0.02542089	0.01941045
CC>TG	0.01377674	0.00642417	0.00888299	0.00621597
CC>TT	0.07953534	0.04969176	0.02378602	0.04421121
CG>AT	0.00401527	0.00512449	0.00455936	0.00374084
CG>GC	0.00007257	0.00007299	0.00007288	0.00006608
CG>GT	0.00007257	0.00007299	0.00007288	0.00006608
CG>TA	0.00542837	0.00641804	0.00398857	0.00169182
CG>TC	0.02287615	0.00681588	0.00732561	0.01766665
CG>TT	0.01244932	0.01077757	0.00890277	0.00682655
CT>AA	0.00007257	0.00007299	0.00007288	0.00006608
CT>AC	0.00456749	0.00536356	0.00352205	0.00421984
CT>AG	0.02821334	0.00511409	0.01237682	0.00716270
CT>GA	0.00337397	0.00963686	0.01067078	0.01153660
CT>GC	0.00007257	0.00007299	0.00007288	0.00006608
CT>GG	0.01268327	0.01427355	0.00910315	0.01596199
CT>TA	0.03520218	0.01128771	0.01836321	0.01003843
CT>TC	0.00745084	0.00535023	0.00248971	0.00351816
CT>TG	0.02914111	0.01872683	0.01551810	0.00609336
GC>AA	0.00001298	0.00001441	0.37538045	0.00000765
GC>AG	0.01984447	0.02505947	0.01284849	0.01967242
GC>AT	0.05160890	0.01951070	0.02250656	0.02824464
GC>CA	0.00549993	0.01273969	0.00671444	0.02466842
GC>CG	0.00007257	0.00007299	0.00007288	0.00006608
GC>TA	0.01891492	0.00818213	0.00326150	0.00975139
TA>AT	0.01854146	0.01982172	0.01312640	0.00547293
TA>CG	0.00007257	0.00007299	0.00007288	0.00006608
TA>CT	0.02899981	0.01789898	0.00856804	0.00004278
TA>GC	0.00007257	0.00007299	0.00007288	0.00006608
TA>GG	0.00007257	0.00007299	0.00007288	0.00006608
TA>GT	0.00007257	0.00007299	0.00007288	0.00006608
TC>AA	0.01676570	0.13800949	0.03542147	0.03460624
TC>AG	0.04632040	0.01354519	0.00895045	0.07724914
TC>AT	0.00002026	0.00001456	0.00763499	0.28743850
TC>CA	0.01020311	0.00852605	0.01449880	0.01025323
TC>CG	0.01888236	0.01105796	0.01181858	0.00883877
TC>CT	0.02921647	0.01478111	0.02289413	0.01360036
TC>GA	0.07569427	0.02861574	0.01832811	0.02446616
TC>GG	0.00293140	0.00885011	0.00994582	0.00974486
TC>GT	0.01509425	0.02007284	0.00304890	0.03160496
TG>AA	0.00604549	0.01986070	0.03231855	0.00979824
TG>AC	0.00007257	0.00007299	0.00007288	0.00006608
TG>AT	0.05201166	0.00844161	0.01088195	0.01580646
TG>CA	0.00317621	0.00538282	0.00304006	0.00615598
TG>CC	0.00509090	0.00494663	0.00246418	0.00289361
TG>CT	0.02910325	0.00903614	0.01440243	0.02225938
TG>GA	0.01374107	0.00602550	0.00206911	0.00059480
TG>GC	0.00007257	0.00007299	0.00007288	0.00006608
TG>GT	0.01301077	0.00510438	0.01266042	0.00226387
TT>AA	0.00007257	0.00007299	0.00007288	0.00006608
TT>AC	0.01202958	0.00396811	0.00303542	0.01387136
TT>AG	0.00806810	0.00310741	0.00308370	0.00397113
TT>CA	0.00007257	0.00007299	0.00007288	0.00006608
TT>CC	0.00007257	0.00007299	0.00007288	0.00006608
TT>CG	0.00007257	0.00007299	0.00007288	0.00006608
TT>GA	0.00736162	0.00596396	0.00269466	0.00273271
TT>GC	0.00007257	0.00007299	0.00007288	0.00006608
TT>GG	0.00344042	0.00676295	0.00289940	0.00376070
