MutationType	DBS78A	DBS78B	DBS78C	DBS78D
AC>CA	0.0037185497754156434	0.0052011991620626455	0.0022268231095949886	0.006088174248967941
AC>CG	7.257257748278789e-05	7.299252817271433e-05	7.287549027144754e-05	6.607552071121366e-05
AC>CT	7.257257748278789e-05	7.299252817271433e-05	7.287549027144754e-05	6.607552071121366e-05
AC>GA	0.015444860155427401	0.01281429673084252	0.00943018355416522	0.009199490913670162
AC>GG	7.257257748278789e-05	7.299252817271433e-05	7.287549027144754e-05	6.607552071121366e-05
AC>GT	7.257257748278789e-05	7.299252817271433e-05	7.287549027144754e-05	6.607552071121366e-05
AC>TA	0.02843951637429806	0.010321691262834064	0.007543533935737893	0.012768808699547662
AC>TG	0.0016296498770922577	0.007544952787187261	0.00527249632953802	0.0028450457200960956
AC>TT	7.257257748278789e-05	7.299252817271433e-05	7.287549027144754e-05	6.607552071121366e-05
AT>CA	7.257257748278789e-05	7.299252817271433e-05	7.287549027144754e-05	6.607552071121366e-05
AT>CC	0.007592593842491624	0.004408583197800908	0.0018504351365360586	0.0067079011251432044
AT>CG	7.257257748278789e-05	7.299252817271433e-05	7.287549027144754e-05	6.607552071121366e-05
AT>GA	0.009022834360439446	0.0011570196539347913	0.0036103336971185247	0.0049215936218388375
AT>GC	7.257257748278789e-05	7.299252817271433e-05	7.287549027144754e-05	6.607552071121366e-05
AT>TA	0.00608964460916468	0.013096680454691523	0.006105778984298619	0.010648061920013182
CC>AA	1.6977278781382667e-05	0.21035819884890164	0.057929108753246014	0.03815576532401984
CC>AG	0.03308873053938631	0.07905490896109175	0.04698309653589696	0.031795660911999826
CC>AT	0.05219520279670178	0.022530365681296585	0.017426843869762364	0.018463523032923312
CC>GA	0.022356733036212974	0.016164236656186402	0.011650752486517982	0.013305221380748359
CC>GG	7.257257748278789e-05	7.299252817271433e-05	7.287549027144754e-05	6.607552071121366e-05
CC>GT	0.01586598999298682	0.01567018454261415	0.008741713460403843	0.015383657706115628
CC>TA	0.0323812758195345	0.019547739300620984	0.025420893709027344	0.01941045299101347
CC>TG	0.013776739271270344	0.006424170315767697	0.008882991684489146	0.006215969740514993
CC>TT	0.07953533503544653	0.049691764783181915	0.02378602032529026	0.044211213477501246
CG>AT	0.004015267319239986	0.005124493334975947	0.004559357694718832	0.0037408409995502248
CG>GC	7.257257748278789e-05	7.299252817271433e-05	7.287549027144754e-05	6.607552071121366e-05
CG>GT	7.257257748278789e-05	7.299252817271433e-05	7.287549027144754e-05	6.607552071121366e-05
CG>TA	0.0054283715612352046	0.006418036466736036	0.003988572536642702	0.0016918190724633556
CG>TC	0.02287614794113324	0.0068158786907588365	0.007325609788616324	0.017666651041266353
CG>TT	0.01244931959239087	0.01077756529399873	0.00890276789420265	0.006826548981916858
CT>AA	7.257257748278789e-05	7.299252817271433e-05	7.287549027144754e-05	6.607552071121366e-05
CT>AC	0.004567494171230161	0.005363560164793549	0.003522048895805104	0.0042198351604990116
CT>AG	0.028213339092205084	0.005114085721288575	0.012376824095978615	0.007162701777815528
CT>GA	0.0033739708216065385	0.00963685839875931	0.010670775171092828	0.011536600741601432
CT>GC	7.257257748278789e-05	7.299252817271433e-05	7.287549027144754e-05	6.607552071121366e-05
CT>GG	0.012683273041208547	0.014273551735459477	0.009103151465327149	0.01596199450596032
CT>TA	0.035202182871338056	0.011287710365756235	0.01836320716532403	0.010038427935842264
CT>TC	0.007450838114164071	0.005350230934467012	0.002489705266028371	0.003518155849693964
CT>TG	0.029141112659999635	0.018726833941279133	0.015518104043318695	0.006093362178611035
GC>AA	1.2982373128159198e-05	1.4412928972499147e-05	0.3753804514805476	7.651381112568541e-06
GC>AG	0.01984446656315413	0.02505947111094429	0.012848492809068073	0.019672418440040928
GC>AT	0.051608902151656366	0.0195107020737062	0.022506556195526172	0.028244636661960244
GC>CA	0.0054999269614199875	0.01273969453080402	0.006714444436086827	0.024668417348523992
GC>CG	7.257257748278789e-05	7.299252817271433e-05	7.287549027144754e-05	6.607552071121366e-05
GC>TA	0.01891491936754998	0.008182127910792284	0.00326149843155387	0.00975138570835649
TA>AT	0.01854146182314859	0.01982172197094769	0.013126403432321847	0.005472930032738077
TA>CG	7.257257748278789e-05	7.299252817271433e-05	7.287549027144754e-05	6.607552071121366e-05
TA>CT	0.028999807299139018	0.01789898005493645	0.008568042510038747	4.277729931345675e-05
TA>GC	7.257257748278789e-05	7.299252817271433e-05	7.287549027144754e-05	6.607552071121366e-05
TA>GG	7.257257748278789e-05	7.299252817271433e-05	7.287549027144754e-05	6.607552071121366e-05
TA>GT	7.257257748278789e-05	7.299252817271433e-05	7.287549027144754e-05	6.607552071121366e-05
TC>AA	0.016765695553036388	0.13800948609493144	0.035421465105276086	0.034606239114785824
TC>AG	0.04632039649916611	0.013545189223238196	0.008950450652847141	0.07724913527392042
TC>AT	2.0263274491583162e-05	1.4557141896576198e-05	0.007634993551887671	0.287438498680361
TC>CA	0.01020311041502282	0.00852605108490631	0.01449879556075757	0.010253227525269418
TC>CG	0.018882362737349466	0.011057964497103967	0.011818584697660601	0.008838767030132052
TC>CT	0.02921647362454678	0.014781110159916958	0.022894131749875632	0.013600364209120622
TC>GA	0.07569427230882866	0.028615742969949072	0.018328108653027423	0.024466164586003578
TC>GG	0.00293139968404527	0.008850111272962143	0.009945819957890005	0.009744856731534432
TC>GT	0.015094251956785836	0.020072841387445806	0.0030489015068572672	0.0316049563798515
TG>AA	0.006045494428447758	0.019860699986384133	0.03231854558125633	0.009798238527825258
TG>AC	7.257257748278789e-05	7.299252817271433e-05	7.287549027144754e-05	6.607552071121366e-05
TG>AT	0.0520116589012711	0.008441610570927575	0.010881949930004945	0.015806462864323596
TG>CA	0.003176210799938417	0.005382818077123375	0.0030400597551003255	0.006155976497151035
TG>CC	0.005090899802356338	0.004946629011707652	0.002464177341850397	0.002893611745821545
TG>CT	0.029103248415898026	0.009036142041137889	0.014402426039305282	0.022259382125654762
TG>GA	0.013741068020923801	0.006025504813563506	0.0020691051776035845	0.0005948011553603767
TG>GC	7.257257748278789e-05	7.299252817271433e-05	7.287549027144754e-05	6.607552071121366e-05
TG>GT	0.013010769858495527	0.005104382406473936	0.012660415088248556	0.0022638676623197777
TT>AA	7.257257748278789e-05	7.299252817271433e-05	7.287549027144754e-05	6.607552071121366e-05
TT>AC	0.012029583271578303	0.0039681059685487225	0.0030354216728786317	0.013871356188489396
TT>AG	0.008068097923751339	0.0031074145783350103	0.003083696461544605	0.003971125077684216
TT>CA	7.257257748278789e-05	7.299252817271433e-05	7.287549027144754e-05	6.607552071121366e-05
TT>CC	7.257257748278789e-05	7.299252817271433e-05	7.287549027144754e-05	6.607552071121366e-05
TT>CG	7.257257748278789e-05	7.299252817271433e-05	7.287549027144754e-05	6.607552071121366e-05
TT>GA	0.0073616245023004016	0.005963964307617668	0.002694655025091682	0.0027327097581292038
TT>GC	7.257257772531981e-05	7.299252817271433e-05	7.287549002891562e-05	6.607552046868174e-05
TT>GG	0.0034404210325495416	0.006762952417435978	0.002899403716461772	0.003760703444762233
