MutationType	SBS96A	SBS96B	SBS96C	SBS96D	SBS96E	SBS96F	SBS96G	SBS96H	SBS96I	SBS96J	SBS96K	SBS96L
A[C>A]A	0.00250416	0.00015631	0.02338164	0.02595541	0.02678012	0.00924080	0.03594140	0.01191777	0.02963974	0.02396699	0.00983215	0.01640385
A[C>A]C	0.00014802	0.00667746	0.02094030	0.01569430	0.01744848	0.01243815	0.02710276	0.02492589	0.00967141	0.01412186	0.01444853	0.01602617
A[C>A]G	0.00024333	0.00068888	0.00360073	0.00303123	0.00139820	0.00042631	0.00144014	0.00228230	0.00320608	0.00312951	0.00524674	0.00447928
A[C>A]T	0.00064495	0.00368691	0.02548307	0.02116466	0.01258808	0.00566305	0.02173174	0.01113690	0.01482818	0.01078801	0.01694948	0.01231830
A[C>G]A	0.00181524	0.00707021	0.01613391	0.01015449	0.01907216	0.00682644	0.01297249	0.01409816	0.00451879	0.00787229	0.03455192	0.00189341
A[C>G]C	0.00085452	0.00562120	0.01294452	0.00881968	0.00777219	0.00640351	0.00849845	0.00748501	0.00676328	0.00714222	0.00927128	0.00276503
A[C>G]G	0.00009117	0.00104208	0.00529213	0.00240042	0.00290392	0.00380149	0.00107051	0.00048763	0.00106778	0.00209417	0.01467101	0.00090927
A[C>G]T	0.00143044	0.01331277	0.01135971	0.01340125	0.01664512	0.00612281	0.01644545	0.00923945	0.00768077	0.01172529	0.02181072	0.00223663
A[C>T]A	0.00323792	0.00593570	0.02532072	0.02635273	0.01006038	0.01875198	0.02623634	0.00869062	0.02622186	0.01455318	0.00887254	0.02007153
A[C>T]C	0.00093684	0.00925901	0.00817787	0.00796873	0.00611177	0.01247116	0.01528375	0.00182707	0.01086107	0.00660139	0.01177587	0.00980214
A[C>T]G	0.00089600	0.02214417	0.00139505	0.00879983	0.01327413	0.05469548	0.01872966	0.01353434	0.10179539	0.01859501	0.01469971	0.03732951
A[C>T]T	0.00293397	0.00650260	0.02074655	0.02603836	0.01589134	0.00739690	0.01185177	0.01203049	0.01301983	0.00822592	0.01554616	0.00615828
A[T>A]A	0.00156517	0.00100919	0.00801846	0.00633898	0.00868145	0.01165787	0.00769804	0.02480807	0.00214027	0.01347594	0.00380025	0.01398891
A[T>A]C	0.00067962	0.00432539	0.00627855	0.00783276	0.00659464	0.00602383	0.00762205	0.01199005	0.00904454	0.01467570	0.00946632	0.00770587
A[T>A]G	0.00063597	0.00081317	0.01070044	0.01097066	0.01258940	0.00579043	0.00194552	0.01330818	0.00512377	0.01797795	0.01243960	0.00961365
A[T>A]T	0.00047233	0.00470386	0.00997914	0.01616844	0.01105322	0.02144194	0.01122650	0.04156606	0.00317571	0.01878587	0.00522041	0.01777067
A[T>C]A	0.00012635	0.01075488	0.01349887	0.01500523	0.01363850	0.02377222	0.02579670	0.03156717	0.00864512	0.02373585	0.00540549	0.02282211
A[T>C]C	0.00033516	0.00512994	0.01237218	0.00538773	0.00922174	0.00806829	0.00741354	0.00974483	0.00768723	0.00616685	0.00982408	0.00603570
A[T>C]G	0.00098563	0.00974073	0.00764913	0.01078969	0.00768649	0.01256764	0.01719407	0.01761833	0.01150645	0.02275008	0.01136615	0.01163185
A[T>C]T	0.00040563	0.01309880	0.01011232	0.01778547	0.02480021	0.01788851	0.01183001	0.01738468	0.01640606	0.04089632	0.02288217	0.01028454
A[T>G]A	0.00040865	0.00101405	0.00433861	0.00330881	0.00589100	0.01203489	0.00127874	0.01167409	0.00296653	0.00455181	0.01117524	0.00201777
A[T>G]C	0.00039036	0.00029026	0.00067063	0.00061891	0.00096503	0.00321043	0.00084680	0.00717651	0.00096798	0.00395387	0.00836820	0.00503620
A[T>G]G	0.00000121	0.00573672	0.00833750	0.01041481	0.00853754	0.00168247	0.00467572	0.00314915	0.00005750	0.00765147	0.01478492	0.00000061
A[T>G]T	0.00008025	0.00434522	0.00159813	0.00413068	0.00362957	0.00443212	0.01260902	0.00736288	0.00147416	0.00951798	0.01286057	0.00583810
C[C>A]A	0.00099441	0.00879430	0.02598353	0.02324174	0.01995938	0.00896779	0.02119476	0.01822439	0.01843035	0.01631522	0.00893706	0.00964396
C[C>A]C	0.00046145	0.01223549	0.02412342	0.01804099	0.01771586	0.00360527	0.00580278	0.01364148	0.00907234	0.02017717	0.00543372	0.00436914
C[C>A]G	0.00020160	0.00018740	0.00446204	0.00082317	0.00160175	0.00188376	0.00148880	0.00273195	0.00331278	0.00179238	0.00633563	0.00158513
C[C>A]T	0.00109480	0.00274078	0.02534916	0.02104506	0.01811121	0.01028739	0.01105172	0.01227530	0.01047373	0.01491560	0.00911026	0.00786246
C[C>G]A	0.00201007	0.00966141	0.01237812	0.01330235	0.01573485	0.00555742	0.00740794	0.00354658	0.00263005	0.00130051	0.01800049	0.00100576
C[C>G]C	0.00061419	0.00564066	0.01151177	0.00861732	0.01261017	0.00147613	0.00822304	0.00895558	0.00391449	0.00567560	0.00526334	0.00004046
C[C>G]G	0.00020849	0.00180883	0.00495570	0.00196663	0.00101519	0.00218270	0.00186078	0.00230508	0.00000000	0.00082560	0.00838900	0.00369415
C[C>G]T	0.00235656	0.01260344	0.01650297	0.01803322	0.01612279	0.00603053	0.01364004	0.00718737	0.00722415	0.00539052	0.01235193	0.00490056
C[C>T]A	0.00819709	0.01020587	0.00930466	0.01155382	0.00814186	0.01603721	0.02110179	0.01690682	0.01623617	0.01106196	0.00543205	0.03094868
C[C>T]C	0.00216594	0.00438034	0.00835828	0.01159560	0.00231039	0.01301024	0.02292274	0.01176259	0.00802589	0.00971627	0.00372881	0.02502918
C[C>T]G	0.00417793	0.01425618	0.00507311	0.00214108	0.00394735	0.03158289	0.01053519	0.01148864	0.05447046	0.00950939	0.00879752	0.02479886
C[C>T]T	0.00599148	0.01453822	0.02152036	0.02014804	0.00925997	0.01665715	0.02072989	0.01126424	0.02405020	0.00925371	0.01515721	0.01700634
C[T>A]A	0.00024673	0.00097494	0.01124036	0.00559610	0.01230887	0.00343592	0.00560805	0.01324967	0.00055225	0.01332710	0.00362452	0.00365259
C[T>A]C	0.00071838	0.00099877	0.01549675	0.00789231	0.01429562	0.00178911	0.00862487	0.00958657	0.00502301	0.01496324	0.01187677	0.00700679
C[T>A]G	0.00024874	0.00190005	0.01403446	0.00685365	0.01456085	0.00186377	0.00866923	0.00876133	0.00224883	0.01381084	0.01208920	0.00479430
C[T>A]T	0.00023903	0.00165818	0.02070945	0.01148290	0.02431579	0.00676733	0.00892608	0.01234622	0.00434159	0.01374489	0.01635269	0.00076038
C[T>C]A	0.00000122	0.00820928	0.00927488	0.01220966	0.00549545	0.00615412	0.00455377	0.01431081	0.00591616	0.00307341	0.01118085	0.00495592
C[T>C]C	0.00044631	0.00128027	0.01740397	0.01135769	0.02088697	0.00464812	0.00403619	0.01071868	0.00806156	0.00678157	0.00801164	0.00959971
C[T>C]G	0.00056387	0.01181785	0.00332013	0.00800113	0.00688892	0.00654598	0.01131337	0.01353480	0.00239527	0.01285927	0.01253174	0.00578965
C[T>C]T	0.00031466	0.00761903	0.01084959	0.01421397	0.02092225	0.01066174	0.01431907	0.00267499	0.00576418	0.01375935	0.00490266	0.00409683
C[T>G]A	0.00000040	0.00135761	0.00494243	0.00213776	0.00333824	0.00451595	0.00756168	0.00230597	0.00142427	0.00070699	0.00739053	0.00206344
C[T>G]C	0.00014361	0.00050012	0.00345679	0.00321519	0.00745302	0.00284898	0.00656488	0.00259091	0.00095071	0.00498832	0.00726129	0.00453142
C[T>G]G	0.00022790	0.00757991	0.00577848	0.00847349	0.00833616	0.00693304	0.00899754	0.00360595	0.00145340	0.00870385	0.01052650	0.00225096
C[T>G]T	0.00053527	0.00098578	0.00444094	0.00313763	0.02628912	0.01247733	0.01096748	0.00980374	0.00682650	0.01368742	0.00707078	0.00222103
G[C>A]A	0.00172212	0.00000405	0.01918330	0.01031653	0.01794989	0.01602072	0.00518874	0.00673342	0.02961463	0.01245794	0.01868508	0.00576354
G[C>A]C	0.00042588	0.00300522	0.01614135	0.01203159	0.01357386	0.00645466	0.01479121	0.00724422	0.00765052	0.00492586	0.00103025	0.01422462
G[C>A]G	0.00013911	0.00022239	0.00056012	0.00086359	0.00148924	0.00148023	0.00314452	0.00137814	0.00354145	0.00266121	0.00098661	0.00363976
G[C>A]T	0.00059732	0.00378201	0.01481523	0.01085311	0.01976020	0.00977849	0.00555587	0.00705628	0.01578003	0.01081110	0.00813550	0.00399473
G[C>G]A	0.00085034	0.00344576	0.00943654	0.00712484	0.00489376	0.00165578	0.00545575	0.00859759	0.00460470	0.00489511	0.00933971	0.00499548
G[C>G]C	0.00057343	0.00392702	0.01072678	0.00475389	0.00782963	0.00382104	0.00078245	0.00875062	0.00652909	0.00362454	0.00447767	0.00311704
G[C>G]G	0.00003802	0.00223382	0.00221636	0.00155010	0.00021434	0.00000000	0.00100921	0.00161891	0.00032763	0.00045379	0.00537524	0.00156986
G[C>G]T	0.00154556	0.00934831	0.01244928	0.00726124	0.00979414	0.00580979	0.00871023	0.01338268	0.00025292	0.00680829	0.01235530	0.00203801
G[C>T]A	0.00389728	0.00643340	0.01210773	0.01111497	0.01443288	0.00965750	0.02325011	0.00990830	0.01746259	0.00957303	0.00072050	0.01717669
G[C>T]C	0.00231659	0.00484548	0.00767535	0.00933368	0.00792824	0.01055856	0.01591677	0.00684158	0.01573992	0.00807595	0.00541075	0.01909090
G[C>T]G	0.00270724	0.01129632	0.00452691	0.01113624	0.00336179	0.03765712	0.01057201	0.01047208	0.05119541	0.02200079	0.02101669	0.02174288
G[C>T]T	0.00230283	0.00741836	0.01248997	0.01246214	0.00493051	0.00884441	0.01895377	0.01365452	0.01259973	0.00973402	0.01089905	0.01633485
G[T>A]A	0.00038452	0.00253643	0.00915835	0.00543406	0.00615524	0.00200090	0.00225042	0.00793482	0.00099607	0.00138091	0.00833767	0.00381807
G[T>A]C	0.00032040	0.00208513	0.00616224	0.00434029	0.00690470	0.00122344	0.00437407	0.00743062	0.00233922	0.00897953	0.00310921	0.00537247
G[T>A]G	0.00060402	0.00363628	0.00811385	0.00885465	0.00839691	0.00071167	0.00345427	0.00434688	0.00474362	0.00331860	0.00410910	0.00335971
G[T>A]T	0.00017951	0.00165522	0.01406078	0.00732844	0.01501526	0.00689694	0.00585561	0.00836070	0.00071957	0.00897688	0.01118388	0.00563507
G[T>C]A	0.00017402	0.00613798	0.00638423	0.00550679	0.00913484	0.00850599	0.00931577	0.01403132	0.01019168	0.01330798	0.00633200	0.00709935
G[T>C]C	0.00027292	0.00246870	0.00670265	0.00313323	0.00788738	0.00551503	0.00695845	0.00748214	0.00670956	0.00404212	0.00471023	0.00532501
G[T>C]G	0.00029536	0.00629237	0.00466689	0.00207610	0.00573664	0.00480983	0.00445168	0.00947321	0.00447185	0.01466852	0.01019421	0.00138951
G[T>C]T	0.00033806	0.00347659	0.00489340	0.00473030	0.01214017	0.01339011	0.00805274	0.01635044	0.00710420	0.01651821	0.00447876	0.01262192
G[T>G]A	0.00024886	0.00056380	0.00243296	0.00305151	0.00489819	0.00000681	0.00685593	0.00454163	0.00133944	0.00365695	0.01197679	0.00195825
G[T>G]C	0.00007415	0.00241964	0.00324927	0.00292158	0.00321346	0.00026719	0.00268474	0.00108035	0.00073335	0.00349867	0.00522123	0.00195043
G[T>G]G	0.00110327	0.00263338	0.00594105	0.00627372	0.01182803	0.00154445	0.00549559	0.00669683	0.00096725	0.01004545	0.01087420	0.00550799
G[T>G]T	0.00047891	0.00114884	0.00285340	0.00303749	0.01358766	0.00483898	0.00686922	0.00314035	0.00450140	0.01073594	0.00995169	0.00253301
T[C>A]A	0.02930830	0.02440224	0.02133147	0.03125757	0.00295217	0.01215608	0.01901672	0.01357685	0.03414100	0.02200017	0.00462248	0.02538587
T[C>A]C	0.00778007	0.02653775	0.01183557	0.01799435	0.01155629	0.01672538	0.01706063	0.01113366	0.01805401	0.01015853	0.01473760	0.01042451
T[C>A]G	0.00202826	0.00076128	0.00105117	0.00165520	0.00058239	0.00457313	0.00181159	0.00403849	0.00122945	0.00245588	0.00274201	0.00348689
T[C>A]T	0.01509352	0.02123217	0.01922006	0.03721192	0.02609463	0.03679140	0.02184728	0.01331230	0.03496447	0.03131380	0.00048671	0.01422000
T[C>G]A	0.13983031	0.13794748	0.00485281	0.00867004	0.02332601	0.00410341	0.00316797	0.01055905	0.00372828	0.00048594	0.02275150	0.02454044
T[C>G]C	0.02608241	0.04815901	0.00932184	0.01733895	0.01659589	0.01670505	0.00936140	0.00289877	0.00531850	0.00886072	0.02407583	0.01046121
T[C>G]G	0.00391620	0.00413210	0.00154949	0.00000000	0.00071146	0.00007422	0.00235100	0.00194017	0.00026397	0.00020659	0.01176430	0.00086775
T[C>G]T	0.17419723	0.18586212	0.00480540	0.04301829	0.02507870	0.02953301	0.02571954	0.00957848	0.00260611	0.00786900	0.06223464	0.02242158
T[C>T]A	0.28589597	0.06737651	0.01809150	0.01901053	0.00516779	0.02130072	0.00257010	0.02566000	0.02253810	0.02806372	0.00744353	0.08729106
T[C>T]C	0.05942586	0.01067693	0.01292041	0.02011544	0.00100285	0.04381847	0.03627506	0.00733218	0.01667112	0.01685328	0.00419151	0.04572539
T[C>T]G	0.02749882	0.01273341	0.00248837	0.00079442	0.00262783	0.02737116	0.01051477	0.01289339	0.04510178	0.00184076	0.00568061	0.03089776
T[C>T]T	0.14838689	0.04282689	0.02849591	0.02720962	0.00365054	0.04269980	0.01162082	0.00912260	0.02987263	0.02126595	0.00266434	0.04819102
T[T>A]A	0.00070191	0.00168405	0.00725380	0.00635285	0.01137852	0.03648549	0.01408018	0.02749347	0.00931050	0.00977730	0.00468262	0.02018686
T[T>A]C	0.00015749	0.00463716	0.01267702	0.01129226	0.00907026	0.00213488	0.00581385	0.00797558	0.00394205	0.00731828	0.00109696	0.00439242
T[T>A]G	0.00035800	0.00227516	0.00825109	0.00759516	0.00642970	0.00373955	0.00459321	0.00552896	0.00466627	0.00352673	0.00691260	0.00156843
T[T>A]T	0.00022423	0.00417251	0.02308848	0.02010792	0.01493330	0.01112452	0.01224246	0.02322450	0.00267772	0.01009223	0.01786691	0.00854408
T[T>C]A	0.00032053	0.00497933	0.00645663	0.00928207	0.01232725	0.01174569	0.00599173	0.01806171	0.01040493	0.01102136	0.00549270	0.00898924
T[T>C]C	0.00076227	0.00511032	0.00836661	0.00660084	0.00390841	0.01056245	0.00829818	0.02014684	0.00687752	0.00987397	0.01211554	0.00701437
T[T>C]G	0.00016912	0.00334503	0.00418466	0.00615713	0.00645374	0.00804326	0.00631480	0.00546091	0.00517146	0.00383284	0.00461196	0.00628778
T[T>C]T	0.00072556	0.00176551	0.00866014	0.00824357	0.01341893	0.01609330	0.01994571	0.01105321	0.01031548	0.01666233	0.00889935	0.00913758
T[T>G]A	0.00030899	0.00228019	0.00642659	0.00469903	0.00880407	0.00333047	0.00783442	0.00515837	0.00385915	0.00602464	0.01166710	0.00144597
T[T>G]C	0.00026805	0.00076191	0.00404757	0.00441533	0.00334333	0.00170876	0.00390116	0.00568750	0.00355882	0.00746322	0.00903267	0.00351732
T[T>G]G	0.00023723	0.00433754	0.01099070	0.00566305	0.01120381	0.00661664	0.00409788	0.00732992	0.00343495	0.00610849	0.01691883	0.00144027
T[T>G]T	0.00075001	0.00599264	0.00788334	0.00621057	0.01346850	0.01238502	0.01207763	0.01554024	0.00990801	0.02247707	0.02337071	0.00755591
