MutationType	DBS78A	DBS78B	DBS78C	DBS78D	DBS78E	DBS78F	DBS78G
AC>CA	2.1135178508302487e-05	1.7213620436343224e-05	0.15004715884278993	1.9512357182476307e-05	4.3189248026465064e-05	5.014402705825205e-05	5.813979187223595e-05
AC>CG	2.8004605701426045e-05	3.208803063898813e-05	3.0484339367831127e-05	3.1478113669436425e-05	5.120959103805944e-05	6.298313892330042e-05	7.936958863865584e-05
AC>CT	2.8004605701426045e-05	3.208803063898813e-05	3.0484339367831127e-05	3.1478113669436425e-05	5.120959103805944e-05	6.298313892330042e-05	7.936958863865584e-05
AC>GA	2.8004605701426045e-05	3.208803063898813e-05	3.0484339367831127e-05	3.1478113669436425e-05	5.120959103805944e-05	6.298313892330042e-05	7.936958863865584e-05
AC>GG	1.2784590006864843e-05	1.6833609879540746e-05	1.1134529593313678e-05	1.112364136948013e-05	0.07791910803953214	2.9164117586333303e-05	0.11274732113743084
AC>GT	2.8004605701426045e-05	3.208803063898813e-05	3.0484339367831127e-05	3.1478113669436425e-05	5.120959103805944e-05	6.298313892330042e-05	7.936958863865584e-05
AC>TA	2.8004605701426045e-05	3.208803063898813e-05	3.0484339367831127e-05	3.1478113669436425e-05	5.120959103805944e-05	6.298313892330042e-05	7.936958863865584e-05
AC>TG	2.8004605701426045e-05	3.208803063898813e-05	3.0484339367831127e-05	3.1478113669436425e-05	5.120959103805944e-05	6.298313892330042e-05	7.936958863865584e-05
AC>TT	0.11621404085271933	0.04426143484070122	0.04648756221977237	1.3893326968172915e-05	4.055924091517227e-05	4.342929120475728e-05	6.346172740450129e-05
AT>CA	2.8004605701426045e-05	3.208803063898813e-05	3.0484339367831127e-05	3.1478113669436425e-05	5.120959103805944e-05	6.298313892330042e-05	7.936958863865584e-05
AT>CC	2.8004605701426045e-05	3.208803063898813e-05	3.0484339367831127e-05	3.1478113669436425e-05	5.120959103805944e-05	6.298313892330042e-05	7.936958863865584e-05
AT>CG	2.8004605701426045e-05	3.208803063898813e-05	3.0484339367831127e-05	3.1478113669436425e-05	5.120959103805944e-05	6.298313892330042e-05	7.936958863865584e-05
AT>GA	2.8004605701426045e-05	3.208803063898813e-05	3.0484339367831127e-05	3.1478113669436425e-05	5.120959103805944e-05	6.298313892330042e-05	7.936958863865584e-05
AT>GC	2.8004605701426045e-05	3.208803063898813e-05	3.0484339367831127e-05	3.1478113669436425e-05	5.120959103805944e-05	6.298313892330042e-05	7.936958863865584e-05
AT>TA	2.8004605701426045e-05	3.208803063898813e-05	3.0484339367831127e-05	3.1478113669436425e-05	5.120959103805944e-05	6.298313892330042e-05	7.936958863865584e-05
CC>AA	0.11591327307560277	0.5886494278907776	0.1136183628517224	2.8643251075787426e-07	0.06646217962744863	0.0731878147097623	1.0405415104888471e-06
CC>AG	5.512856246311926e-06	1.4298584147809379e-05	3.3834704579516205e-06	2.6357280899731716e-06	1.9654980394712142e-05	1.4394995361044494e-05	0.4016432762145996
CC>AT	0.01817307662866874	0.09412281129744321	0.07987032015046225	9.554689131618944e-06	3.0582205999962754e-05	0.06664366149016132	5.285514998831786e-05
CC>GA	2.8004605701426045e-05	3.208803063898813e-05	3.0484339367831127e-05	3.1478113669436425e-05	5.120959103805944e-05	6.298313892330042e-05	7.936958863865584e-05
CC>GG	2.8004605701426045e-05	3.208803063898813e-05	3.0484339367831127e-05	3.1478113669436425e-05	5.120959103805944e-05	6.298313892330042e-05	7.936958863865584e-05
CC>GT	1.3171714584186804e-05	0.02851687060265249	0.03995567870733794	1.4700975589221343e-05	0.04979253107703698	0.0398273232865904	0.028461683875502786
CC>TA	1.6217575734253014e-05	1.4140120219963137e-05	0.03995672442815815	0.10892696031642117	0.03809701387872337	4.5585367024614244e-05	5.387915443861857e-05
CC>TG	2.5241747425752693e-05	0.02190076839806352	2.2376735614670906e-05	2.2468532792530027e-05	4.5210606185719374e-05	0.11975242397384137	6.830684724263847e-05
CC>TT	1.3442149065667763e-05	2.1078360266639895e-05	8.835635569681698e-06	0.645016747713089	3.887582193726757e-05	1.4428493264320436e-05	2.7750407190296757e-05
CG>AT	2.8004605701426045e-05	3.208803063898813e-05	3.0484339367831127e-05	3.1478113669436425e-05	5.120959103805944e-05	6.298313892330042e-05	7.936958863865584e-05
CG>GC	2.8004605701426045e-05	3.208803063898813e-05	3.0484339367831127e-05	3.1478113669436425e-05	5.120959103805944e-05	6.298313892330042e-05	7.936958863865584e-05
CG>GT	2.8004605701426045e-05	3.208803063898813e-05	3.0484339367831127e-05	3.1478113669436425e-05	5.120959103805944e-05	6.298313892330042e-05	7.936958863865584e-05
CG>TA	2.8004605701426045e-05	3.208803063898813e-05	3.0484339367831127e-05	3.1478113669436425e-05	5.120959103805944e-05	6.298313892330042e-05	7.936958863865584e-05
CG>TC	2.8004605701426045e-05	3.208803063898813e-05	3.0484339367831127e-05	3.1478113669436425e-05	5.120959103805944e-05	6.298313892330042e-05	7.936958863865584e-05
CG>TT	2.8004605701426045e-05	3.208803063898813e-05	3.0484339367831127e-05	3.1478113669436425e-05	5.120959103805944e-05	6.298313892330042e-05	7.936958863865584e-05
CT>AA	1.7280359679716638e-05	9.173475932122699e-06	0.1994367235160098	7.996751829031368e-06	0.01906276083100238	4.859089033004693e-05	5.0520240620244294e-05
CT>AC	0.036332428520282886	1.5743399302436956e-05	0.03995268650264734	1.9070935786658082e-05	3.730382078401817e-05	0.06664595702604856	6.570368932443671e-05
CT>AG	2.8004605701426045e-05	3.208803063898813e-05	3.0484339367831127e-05	3.1478113669436425e-05	5.120959103805944e-05	6.298313892330042e-05	7.936958863865584e-05
CT>GA	2.8004605701426045e-05	3.208803063898813e-05	3.0484339367831127e-05	3.1478113669436425e-05	5.120959103805944e-05	6.298313892330042e-05	7.936958863865584e-05
CT>GC	2.0029379995634145e-05	2.9690774681512266e-05	2.3836861840642597e-05	2.6043760081684297e-05	0.1992971506115282	5.817774035676848e-05	6.280760330668045e-05
CT>GG	2.8004605701426045e-05	3.208803063898813e-05	3.0484339367831127e-05	3.1478113669436425e-05	5.120959103805944e-05	6.298313892330042e-05	7.936958863865584e-05
CT>TA	2.8004605701426045e-05	3.208803063898813e-05	3.0484339367831127e-05	3.1478113669436425e-05	5.120959103805944e-05	6.298313892330042e-05	7.936958863865584e-05
CT>TC	2.8004605701426045e-05	3.208803063898813e-05	3.0484339367831127e-05	3.1478113669436425e-05	5.120959103805944e-05	6.298313892330042e-05	7.936958863865584e-05
CT>TG	2.8004605701426045e-05	3.208803063898813e-05	3.0484339367831127e-05	3.1478113669436425e-05	5.120959103805944e-05	6.298313892330042e-05	7.936958863865584e-05
GC>AA	0.27105598731941427	1.653427700124893e-05	1.5992310181900393e-05	0.11697811302146874	3.300341286376352e-05	4.3557757746937045e-05	4.180153855486424e-05
GC>AG	2.8004605701426045e-05	3.208803063898813e-05	3.0484339367831127e-05	3.1478113669436425e-05	5.120959103805944e-05	6.298313892330042e-05	7.936958863865584e-05
GC>AT	2.8004605701426045e-05	3.208803063898813e-05	3.0484339367831127e-05	3.1478113669436425e-05	5.120959103805944e-05	6.298313892330042e-05	7.936958863865584e-05
GC>CA	2.8004605701426045e-05	3.208803063898813e-05	3.0484339367831127e-05	3.1478113669436425e-05	5.120959103805944e-05	6.298313892330042e-05	7.936958863865584e-05
GC>CG	2.8004605701426045e-05	3.208803063898813e-05	3.0484339367831127e-05	3.1478113669436425e-05	5.120959103805944e-05	6.298313892330042e-05	7.936958863865584e-05
GC>TA	2.8004605701426045e-05	3.208803063898813e-05	3.0484339367831127e-05	3.1478113669436425e-05	5.120959103805944e-05	6.298313892330042e-05	7.936958863865584e-05
TA>AT	1.4034815982019722e-05	1.884670515437392e-05	1.8873299359256636e-05	2.013657167481142e-05	0.13953537999550464	5.176483782634023e-05	0.03320431327665574
TA>CG	2.8004605701426045e-05	3.208803063898813e-05	3.0484339367831127e-05	3.1478113669436425e-05	5.120959103805944e-05	6.298313892330042e-05	7.936958863865584e-05
TA>CT	2.8004605701426045e-05	3.208803063898813e-05	3.0484339367831127e-05	3.1478113669436425e-05	5.120959103805944e-05	6.298313892330042e-05	7.936958863865584e-05
TA>GC	2.8004605701426045e-05	3.208803063898813e-05	3.0484339367831127e-05	3.1478113669436425e-05	5.120959103805944e-05	6.298313892330042e-05	7.936958863865584e-05
TA>GG	2.8004605701426045e-05	3.208803063898813e-05	3.0484339367831127e-05	3.1478113669436425e-05	5.120959103805944e-05	6.298313892330042e-05	7.936958863865584e-05
TA>GT	1.9487870980583465e-05	1.972661466758422e-05	0.1739867420095834	1.3395141469763062e-05	3.3592740760007844e-05	5.521446801139973e-05	5.8903853641822934e-05
TC>AA	1.7981957110357884e-05	0.10694327015589807	1.8071788872475736e-05	1.8611473569762894e-05	0.019072557151230286	5.638973161694594e-05	6.351835691020824e-05
TC>AG	2.8004605701426045e-05	3.208803063898813e-05	3.0484339367831127e-05	3.1478113669436425e-05	5.120959103805944e-05	6.298313892330042e-05	7.936958863865584e-05
TC>AT	0.4405128598985703	0.02854073090554724	0.02219034763693344	0.03634731891215779	0.04985355113822152	0.033327090021703046	3.9618414302822205e-05
TC>CA	2.8004605701426045e-05	3.208803063898813e-05	3.0484339367831127e-05	3.1478113669436425e-05	5.120959103805944e-05	6.298313892330042e-05	7.936958863865584e-05
TC>CG	2.8004605701426045e-05	3.208803063898813e-05	3.0484339367831127e-05	3.1478113669436425e-05	5.120959103805944e-05	6.298313892330042e-05	7.936958863865584e-05
TC>CT	2.8004605701426045e-05	3.208803063898813e-05	3.0484339367831127e-05	3.1478113669436425e-05	5.120959103805944e-05	6.298313892330042e-05	7.936958863865584e-05
TC>GA	2.8004605701426045e-05	3.208803063898813e-05	3.0484339367831127e-05	3.1478113669436425e-05	5.120959103805944e-05	6.298313892330042e-05	7.936958863865584e-05
TC>GG	2.8004605701426045e-05	3.208803063898813e-05	3.0484339367831127e-05	3.1478113669436425e-05	5.120959103805944e-05	6.298313892330042e-05	7.936958863865584e-05
TC>GT	1.8985093902301742e-05	0.035164369949416144	1.52745784362196e-05	9.662629599915817e-06	0.039871873442461944	0.07972200210679148	0.03983260194363538
TG>AA	2.8004605701426045e-05	3.208803063898813e-05	3.0484339367831127e-05	3.1478113669436425e-05	5.120959103805944e-05	6.298313892330042e-05	7.936958863865584e-05
TG>AC	2.8004605701426045e-05	3.208803063898813e-05	3.0484339367831127e-05	3.1478113669436425e-05	5.120959103805944e-05	6.298313892330042e-05	7.936958863865584e-05
TG>AT	1.9682595443093475e-05	0.04992746243333386	2.626316581881838e-05	2.527181786717847e-05	0.019073871364525985	5.6432301789755e-05	6.968544403207488e-05
TG>CA	2.8004605701426045e-05	3.208803063898813e-05	3.0484339367831127e-05	3.1478113669436425e-05	5.120959103805944e-05	6.298313892330042e-05	7.936958863865584e-05
TG>CC	4.6118821351637255e-06	8.947997621718583e-06	6.548479924449896e-06	7.5704730306824786e-06	2.5171528727696567e-05	0.3577087523485233	0.12311835621335376
TG>CT	1.2413491457673719e-05	9.631377571002117e-06	1.3515438280364833e-05	1.1960183812823045e-05	0.17919372882816767	1.862721515664134e-05	0.15632289622856205
TG>GA	1.5756073175982044e-05	1.203389623753992e-05	0.07047623853468821	1.3631895654953041e-05	3.084745655996812e-05	0.1591639831158882	4.608677675150829e-05
TG>GC	2.2368429472408025e-05	2.1482870488398474e-05	0.022195693112286818	1.0814948537818391e-05	0.09962642012833385	4.2667692287068346e-05	0.0995698058650305
TG>GT	2.8004605701426045e-05	3.208803063898813e-05	3.0484339367831127e-05	3.1478113669436425e-05	5.120959103805944e-05	6.298313892330042e-05	7.936958863865584e-05
TT>AA	2.40667155594565e-05	2.711977758735884e-05	2.5880714747472667e-05	0.09078380427599768	4.9781708366936075e-05	5.416043131845072e-05	6.889696524012834e-05
TT>AC	2.8004605701426045e-05	3.208803063898813e-05	3.0484339367831127e-05	3.1478113669436425e-05	5.120959103805944e-05	6.298313892330042e-05	7.936958863865584e-05
TT>AG	2.8004605701426045e-05	3.208803063898813e-05	3.0484339367831127e-05	3.1478113669436425e-05	5.120959103805944e-05	6.298313892330042e-05	7.936958863865584e-05
TT>CA	2.8004605701426045e-05	3.208803063898813e-05	3.0484339367831127e-05	3.1478113669436425e-05	5.120959103805944e-05	6.298313892330042e-05	7.936958863865584e-05
TT>CC	2.8004605701426045e-05	3.208803063898813e-05	3.0484339367831127e-05	3.1478113669436425e-05	5.120959103805944e-05	6.298313892330042e-05	7.936958863865584e-05
TT>CG	2.8004605701426045e-05	3.208803063898813e-05	3.0484339367831127e-05	3.1478113669436425e-05	5.120959103805944e-05	6.298313892330042e-05	7.936958863865584e-05
TT>GA	2.8004605701426045e-05	3.208803063898813e-05	3.0484339367831127e-05	3.1478113669436425e-05	5.120959103805944e-05	6.298313892330042e-05	7.936958863865584e-05
TT>GC	2.8004605701426045e-05	3.208803063898813e-05	3.0484339367831127e-05	3.1478113669436425e-05	5.120959103805944e-05	6.298313892330042e-05	7.936958863865584e-05
TT>GG	2.8004605701426045e-05	3.208803063898813e-05	3.0484339367831127e-05	3.1478113669436425e-05	5.120959103805944e-05	6.298313892330042e-05	7.936958863865584e-05
