Samples	SBS96A	SBS96B	SBS96C	SBS96D	SBS96E	SBS96F	SBS96G	SBS96H	SBS96I	SBS96J	SBS96K	SBS96L	SBS96M
TCGA-3C-AAAU-01	1	2	0	11	14	8	0	0	1	2	0	7	0
TCGA-3C-AALI-01	182	233	150	105	16	0	0	0	94	0	8	0	20
TCGA-3C-AALJ-01	1	3	11	0	5	0	0	5	4	7	8	20	2
TCGA-3C-AALK-01	5	5	0	3	10	2	4	10	2	10	4	1	8
TCGA-4H-AAAK-01	0	0	0	0	5	3	0	2	10	8	0	5	0
TCGA-5L-AAT0-01	57	41	31	66	2	0	0	0	27	0	55	0	0
TCGA-5L-AAT1-01	518	431	357	372	0	0	0	0	155	0	113	0	40
TCGA-5T-A9QA-01	1	0	0	3	17	2	3	9	0	7	9	0	2
TCGA-A1-A0SB-01	0	0	0	2	1	3	0	7	1	2	0	0	0
TCGA-A1-A0SD-01	1	0	2	2	6	2	0	16	3	0	0	8	0
TCGA-A1-A0SE-01	2	0	0	6	2	3	0	0	4	3	5	5	6
TCGA-A1-A0SF-01	21	4	2	17	7	0	0	0	2	0	11	0	0
TCGA-A1-A0SG-01	0	1	0	5	5	2	0	6	8	1	1	6	0
TCGA-A1-A0SH-01	29	20	20	15	9	3	1	0	0	0	28	0	13
TCGA-A1-A0SI-01	59	76	68	46	4	0	0	0	15	0	10	0	0
TCGA-A1-A0SJ-01	4	5	0	3	12	2	4	0	0	4	1	2	3
TCGA-A1-A0SK-01	1	0	6	1	7	0	24	28	4	0	4	6	3
TCGA-A1-A0SM-01	0	0	0	0	7	6	0	0	9	0	3	1	6
TCGA-A1-A0SN-01	5	15	2	6	11	0	7	0	11	7	5	6	1
TCGA-A1-A0SO-01	9	12	7	21	3	10	86	34	6	21	2	81	61
TCGA-A1-A0SP-01	1	0	2	0	11	2	15	0	0	15	24	0	0
TCGA-A2-A04N-01	4	1	0	1	7	3	0	5	11	0	4	15	2
TCGA-A2-A04R-01	1	6	2	9	6	4	21	8	3	9	0	12	21
TCGA-A2-A04U-01	0	0	8	2	6	6	17	17	6	0	5	0	0
TCGA-A2-A04W-01	29	30	52	25	10	7	0	0	21	0	13	0	0
TCGA-A2-A0CK-01	3	0	0	4	8	1	0	8	0	0	1	2	0
TCGA-A2-A0CL-01	45	42	47	26	16	0	0	8	16	0	0	0	0
TCGA-A2-A0CR-01	65	52	32	25	1	0	0	2	10	0	23	0	0
TCGA-A2-A0CS-01	1	0	0	0	14	3	2	7	3	4	0	11	3
TCGA-A2-A0CV-01	0	2	0	0	8	2	1	0	5	1	0	4	1
TCGA-A2-A0CW-01	12	12	0	3	9	0	4	13	7	0	12	0	12
TCGA-A2-A0D3-01	1	0	0	0	19	1	0	0	3	0	3	2	3
TCGA-A2-A0EN-01	1	0	0	0	2	3	0	13	4	1	5	10	0
TCGA-A2-A0EP-01	1	3	1	2	0	3	0	2	0	2	2	0	0
TCGA-A2-A0ES-01	0	0	0	0	1	0	0	2	2	4	7	3	0
TCGA-A2-A0EW-01	0	2	0	2	4	5	3	1	1	0	0	2	0
TCGA-A2-A0ST-01	1	1	2	4	2	4	0	11	1	0	0	2	0
TCGA-A2-A0SU-01	1	0	3	0	6	0	4	0	0	7	2	11	1
TCGA-A2-A0SX-01	3	3	0	0	7	4	0	0	0	2	9	0	13
TCGA-A2-A0SY-01	32	49	20	21	5	0	0	6	19	0	25	0	0
TCGA-A2-A0T0-01	9	12	6	0	7	35	72	7	6	15	19	2	27
TCGA-A2-A0T1-01	0	0	0	2	3	5	0	11	5	4	2	0	0
TCGA-A2-A0T3-01	1	0	2	0	11	0	1	0	3	0	2	8	16
TCGA-A2-A0T4-01	3	6	0	0	9	3	13	0	0	5	0	2	0
TCGA-A2-A0T5-01	1	0	0	0	5	0	0	3	1	0	0	3	0
TCGA-A2-A0T6-01	3	0	0	0	11	0	1	7	3	1	2	0	0
TCGA-A2-A0T7-01	2	0	0	1	7	3	5	4	4	0	0	3	0
TCGA-A2-A0YC-01	4	1	0	0	8	0	11	0	1	2	2	0	3
TCGA-A2-A0YD-01	19	12	13	3	4	0	0	8	20	0	8	0	0
TCGA-A2-A0YE-01	5	0	0	3	12	1	0	1	2	0	4	0	15
TCGA-A2-A0YF-01	1	0	0	2	8	1	0	0	1	0	6	6	14
TCGA-A2-A0YG-01	5	1	0	7	11	6	6	10	5	2	10	15	0
TCGA-A2-A0YH-01	12	23	11	10	3	0	0	18	6	5	6	0	6
TCGA-A2-A0YI-01	0	2	0	0	1	2	0	3	2	0	6	0	2
TCGA-A2-A0YJ-01	1	6	0	2	18	8	28	12	6	6	0	4	7
TCGA-A2-A0YK-01	127	150	89	71	0	0	0	0	26	0	15	0	0
TCGA-A2-A0YL-01	10	9	0	0	1	0	0	5	0	1	17	0	0
TCGA-A2-A0YM-01	10	10	18	18	23	7	6	4	8	0	0	0	5
TCGA-A2-A0YT-01	11	2	0	6	15	4	12	0	17	1	8	0	5
TCGA-A2-A1FV-01	6	0	0	0	7	4	6	15	2	0	10	0	0
TCGA-A2-A1FW-01	1	4	4	0	12	4	0	19	7	8	24	0	12
TCGA-A2-A1FX-01	0	0	0	2	7	1	1	0	3	0	5	4	5
TCGA-A2-A1FZ-01	0	0	2	4	5	6	0	8	0	0	0	3	1
TCGA-A2-A1G0-01	2	0	0	0	0	0	0	5	3	0	1	12	0
TCGA-A2-A1G1-01	3	0	0	2	1	0	9	10	1	5	2	0	6
TCGA-A2-A1G6-01	0	1	0	0	1	0	3	2	0	3	0	0	0
TCGA-A2-A259-01	1	0	3	6	2	0	0	4	2	2	4	5	0
TCGA-A2-A25A-01	31	28	1	25	7	0	10	9	0	2	15	0	1
TCGA-A2-A25B-01	3	1	8	11	10	4	33	0	7	16	14	9	12
TCGA-A2-A25C-01	1	1	0	1	0	9	1	3	0	1	8	1	13
TCGA-A2-A25D-01	4	4	1	3	4	2	0	6	2	11	4	23	0
TCGA-A2-A25E-01	4	0	5	3	1	4	20	5	2	14	0	3	0
TCGA-A2-A25F-01	0	0	0	0	0	0	1	0	0	0	0	5	0
TCGA-A2-A3KD-01	1	0	0	1	4	2	0	8	0	0	2	0	0
TCGA-A2-A3XT-01	4	16	19	0	0	11	28	14	0	7	1	22	0
TCGA-A2-A3XU-01	1	0	0	0	9	5	2	5	1	0	0	8	0
TCGA-A2-A3XV-01	0	0	0	0	6	6	0	1	5	12	5	13	0
TCGA-A2-A3XW-01	1	0	0	0	3	3	5	0	3	0	2	0	0
TCGA-A2-A3XX-01	3	0	2	1	7	2	17	6	6	6	0	2	0
TCGA-A2-A3XZ-01	6	10	6	2	6	1	1	5	8	1	6	0	0
TCGA-A2-A3Y0-01	9	36	8	0	16	29	59	5	6	12	10	53	0
TCGA-A2-A4S1-01	4	3	0	1	18	10	13	0	0	5	2	14	28
TCGA-A2-A4S2-01	6	0	0	0	5	5	1	8	0	5	1	12	0
TCGA-A2-A4S3-01	5	3	13	8	11	8	11	17	3	12	2	0	14
TCGA-A7-A0CE-01	3	1	2	4	4	7	15	4	0	4	13	0	4
TCGA-A7-A0CH-01	0	0	0	2	2	1	1	0	1	0	3	7	0
TCGA-A7-A0D9-01	1	1	0	1	1	1	0	2	0	0	5	0	0
TCGA-A7-A0DA-01	8	12	0	1	9	11	68	3	9	2	7	50	7
TCGA-A7-A0DB-01	8	10	0	7	8	4	0	10	1	0	0	2	3
TCGA-A7-A13D-01	4	7	15	5	12	6	45	9	4	8	16	9	0
TCGA-A7-A13E-01	0	3	4	4	23	1	4	26	2	7	6	0	0
TCGA-A7-A13F-01	0	2	5	5	12	2	0	2	8	5	0	1	3
TCGA-A7-A13G-01	7	2	0	0	8	2	4	0	0	4	0	4	1
TCGA-A7-A26E-01	13	3	0	5	10	3	0	12	15	0	3	3	0
TCGA-A7-A26F-01	2	0	3	3	3	0	2	21	6	0	0	3	3
TCGA-A7-A26G-01	8	3	9	0	5	2	12	0	3	5	7	6	8
TCGA-A7-A26H-01	23	32	18	20	18	0	0	15	4	0	11	0	9
TCGA-A7-A26I-01	4	1	2	1	3	4	7	4	3	0	9	7	1
TCGA-A7-A26J-01	0	0	5	9	2	0	3	12	0	0	0	6	5
TCGA-A7-A2KD-01	5	1	2	0	18	2	3	0	4	4	9	7	0
TCGA-A7-A3RF-01	3	0	0	0	1	4	1	17	0	2	0	6	6
TCGA-A7-A425-01	0	0	0	2	7	2	0	13	0	0	6	0	3
TCGA-A7-A4SC-01	1	0	0	2	9	0	0	0	4	0	4	12	6
TCGA-A7-A4SD-01	1	0	3	0	19	8	7	11	7	0	0	0	6
TCGA-A7-A4SE-01	10	25	8	8	0	6	38	12	0	21	10	4	4
TCGA-A7-A56D-01	45	31	20	33	23	0	12	5	16	15	14	0	11
TCGA-A7-A5ZV-01	6	21	15	10	30	27	73	5	9	0	10	46	16
TCGA-A7-A5ZW-01	4	5	3	0	2	6	0	9	4	1	0	0	2
TCGA-A7-A5ZX-01	3	0	0	6	4	4	9	0	6	2	4	1	3
TCGA-A7-A6VV-01	1	5	6	3	12	3	1	12	0	0	5	16	0
TCGA-A7-A6VW-01	4	3	4	0	2	14	20	17	5	0	9	14	0
TCGA-A7-A6VX-01	20	2	22	15	2	10	29	14	2	16	16	23	6
TCGA-A7-A6VY-01	4	11	7	13	5	8	48	4	4	20	5	7	0
TCGA-A8-A075-01	10	11	0	13	6	1	13	9	0	2	20	15	0
TCGA-AC-A23C-01	24	13	18	14	9	14	2	1	5	14	14	0	17
TCGA-AC-A23E-01	0	0	0	0	10	0	3	0	3	0	0	5	3
TCGA-AC-A23H-01	1722	1818	1546	713	0	0	0	0	285	0	284	0	10
TCGA-AC-A2B8-01	30	30	12	29	5	0	0	7	6	4	0	0	5
TCGA-AC-A2BK-01	0	1	7	0	24	13	35	0	5	10	4	3	8
TCGA-AC-A2BM-01	0	3	0	0	4	0	2	0	2	8	0	4	3
TCGA-AC-A2FB-01	2	0	0	3	2	2	0	1	0	0	0	7	0
TCGA-AC-A2FF-01	0	2	0	6	0	0	0	2	0	0	1	0	0
TCGA-AC-A2FG-01	5	0	5	3	1	1	2	15	4	3	0	0	0
TCGA-AC-A2FK-01	0	0	0	3	0	0	0	0	0	0	0	0	0
TCGA-AC-A2FO-01	3	4	0	11	0	0	0	5	2	0	0	1	1
TCGA-AC-A2QH-01	2	1	0	0	6	0	1	8	0	5	0	0	4
TCGA-AC-A3HN-01	1	2	0	0	6	3	2	0	1	4	3	0	0
TCGA-AC-A3OD-01	6	0	0	4	6	0	0	3	7	8	0	0	5
TCGA-AC-A3QP-01	0	0	2	0	1	5	0	2	5	0	0	20	0
TCGA-AC-A3QQ-01	0	2	0	4	12	0	0	0	0	7	3	8	0
TCGA-AC-A3W5-01	18	40	0	8	12	4	57	0	10	24	22	16	0
TCGA-AC-A3YI-01	0	0	0	2	3	4	0	0	3	0	0	5	1
TCGA-AC-A3YJ-01	2	1	0	3	11	2	0	3	0	0	8	8	0
TCGA-AC-A4ZE-01	7	0	0	0	8	5	8	10	4	17	7	2	6
TCGA-AC-A5EH-01	9	9	11	14	12	14	46	4	6	15	3	42	20
TCGA-AC-A5EI-01	7	0	1	5	5	4	1	12	4	0	0	2	2
TCGA-AC-A5XS-01	152	139	167	133	0	0	0	0	50	0	74	0	0
TCGA-AC-A5XU-01	7	3	7	22	37	4	1	10	1	5	5	0	11
TCGA-AC-A62V-01	2	5	2	3	35	3	20	0	3	16	11	0	6
TCGA-AC-A62X-01	0	3	0	6	39	8	0	6	2	0	3	0	20
TCGA-AC-A62Y-01	10	17	0	11	10	9	7	18	2	5	0	0	0
TCGA-AC-A6IV-01	0	0	0	2	2	0	0	5	6	4	0	8	0
TCGA-AC-A6IW-01	22	38	44	20	27	5	12	0	4	15	28	16	0
TCGA-AC-A6IX-01	16	3	9	9	8	5	0	5	1	9	6	0	0
TCGA-AC-A6NO-01	1	0	2	1	3	3	0	15	2	9	7	0	0
TCGA-AC-A7VB-01	0	0	0	2	10	1	0	8	0	9	0	3	2
TCGA-AC-A7VC-01	0	0	0	0	5	1	0	6	5	4	2	3	0
TCGA-AC-A8OP-01	8	12	8	11	34	23	46	15	20	22	13	0	32
TCGA-AC-A8OQ-01	13	3	1	3	13	0	7	37	15	20	12	0	13
TCGA-AC-A8OR-01	1	0	0	0	9	1	3	0	0	7	0	8	3
TCGA-AC-A8OS-01	10	3	3	6	6	10	9	15	1	0	6	10	0
TCGA-AN-A0XL-01	0	0	0	4	6	5	0	6	2	0	5	1	11
TCGA-AN-A0XN-01	2	10	10	6	6	23	35	12	6	16	13	18	18
TCGA-AN-A0XO-01	5	1	2	3	1	9	3	4	8	1	6	0	0
TCGA-AN-A0XP-01	4	3	0	0	5	7	1	0	1	3	2	4	4
TCGA-AN-A0XR-01	4	1	2	1	4	0	2	7	0	6	2	9	0
TCGA-AN-A0XS-01	5	0	0	0	2	0	1	0	6	11	0	4	3
TCGA-AN-A0XT-01	0	0	2	2	5	0	0	8	1	1	0	3	0
TCGA-AN-A0XU-01	5	15	0	3	1	3	32	22	6	13	0	16	21
TCGA-AN-A0XV-01	0	0	13	0	8	6	5	0	4	3	5	0	0
TCGA-AN-A0XW-01	112	122	127	44	3	0	0	0	4	0	11	0	0
TCGA-AO-A03M-01	265	337	307	178	0	0	0	0	43	0	20	0	0
TCGA-AO-A03N-01	23	26	17	34	11	0	0	5	6	8	0	0	4
TCGA-AO-A03U-01	0	1	0	3	0	0	0	0	0	0	0	0	1
TCGA-AO-A03V-01	5	0	19	7	2	0	0	9	4	5	14	0	7
TCGA-AO-A0JG-01	1	0	0	0	0	3	4	0	0	2	6	0	5
TCGA-AO-A124-01	1	8	0	11	10	12	47	11	7	6	8	34	23
TCGA-AO-A125-01	3	2	0	1	11	1	4	3	6	4	0	10	0
TCGA-AO-A126-01	3	0	0	0	0	0	0	15	5	0	0	0	2
TCGA-AO-A128-01	13	13	3	13	310	429	0	140	50	239	0	0	0
TCGA-AO-A129-01	10	16	10	6	5	15	20	22	0	1	8	24	7
TCGA-AO-A12A-01	4	0	0	1	8	1	0	0	0	0	0	3	2
TCGA-AO-A12B-01	1	0	0	0	8	2	7	5	0	0	0	0	0
TCGA-AO-A12D-01	14	5	6	8	4	0	0	5	13	0	16	0	2
TCGA-AO-A12E-01	1	0	2	0	10	1	2	4	3	1	9	0	0
TCGA-AO-A12F-01	0	0	0	0	16	2	6	0	3	7	0	0	6
TCGA-AO-A12G-01	2	3	1	5	4	3	0	20	0	3	1	0	0
TCGA-AO-A12H-01	0	0	0	2	2	1	1	13	3	3	5	0	0
TCGA-AO-A1KO-01	0	0	0	0	0	3	4	0	2	1	0	0	0
TCGA-AO-A1KR-01	5	5	6	0	7	7	22	6	5	2	0	24	0
TCGA-AO-A1KT-01	3	0	0	1	10	13	4	4	5	0	0	11	0
TCGA-AQ-A04H-01	2	4	0	0	25	5	3	21	7	6	3	0	5
TCGA-AQ-A0Y5-01	7	9	2	2	15	4	11	7	9	0	4	0	0
TCGA-AQ-A1H2-01	1	0	0	2	7	3	3	8	5	2	0	0	3
TCGA-AQ-A1H3-01	0	0	0	0	15	0	2	10	0	0	0	0	0
TCGA-AQ-A54O-01	4	0	0	0	9	1	4	0	0	2	0	2	3
TCGA-AQ-A7U7-01	25	21	7	7	3	1	0	6	13	11	2	0	0
TCGA-AR-A0TP-01	4	5	0	0	0	10	19	10	1	3	6	13	0
TCGA-AR-A0TQ-01	8	1	0	7	8	0	3	1	2	5	6	0	8
TCGA-AR-A0TR-01	1	0	3	0	10	6	1	0	5	6	10	0	0
TCGA-AR-A0TS-01	5	8	0	0	16	4	14	0	0	0	13	22	8
TCGA-AR-A0TT-01	7	5	1	5	14	8	2	0	6	6	3	18	0
TCGA-AR-A0TU-01	4	7	3	0	5	5	24	16	0	7	7	0	12
TCGA-AR-A0TV-01	3	1	5	6	10	1	7	21	1	10	5	4	5
TCGA-AR-A0TW-01	1	0	6	2	11	1	6	15	6	5	0	0	14
TCGA-AR-A0TX-01	108	105	85	45	0	0	0	0	38	0	26	0	0
TCGA-AR-A0TZ-01	8	12	0	4	6	0	0	5	14	5	0	0	13
TCGA-AR-A0U0-01	1	3	9	6	5	0	0	0	2	5	0	16	3
TCGA-AR-A0U1-01	0	12	1	10	5	20	33	0	0	0	4	12	12
TCGA-AR-A0U2-01	0	0	0	2	17	2	0	1	3	19	2	4	6
TCGA-AR-A0U3-01	0	0	0	0	9	1	0	0	5	8	12	0	5
TCGA-AR-A0U4-01	11	36	6	13	10	11	41	0	4	1	14	16	38
TCGA-AR-A1AH-01	4	6	0	0	7	17	18	8	2	21	0	0	37
TCGA-AR-A1AI-01	2	6	18	5	8	2	2	8	11	15	12	0	0
TCGA-AR-A1AJ-01	12	8	0	5	6	2	0	15	5	0	0	0	0
TCGA-AR-A1AK-01	11	16	1	10	9	1	0	8	8	0	6	2	10
TCGA-AR-A1AL-01	3	3	0	4	6	6	0	0	1	0	2	5	0
TCGA-AR-A1AN-01	0	1	4	3	6	2	1	12	2	0	0	0	0
TCGA-AR-A1AO-01	8	9	12	12	9	6	36	6	9	1	3	4	7
TCGA-AR-A1AP-01	2	1	9	3	12	1	0	6	5	3	9	0	0
TCGA-AR-A1AQ-01	1	1	1	1	9	3	13	0	1	7	2	2	0
TCGA-AR-A1AR-01	2	7	0	3	14	3	1	0	0	0	2	26	5
TCGA-AR-A1AS-01	8	1	2	7	4	0	2	0	4	11	0	2	0
TCGA-AR-A1AT-01	1	1	0	0	7	2	10	0	1	2	0	8	0
TCGA-AR-A1AU-01	0	0	2	3	5	3	3	6	0	0	4	0	0
TCGA-AR-A1AV-01	1	1	0	6	14	4	0	7	3	0	6	5	2
TCGA-AR-A1AW-01	1	2	0	2	8	3	2	0	0	10	3	10	0
TCGA-AR-A1AX-01	0	0	2	4	3	1	0	4	6	0	8	4	0
TCGA-AR-A1AY-01	5	3	4	7	10	3	8	12	3	8	3	0	6
TCGA-AR-A24H-01	6	14	10	4	6	0	45	16	0	11	9	13	18
TCGA-AR-A24K-01	0	0	0	0	1	4	6	10	4	1	3	5	0
TCGA-AR-A24L-01	1	4	5	2	2	2	13	0	0	7	2	12	3
TCGA-AR-A24M-01	1	0	0	0	4	6	2	3	0	2	0	0	7
TCGA-AR-A24N-01	5	0	0	0	10	3	0	8	0	7	11	0	3
TCGA-AR-A24O-01	0	1	0	0	3	1	0	9	0	2	4	0	2
TCGA-AR-A24P-01	0	0	0	0	2	2	1	4	6	2	2	0	0
TCGA-AR-A24Q-01	14	9	20	15	3	10	75	3	3	28	18	1	33
TCGA-AR-A24R-01	1	0	0	0	9	5	1	1	1	1	0	7	0
TCGA-AR-A24S-01	5	4	1	0	11	10	1	10	2	0	11	0	2
TCGA-AR-A24T-01	1	0	2	0	7	0	0	4	3	0	2	0	5
TCGA-AR-A24U-01	6	6	5	7	7	0	0	4	4	0	5	0	0
TCGA-AR-A24V-01	1	2	2	2	7	4	2	0	5	0	0	0	3
TCGA-AR-A24W-01	0	0	0	2	0	0	0	0	2	4	3	3	0
TCGA-AR-A24X-01	0	0	0	0	4	4	0	7	6	0	4	7	2
TCGA-AR-A24Z-01	3	3	0	4	10	0	9	5	2	1	0	19	0
TCGA-AR-A250-01	12	32	21	12	23	1	0	9	17	6	10	12	0
TCGA-AR-A251-01	6	29	3	3	9	14	52	4	0	3	23	52	7
TCGA-AR-A252-01	0	0	0	0	7	3	0	0	0	2	7	0	0
TCGA-AR-A254-01	2	1	0	1	7	0	0	9	6	0	12	0	4
TCGA-AR-A255-01	11	11	10	0	7	6	0	0	10	4	9	0	21
TCGA-AR-A256-01	9	8	17	24	7	11	66	6	5	11	4	50	6
TCGA-AR-A2LE-01	104	73	57	112	1	0	0	0	29	0	18	0	0
TCGA-AR-A2LH-01	14	6	16	15	4	0	0	0	6	0	10	0	0
TCGA-AR-A2LK-01	3	0	0	6	15	5	0	8	1	0	4	6	0
TCGA-AR-A2LL-01	0	0	0	2	6	0	0	19	2	0	2	0	6
TCGA-AR-A2LM-01	0	0	0	2	0	2	3	5	3	0	0	2	0
TCGA-AR-A2LN-01	8	3	2	11	5	3	0	0	5	0	17	0	0
TCGA-AR-A2LO-01	1	0	4	0	3	0	2	1	2	0	3	1	0
TCGA-AR-A2LQ-01	0	0	0	0	3	1	0	1	0	0	0	8	0
TCGA-AR-A2LR-01	1	2	0	2	9	0	1	6	4	6	5	29	5
TCGA-AR-A5QM-01	0	0	0	0	7	2	0	9	3	0	7	6	2
TCGA-AR-A5QN-01	4	0	0	1	13	3	0	0	6	11	7	4	0
TCGA-AR-A5QP-01	3	0	0	1	5	5	0	9	2	2	5	1	1
TCGA-AR-A5QQ-01	4	5	4	6	9	12	21	0	1	11	0	23	0
TCGA-B6-A0I1-01	4	0	3	3	5	0	12	38	7	0	2	0	6
TCGA-B6-A0IH-01	1	0	0	0	12	3	0	0	5	10	8	0	2
TCGA-B6-A0RH-01	6	5	1	7	0	0	3	21	2	0	0	0	0
TCGA-B6-A0RL-01	10	5	0	4	18	1	5	1	6	10	0	8	1
TCGA-B6-A0RM-01	5	0	0	0	8	2	0	7	2	7	4	0	1
TCGA-B6-A0RN-01	1	0	0	2	7	4	3	8	3	4	0	0	1
TCGA-B6-A0RO-01	2	1	0	0	1	3	6	0	8	8	1	13	0
TCGA-B6-A0RP-01	0	0	0	2	6	1	0	0	0	1	6	14	0
TCGA-B6-A0RQ-01	7	3	2	12	6	5	0	4	3	3	4	7	0
TCGA-B6-A0RT-01	2	7	19	1	6	2	11	0	2	0	0	22	0
TCGA-B6-A0RU-01	3	1	0	7	9	10	11	0	8	1	0	0	8
TCGA-B6-A0RV-01	19	13	11	8	1	0	0	12	3	0	0	0	0
TCGA-B6-A0WS-01	1	1	0	2	2	7	0	0	0	0	0	3	2
TCGA-B6-A0WT-01	0	0	0	2	6	5	0	0	4	0	1	0	4
TCGA-B6-A0WV-01	0	5	0	4	0	1	2	10	0	9	6	0	0
TCGA-B6-A0WW-01	5	3	0	5	8	4	0	0	4	0	0	12	6
TCGA-B6-A0WX-01	0	2	0	0	6	5	6	9	5	3	0	3	6
TCGA-B6-A0WY-01	4	1	2	1	4	3	5	1	5	9	0	0	0
TCGA-B6-A0WZ-01	33	10	17	18	2	0	0	0	6	2	5	0	2
TCGA-B6-A0X0-01	1	0	0	2	3	0	0	2	3	0	0	4	10
TCGA-B6-A0X1-01	2	11	4	8	1	10	16	1	8	9	10	12	0
TCGA-B6-A0X4-01	0	0	0	0	3	0	0	0	10	0	5	0	4
TCGA-B6-A0X5-01	2	1	0	3	1	7	0	0	12	1	0	0	21
TCGA-B6-A0X7-01	2	1	0	3	3	0	0	7	2	4	0	1	0
TCGA-B6-A1KN-01	1	3	0	3	8	6	2	7	0	9	13	0	20
TCGA-B6-A2IU-01	10	0	2	0	8	4	0	0	13	7	10	0	0
TCGA-B6-A401-01	0	2	0	0	6	0	0	2	4	7	3	4	0
TCGA-B6-A409-01	2	1	4	1	10	3	0	8	4	0	7	16	0
TCGA-B6-A40B-01	9	1	6	3	10	2	4	0	0	6	18	4	3
TCGA-B6-A40C-01	2	1	0	3	11	1	0	25	0	0	4	0	7
TCGA-BH-A0AU-01	1	0	4	0	3	0	0	7	0	4	2	0	2
TCGA-BH-A0AV-01	2	8	4	3	0	6	16	1	2	12	11	22	0
TCGA-BH-A0AY-01	4	0	3	1	5	0	1	9	9	0	1	3	10
TCGA-BH-A0AZ-01	10	3	10	0	1	4	12	2	1	4	9	2	12
TCGA-BH-A0B0-01	29	17	5	28	4	0	0	0	16	0	0	0	0
TCGA-BH-A0B3-01	1	1	0	1	5	0	7	0	1	0	0	0	2
TCGA-BH-A0B6-01	342	276	281	208	2	0	0	0	82	0	99	0	0
TCGA-BH-A0B7-01	2	5	1	1	9	1	0	0	8	0	4	11	0
TCGA-BH-A0B8-01	2	0	0	8	0	0	2	4	1	8	2	5	2
TCGA-BH-A0BA-01	4	3	0	1	3	2	4	4	1	6	1	0	0
TCGA-BH-A0BC-01	5	3	0	7	8	0	0	9	3	0	0	10	0
TCGA-BH-A0BF-01	1	6	0	0	4	2	0	2	3	3	0	12	0
TCGA-BH-A0BG-01	5	3	0	0	6	2	13	0	0	1	0	15	0
TCGA-BH-A0BJ-01	0	0	0	2	1	1	0	3	1	0	0	7	2
TCGA-BH-A0BL-01	0	3	0	2	8	0	22	10	5	0	0	11	8
TCGA-BH-A0BM-01	2	0	0	0	2	1	0	0	0	0	3	3	8
TCGA-BH-A0BO-01	0	1	6	0	3	9	0	3	3	4	2	0	0
TCGA-BH-A0BP-01	13	28	1	10	22	0	18	9	21	11	31	16	16
TCGA-BH-A0BQ-01	3	0	0	0	6	0	0	2	3	5	0	9	2
TCGA-BH-A0BS-01	1	0	0	0	3	2	1	1	0	0	3	12	0
TCGA-BH-A0BT-01	3	1	0	6	14	5	1	0	4	1	4	9	0
TCGA-BH-A0BV-01	2	0	2	0	1	0	0	5	1	2	10	1	0
TCGA-BH-A0BW-01	8	1	12	0	4	13	18	14	5	14	4	8	2
TCGA-BH-A0BZ-01	9	28	0	10	12	14	85	5	2	39	16	33	43
TCGA-BH-A0C0-01	3	0	3	2	4	8	11	0	3	4	5	0	5
TCGA-BH-A0C1-01	6	0	0	2	10	0	0	3	2	20	0	7	0
TCGA-BH-A0C3-01	0	0	0	0	0	5	1	8	2	0	0	2	0
TCGA-BH-A0C7-01	1	3	0	2	7	1	0	21	4	10	1	4	4
TCGA-BH-A0DD-01	2	3	0	4	12	5	0	4	4	1	0	2	0
TCGA-BH-A0DE-01	1	0	0	3	0	0	1	8	1	3	5	11	0
TCGA-BH-A0DG-01	4	7	2	4	0	3	0	1	10	7	0	3	6
TCGA-BH-A0DH-01	9	0	5	0	10	2	0	8	5	5	8	0	0
TCGA-BH-A0DI-01	7	7	5	4	10	2	4	5	0	0	9	0	9
TCGA-BH-A0DK-01	3	1	2	1	5	6	1	9	1	0	4	0	20
TCGA-BH-A0DL-01	11	1	8	0	17	5	1	0	4	9	3	2	4
TCGA-BH-A0DO-01	3	3	0	0	3	1	3	0	7	5	1	4	0
TCGA-BH-A0DP-01	2	0	0	3	2	1	5	0	1	0	0	5	0
TCGA-BH-A0DQ-01	1	1	0	0	8	1	0	1	1	10	0	11	1
TCGA-BH-A0DT-01	2	0	0	0	2	0	2	5	0	2	2	0	0
TCGA-BH-A0DV-01	3	0	0	0	0	0	0	0	0	4	3	5	0
TCGA-BH-A0DX-01	21	9	6	5	4	0	0	14	6	0	4	2	6
TCGA-BH-A0DZ-01	48	64	44	47	0	0	0	0	14	0	0	0	0
TCGA-BH-A0E0-01	0	2	0	2	7	1	2	5	3	0	2	0	0
TCGA-BH-A0E1-01	1	4	0	1	1	0	0	8	4	0	0	0	0
TCGA-BH-A0E9-01	1	0	0	0	11	2	6	0	1	1	6	0	0
TCGA-BH-A0EA-01	2	1	0	0	3	0	0	3	5	12	5	1	0
TCGA-BH-A0EI-01	0	0	0	4	5	4	0	2	1	1	0	6	1
TCGA-BH-A0H3-01	1	0	0	0	0	0	0	10	0	0	6	0	0
TCGA-BH-A0H5-01	41	37	27	35	0	0	0	0	17	0	12	0	0
TCGA-BH-A0H7-01	1	1	3	0	1	3	0	6	1	0	1	0	0
TCGA-BH-A0H9-01	3	0	0	0	0	3	5	3	1	0	5	3	0
TCGA-BH-A0HA-01	14	11	4	15	73	118	0	60	13	74	0	0	0
TCGA-BH-A0HI-01	4	1	0	3	6	1	0	6	2	0	1	1	10
TCGA-BH-A0HK-01	14	6	3	16	8	0	0	2	6	5	1	2	0
TCGA-BH-A0HN-01	2	0	3	4	8	0	2	3	6	0	0	6	0
TCGA-BH-A0HP-01	82	85	77	99	5	0	0	0	9	0	0	0	0
TCGA-BH-A0RX-01	2	1	0	1	19	4	5	7	10	0	0	0	0
TCGA-BH-A0W3-01	2	2	0	0	4	1	3	1	0	0	0	10	0
TCGA-BH-A0W4-01	4	2	2	1	1	5	2	7	8	0	7	0	0
TCGA-BH-A0W5-01	0	0	2	0	8	4	1	1	3	0	0	8	2
TCGA-BH-A0W7-01	72	67	64	43	1	0	0	0	14	0	0	0	0
TCGA-BH-A0WA-01	7	7	0	16	5	7	29	9	0	6	12	8	7
TCGA-BH-A18F-01	9	2	0	14	5	0	0	16	8	2	0	7	4
TCGA-BH-A18G-01	11	7	0	1	326	591	0	106	64	562	0	0	0
TCGA-BH-A18H-01	4	3	3	7	0	4	0	4	1	14	9	5	0
TCGA-BH-A18I-01	2	2	0	3	13	1	0	0	6	0	0	0	4
TCGA-BH-A18J-01	38	18	16	8	6	5	0	0	2	7	1	0	10
TCGA-BH-A18K-01	11	7	10	0	4	6	3	0	6	0	16	5	0
TCGA-BH-A18L-01	0	3	0	2	17	5	1	8	5	5	9	0	10
TCGA-BH-A18M-01	1	2	2	2	6	0	0	0	1	1	3	0	0
TCGA-BH-A18N-01	0	0	3	0	11	11	6	7	3	0	0	2	0
TCGA-BH-A18P-01	114	105	55	81	6	0	0	0	36	0	41	0	0
TCGA-BH-A18Q-01	1	5	6	7	0	2	25	10	0	10	6	25	10
TCGA-BH-A18R-01	2	0	5	6	0	3	14	7	0	0	1	2	2
TCGA-BH-A18S-01	0	3	0	0	1	9	5	1	4	5	3	0	6
TCGA-BH-A18T-01	5	6	10	0	3	3	43	5	3	16	8	0	0
TCGA-BH-A18U-01	34	21	14	28	20	5	7	11	6	9	0	20	3
TCGA-BH-A18V-01	20	42	41	22	0	12	48	8	1	0	13	0	43
TCGA-BH-A1EO-01	5	0	0	0	20	0	3	8	5	0	0	9	0
TCGA-BH-A1ET-01	1	0	0	0	7	4	2	1	2	5	0	6	5
TCGA-BH-A1EU-01	0	1	0	6	2	7	0	13	0	0	0	4	1
TCGA-BH-A1EV-01	20	22	17	17	16	6	4	0	15	0	12	0	0
TCGA-BH-A1EW-01	1	0	0	7	1	2	0	2	2	1	4	1	0
TCGA-BH-A1EX-01	0	0	0	2	6	6	5	1	8	0	0	7	0
TCGA-BH-A1EY-01	4	5	10	1	5	6	5	4	8	4	3	0	0
TCGA-BH-A1F0-01	1	8	18	6	7	4	0	0	6	0	14	26	5
TCGA-BH-A1F2-01	7	3	7	7	19	3	0	1	3	2	3	8	8
TCGA-BH-A1F5-01	3	0	0	4	9	0	0	6	5	0	2	11	4
TCGA-BH-A1F6-01	3	1	5	1	9	3	10	7	1	8	5	0	0
TCGA-BH-A1F8-01	53	30	25	34	10	0	0	6	12	2	6	2	12
TCGA-BH-A1FC-01	12	18	4	8	12	10	15	21	6	9	6	0	9
TCGA-BH-A1FE-01	2	0	2	3	3	0	0	0	2	1	0	11	2
TCGA-BH-A1FG-01	0	0	3	2	4	1	1	4	1	4	0	1	0
TCGA-BH-A1FH-01	1	1	0	5	2	0	0	18	0	0	6	0	0
TCGA-BH-A1FJ-01	1	0	0	7	7	0	0	15	0	2	1	12	0
TCGA-BH-A1FL-01	1	0	0	2	6	3	0	0	3	2	2	7	0
TCGA-BH-A1FM-01	8	5	6	5	11	0	5	7	12	3	0	0	0
TCGA-BH-A1FN-01	29	29	20	0	4	4	6	2	2	1	13	25	11
TCGA-BH-A1FR-01	0	1	0	2	4	2	5	1	1	1	0	0	0
TCGA-BH-A1FU-01	4	10	9	6	6	21	9	7	9	9	10	12	6
TCGA-BH-A201-01	1	0	0	4	3	8	2	0	2	0	0	0	7
TCGA-BH-A202-01	2	0	0	0	5	3	5	2	1	0	0	0	10
TCGA-BH-A203-01	10	11	1	1	22	3	5	18	16	7	3	2	0
TCGA-BH-A204-01	1	5	0	4	7	4	0	4	4	5	5	8	5
TCGA-BH-A208-01	12	16	5	7	8	1	4	7	5	0	11	6	0
TCGA-BH-A209-01	22	31	34	16	1	0	0	0	9	1	5	0	0
TCGA-BH-A28Q-01	1	1	0	2	9	0	1	0	1	5	0	6	0
TCGA-BH-A2L8-01	185	159	116	84	0	0	0	0	28	0	56	0	0
TCGA-BH-A42U-01	7	3	0	3	0	0	0	6	4	0	9	0	0
TCGA-BH-A42V-01	16	13	3	9	3	0	0	4	7	0	0	0	0
TCGA-BH-A5IZ-01	4	2	7	7	8	6	13	17	0	0	16	0	16
TCGA-BH-A5J0-01	25	6	13	23	11	4	0	0	12	3	0	5	0
TCGA-BH-A6R8-01	1	2	1	6	6	1	2	12	3	3	0	0	0
TCGA-BH-A6R9-01	0	0	0	0	4	1	9	0	4	0	6	0	1
TCGA-BH-A8FY-01	1	5	0	6	3	1	9	3	0	9	16	3	0
TCGA-BH-A8FZ-01	7	6	0	3	10	13	25	3	2	11	0	1	10
TCGA-BH-A8G0-01	0	0	0	2	6	4	1	0	3	1	0	0	0
TCGA-BH-AB28-01	4	0	0	1	11	3	0	1	3	14	4	0	2
TCGA-C8-A12K-01	11	42	6	13	4	9	38	14	0	8	7	12	9
TCGA-C8-A12L-01	2	4	1	1	4	0	22	9	5	21	1	13	6
TCGA-C8-A12M-01	0	1	2	0	12	4	12	12	13	13	13	0	0
TCGA-C8-A12N-01	1	3	0	0	8	4	2	5	0	0	0	0	4
TCGA-C8-A12O-01	1	2	0	4	14	0	2	16	6	0	4	0	0
TCGA-C8-A12P-01	36	41	22	28	16	9	3	6	17	4	7	0	13
TCGA-C8-A12Q-01	27	18	29	16	4	6	0	0	18	2	12	0	7
TCGA-C8-A12T-01	49	56	38	23	3	0	0	17	9	3	16	0	0
TCGA-C8-A12U-01	4	3	4	1	16	0	5	7	0	2	2	17	0
TCGA-C8-A12V-01	1	1	5	2	0	5	11	13	3	8	0	3	0
TCGA-C8-A12W-01	1	3	1	1	21	6	4	29	11	0	0	0	0
TCGA-C8-A12X-01	0	0	6	2	22	5	0	0	6	3	10	7	4
TCGA-C8-A12Y-01	1	0	2	2	13	9	0	5	2	10	0	0	2
TCGA-C8-A12Z-01	6	8	4	6	10	1	1	5	3	4	13	0	0
TCGA-C8-A130-01	2	3	1	1	15	7	1	12	9	0	0	3	0
TCGA-C8-A131-01	5	0	0	5	8	4	7	0	11	13	8	7	6
TCGA-C8-A132-01	7	16	13	7	2	1	8	20	2	5	3	0	0
TCGA-C8-A133-01	4	0	0	0	0	3	0	2	3	1	7	6	7
TCGA-C8-A134-01	1	7	0	1	3	6	36	7	3	10	0	26	17
TCGA-C8-A135-01	4	3	4	0	20	5	0	10	7	13	0	0	11
TCGA-C8-A137-01	6	9	8	11	1	0	0	14	9	0	4	0	0
TCGA-C8-A138-01	0	0	0	0	8	4	0	9	2	0	14	0	15
TCGA-C8-A1HE-01	13	7	2	5	6	2	0	0	4	0	6	9	0
TCGA-C8-A1HF-01	7	3	4	3	5	2	0	0	3	3	5	4	0
TCGA-C8-A1HG-01	2	3	0	6	22	8	8	1	5	3	7	0	4
TCGA-C8-A1HI-01	6	7	2	4	3	0	1	36	1	9	2	0	1
TCGA-C8-A1HJ-01	2	9	6	1	7	15	48	6	3	9	0	7	11
TCGA-C8-A1HK-01	6	13	11	0	6	1	5	0	10	12	0	8	1
TCGA-C8-A1HL-01	0	0	0	2	7	1	0	0	1	9	2	11	4
TCGA-C8-A1HM-01	75	145	95	70	14	0	0	4	19	4	19	0	3
TCGA-C8-A1HN-01	3	1	0	3	14	5	6	14	2	0	8	3	11
TCGA-C8-A1HO-01	6	1	5	5	3	0	0	9	2	6	0	4	8
TCGA-C8-A26V-01	16	20	16	0	9	6	0	0	11	0	3	12	3
TCGA-C8-A26W-01	10	6	13	8	3	5	0	2	10	2	10	0	0
TCGA-C8-A26X-01	3	1	2	1	18	5	3	0	6	0	5	22	9
TCGA-C8-A26Y-01	221	214	160	124	2	4	0	0	48	0	24	0	119
TCGA-C8-A26Z-01	1	0	0	0	17	0	12	0	5	0	9	0	5
TCGA-C8-A273-01	0	1	0	0	2	0	4	9	3	3	0	0	2
TCGA-C8-A274-01	92	57	47	26	12	3	1	0	19	17	0	0	7
TCGA-C8-A275-01	22	30	34	13	4	0	0	1	12	4	22	0	0
TCGA-C8-A278-01	5	3	6	3	4	1	7	15	6	2	0	1	0
TCGA-C8-A27A-01	5	3	0	0	5	1	2	1	7	0	4	5	7
TCGA-C8-A27B-01	7	55	13	12	4	9	38	0	5	6	6	5	2
TCGA-C8-A3M7-01	60	16	39	56	19	0	0	0	21	0	10	0	0
TCGA-C8-A3M8-01	4	1	13	0	7	7	0	7	3	3	0	17	0
TCGA-C8-A8HP-01	65	61	58	42	8	0	0	0	31	5	3	0	0
TCGA-C8-A8HQ-01	104	79	74	46	10	0	0	11	48	0	0	0	0
TCGA-C8-A8HR-01	1	2	2	2	14	13	9	0	2	0	10	5	0
TCGA-C8-A9FZ-01	1	2	2	0	9	1	3	2	1	6	2	0	0
TCGA-D8-A13Y-01	8	3	14	6	6	8	4	8	3	5	17	0	0
TCGA-D8-A13Z-01	2	11	4	4	19	0	27	1	6	4	1	13	11
TCGA-D8-A140-01	15	1	5	18	15	4	0	16	6	27	13	4	10
TCGA-D8-A141-01	0	0	0	0	6	0	1	0	1	0	4	9	0
TCGA-D8-A142-01	1	7	16	5	23	7	18	38	9	0	14	28	0
TCGA-D8-A143-01	2	2	0	0	10	0	15	10	0	4	8	10	0
TCGA-D8-A145-01	1	2	3	0	13	4	2	2	1	6	0	13	0
TCGA-D8-A146-01	3	0	0	6	9	7	0	3	5	2	2	4	0
TCGA-D8-A147-01	11	32	23	15	0	9	55	17	6	7	22	0	3
TCGA-D8-A1J8-01	176	148	167	101	51	32	0	2	73	172	38	0	1
TCGA-D8-A1J9-01	71	56	65	22	0	0	0	0	36	0	18	0	10
TCGA-D8-A1JB-01	4	4	0	0	3	3	3	2	3	3	8	25	5
TCGA-D8-A1JC-01	19	18	22	20	1	0	0	22	11	0	9	0	0
TCGA-D8-A1JD-01	8	13	3	7	0	0	24	10	6	26	0	18	7
TCGA-D8-A1JE-01	1	1	0	1	5	2	0	14	0	6	2	0	8
TCGA-D8-A1JF-01	3	3	0	1	4	1	4	11	3	19	0	0	0
TCGA-D8-A1JG-01	3	7	0	6	15	0	0	13	28	13	13	0	71
TCGA-D8-A1JH-01	1	0	0	2	4	4	0	2	1	0	0	8	2
TCGA-D8-A1JI-01	0	0	0	6	0	2	0	8	2	13	4	6	1
TCGA-D8-A1JJ-01	22	9	14	7	10	4	0	1	12	10	4	5	0
TCGA-D8-A1JK-01	11	9	3	22	8	27	1	2	3	22	17	87	37
TCGA-D8-A1JL-01	2	5	12	1	0	16	20	15	6	10	11	26	3
TCGA-D8-A1JM-01	1	2	0	0	7	0	4	9	7	0	6	8	9
TCGA-D8-A1JN-01	55	25	35	33	9	0	0	0	32	0	10	0	9
TCGA-D8-A1JP-01	1	6	13	11	0	15	21	1	2	7	6	39	13
TCGA-D8-A1JS-01	1	0	0	1	3	3	0	7	1	1	8	0	4
TCGA-D8-A1JT-01	0	0	0	0	7	0	3	9	1	3	6	12	0
TCGA-D8-A1JU-01	1	0	0	0	2	5	2	8	1	0	0	1	0
TCGA-D8-A1X5-01	2	4	0	3	13	10	0	7	2	0	3	7	15
TCGA-D8-A1X6-01	3	0	0	1	17	1	11	0	1	4	0	0	4
TCGA-D8-A1X7-01	0	2	0	4	1	0	0	11	2	2	8	0	2
TCGA-D8-A1X9-01	2	5	6	0	0	9	7	16	0	13	0	12	32
TCGA-D8-A1XA-01	0	0	0	5	7	5	1	3	2	0	0	0	5
TCGA-D8-A1XB-01	6	2	0	1	12	5	0	1	7	5	0	8	3
TCGA-D8-A1XC-01	0	0	0	7	11	1	1	0	0	7	0	4	3
TCGA-D8-A1XF-01	0	3	0	7	15	1	4	2	10	4	0	1	4
TCGA-D8-A1XG-01	1	0	0	0	0	4	3	1	3	12	0	0	3
TCGA-D8-A1XK-01	6	6	11	3	93	975	23	81	14	0	0	65	23
TCGA-D8-A1XL-01	4	6	0	4	6	17	30	10	6	0	0	14	13
TCGA-D8-A1XM-01	8	3	5	14	5	0	0	12	10	0	0	0	7
TCGA-D8-A1XO-01	6	5	0	1	4	0	0	4	0	4	0	3	2
TCGA-D8-A1XQ-01	16	25	5	12	128	351	91	124	45	188	14	0	32
TCGA-D8-A1XR-01	1	0	0	5	8	6	0	0	1	11	0	0	0
TCGA-D8-A1XS-01	3	1	0	4	4	0	2	3	5	2	0	1	1
TCGA-D8-A1XT-01	1	1	2	6	15	2	4	0	2	0	5	5	2
TCGA-D8-A1XU-01	8	1	2	0	5	1	6	1	1	1	9	0	0
TCGA-D8-A1XV-01	1	1	4	0	6	2	1	15	1	0	3	2	0
TCGA-D8-A1XW-01	7	6	7	0	4	13	38	18	5	0	7	17	0
TCGA-D8-A1XY-01	4	1	0	8	20	1	5	6	2	5	3	0	4
TCGA-D8-A1XZ-01	1	5	10	1	22	0	8	19	10	14	2	0	4
TCGA-D8-A1Y0-01	4	7	8	1	2	7	12	13	2	6	10	0	9
TCGA-D8-A1Y1-01	13	1	0	10	85	15	0	93	13	3	0	0	0
TCGA-D8-A1Y2-01	6	3	0	0	4	0	0	6	3	0	0	0	0
TCGA-D8-A1Y3-01	3	0	0	0	24	5	9	9	6	0	0	11	0
TCGA-D8-A27E-01	0	0	0	2	1	0	4	0	1	2	0	0	1
TCGA-D8-A27F-01	2	7	6	0	0	6	10	11	1	2	2	12	11
TCGA-D8-A27G-01	334	328	170	212	0	0	0	0	68	0	64	0	0
TCGA-D8-A27H-01	9	41	5	13	3	10	54	18	0	1	6	0	0
TCGA-D8-A27I-01	4	4	0	1	3	1	2	12	3	3	0	0	3
TCGA-D8-A27K-01	0	2	0	0	5	1	0	3	2	0	0	8	0
TCGA-D8-A27L-01	8	1	11	12	7	0	0	0	5	0	8	1	0
TCGA-D8-A27M-01	2	7	8	1	8	3	22	0	6	4	3	8	18
TCGA-D8-A27N-01	1	2	0	4	18	3	2	9	6	2	3	5	5
TCGA-D8-A27P-01	1	0	0	2	9	4	1	0	1	7	2	3	0
TCGA-D8-A27R-01	1	3	0	2	2	0	5	0	5	7	1	9	0
TCGA-D8-A27T-01	3	0	0	6	14	3	2	0	0	0	0	2	1
TCGA-D8-A27V-01	45	46	60	25	3	0	0	0	24	0	32	0	0
TCGA-D8-A27W-01	2	0	5	0	21	3	0	11	6	3	0	0	4
TCGA-D8-A3Z6-01	5	1	0	0	8	4	0	1	1	8	2	5	2
TCGA-D8-A4Z1-01	17	4	3	0	1	0	0	0	9	1	9	0	2
TCGA-D8-A73U-01	67	19	35	48	9	0	0	3	8	3	15	0	0
TCGA-D8-A73W-01	3	2	0	2	18	1	2	2	1	14	0	4	3
TCGA-D8-A73X-01	5	0	0	1	9	9	2	15	6	0	0	4	1
TCGA-E2-A105-01	4	0	6	8	15	6	7	6	0	5	1	7	2
TCGA-E2-A107-01	5	0	0	0	5	5	0	10	4	0	4	1	2
TCGA-E2-A108-01	41	53	25	25	3	8	5	11	5	0	0	0	10
TCGA-E2-A109-01	0	0	2	9	16	4	11	0	3	10	3	21	5
TCGA-E2-A10A-01	3	3	0	5	3	0	0	0	0	5	1	8	0
TCGA-E2-A10B-01	12	9	8	11	7	8	1	2	5	1	0	8	1
TCGA-E2-A10C-01	156	123	78	107	0	0	0	0	39	0	16	0	0
TCGA-E2-A10F-01	2	1	0	1	10	3	0	2	2	0	4	0	5
TCGA-E2-A14N-01	7	13	3	0	5	4	30	1	9	2	10	25	0
TCGA-E2-A14O-01	1	0	0	0	11	0	0	1	10	0	1	8	4
TCGA-E2-A14P-01	12	5	5	11	18	7	0	5	12	4	12	4	17
TCGA-E2-A14Q-01	4	1	0	1	12	2	0	2	1	0	2	12	3
TCGA-E2-A14R-01	1	9	14	7	3	11	31	10	6	15	2	22	12
TCGA-E2-A14T-01	4	4	1	0	6	5	0	8	7	3	0	5	0
TCGA-E2-A14V-01	18	22	23	6	14	6	7	20	17	0	7	1	0
TCGA-E2-A14W-01	1	6	13	1	3	5	28	0	7	7	17	8	6
TCGA-E2-A14X-01	4	2	0	3	13	1	1	6	6	1	0	0	0
TCGA-E2-A14Y-01	10	9	7	6	7	1	0	2	0	0	0	8	0
TCGA-E2-A14Z-01	13	3	10	13	7	0	11	6	10	0	3	9	10
TCGA-E2-A150-01	4	3	0	0	13	3	13	5	7	21	0	0	22
TCGA-E2-A152-01	32	29	44	26	0	0	0	2	27	5	4	0	2
TCGA-E2-A153-01	5	0	0	0	7	1	0	6	3	0	4	0	0
TCGA-E2-A154-01	1	1	0	0	10	0	4	11	10	2	0	6	13
TCGA-E2-A155-01	9	5	0	2	14	3	3	0	6	12	5	14	8
TCGA-E2-A156-01	3	0	3	4	2	2	0	5	1	1	0	1	3
TCGA-E2-A158-01	0	3	9	0	2	3	37	14	5	8	0	16	0
TCGA-E2-A159-01	42	30	76	21	11	0	0	0	2	0	19	0	0
TCGA-E2-A15A-01	1	1	3	6	10	1	2	5	0	6	1	12	14
TCGA-E2-A15C-01	1	0	2	1	17	1	1	2	2	9	5	9	0
TCGA-E2-A15D-01	0	1	0	0	7	4	0	9	3	6	0	0	4
TCGA-E2-A15E-01	1	5	0	0	6	9	4	11	1	0	2	0	1
TCGA-E2-A15F-01	0	1	0	0	6	1	3	6	1	0	10	0	0
TCGA-E2-A15G-01	7	0	0	0	7	8	5	14	8	0	11	12	1
TCGA-E2-A15H-01	0	0	2	0	11	1	1	0	3	9	6	0	0
TCGA-E2-A15I-01	3	0	0	6	12	0	1	10	0	0	4	0	7
TCGA-E2-A15J-01	0	0	0	2	8	2	1	0	0	1	3	2	3
TCGA-E2-A15K-01	0	2	2	1	10	1	0	9	2	5	15	1	5
TCGA-E2-A15L-01	0	3	0	2	8	3	0	11	2	0	1	0	4
TCGA-E2-A15M-01	13	7	16	5	22	5	8	0	4	5	8	7	8
TCGA-E2-A15O-01	1	0	0	2	3	0	0	16	3	2	1	6	0
TCGA-E2-A15P-01	1	0	0	0	8	6	0	0	1	0	7	5	0
TCGA-E2-A15R-01	3	0	2	1	15	0	0	3	8	0	11	4	0
TCGA-E2-A15S-01	7	2	5	0	0	10	8	19	0	3	5	9	0
TCGA-E2-A15T-01	1	1	2	0	5	2	0	18	3	2	5	0	1
TCGA-E2-A1AZ-01	6	8	21	2	2	4	4	0	15	5	0	12	0
TCGA-E2-A1B0-01	4	4	1	0	11	15	0	2	11	0	9	0	3
TCGA-E2-A1B1-01	7	13	3	19	5	0	0	9	0	0	10	0	0
TCGA-E2-A1B4-01	3	0	3	9	4	0	0	0	4	7	0	12	0
TCGA-E2-A1B5-01	11	5	5	0	7	2	0	1	8	3	2	2	0
TCGA-E2-A1B6-01	1	2	2	0	6	1	21	12	0	6	1	4	0
TCGA-E2-A1BC-01	0	0	7	0	7	1	0	0	0	5	5	15	1
TCGA-E2-A1BD-01	0	1	0	2	14	0	0	5	4	0	0	13	4
TCGA-E2-A1IE-01	0	0	0	0	4	1	5	4	2	5	4	4	1
TCGA-E2-A1IF-01	0	0	0	0	2	4	0	4	2	0	0	12	0
TCGA-E2-A1IG-01	4	0	0	10	4	1	2	16	8	0	4	3	5
TCGA-E2-A1IH-01	11	11	11	6	5	10	0	9	3	1	7	6	5
TCGA-E2-A1II-01	0	2	0	0	10	4	14	2	0	0	0	1	1
TCGA-E2-A1IJ-01	0	0	0	0	2	0	0	9	0	0	1	0	6
TCGA-E2-A1IK-01	0	2	0	0	1	3	2	2	6	0	0	1	0
TCGA-E2-A1IL-01	0	0	0	0	7	2	3	0	5	0	5	9	0
TCGA-E2-A1IN-01	61	68	38	37	11	2	10	2	10	9	0	0	0
TCGA-E2-A1IO-01	1	0	0	0	4	1	0	6	3	0	0	0	1
TCGA-E2-A1IU-01	3	1	0	1	1	1	12	0	10	2	0	0	0
TCGA-E2-A1L6-01	1	0	0	1	2	3	3	0	8	4	0	6	0
TCGA-E2-A1L7-01	1	3	1	4	0	8	7	24	0	0	4	17	12
TCGA-E2-A1L8-01	3	3	0	1	2	5	1	13	0	0	10	0	0
TCGA-E2-A1L9-01	2	0	0	0	6	3	7	0	3	3	2	0	2
TCGA-E2-A1LA-01	3	3	10	0	8	14	44	0	3	10	5	7	0
TCGA-E2-A1LB-01	6	5	13	16	1	1	0	8	1	2	0	0	2
TCGA-E2-A1LG-01	28	66	53	35	2	0	0	2	15	0	18	0	0
TCGA-E2-A1LH-01	10	34	17	18	8	20	64	17	3	0	7	0	33
TCGA-E2-A1LI-01	4	6	1	1	1	2	12	2	3	0	1	1	3
TCGA-E2-A1LK-01	0	4	1	0	28	4	0	4	12	1	0	0	0
TCGA-E2-A1LL-01	0	7	0	2	9	5	12	4	1	6	0	15	0
TCGA-E2-A2P6-01	50	32	1	58	17	0	0	0	17	11	0	0	0
TCGA-E2-A56Z-01	1	0	0	1	4	7	3	19	6	12	6	0	1
TCGA-E2-A570-01	0	1	0	0	8	2	3	1	1	0	13	1	0
TCGA-E2-A572-01	1	0	3	1	5	3	0	13	0	0	0	0	3
TCGA-E2-A573-01	1	2	5	4	10	7	15	2	2	12	1	0	11
TCGA-E2-A574-01	21	21	15	19	18	4	11	5	19	1	22	0	0
TCGA-E2-A576-01	0	2	0	2	14	0	4	17	6	10	12	0	3
TCGA-E2-A9RU-01	4	9	2	22	30	8	0	7	11	2	0	0	12
TCGA-E9-A1N3-01	1	1	2	0	1	1	0	4	0	7	0	7	7
TCGA-E9-A1N4-01	2	5	3	6	2	1	1	9	5	0	0	0	0
TCGA-E9-A1N5-01	8	5	0	0	1	5	6	3	1	10	0	0	0
TCGA-E9-A1N8-01	3	6	3	0	0	9	2	0	8	0	0	1	4
TCGA-E9-A1N9-01	7	0	2	0	15	5	19	0	2	0	0	9	7
TCGA-E9-A1NA-01	5	8	12	2	6	3	12	7	7	4	24	0	27
TCGA-E9-A1NE-01	4	3	0	0	3	0	26	1	0	12	4	0	9
TCGA-E9-A1NF-01	14	1	5	0	3	1	0	7	8	4	16	2	0
TCGA-E9-A1NG-01	1	0	0	0	3	0	0	4	1	4	0	8	0
TCGA-E9-A1NH-01	1	0	3	2	5	6	0	11	1	0	0	8	0
TCGA-E9-A1QZ-01	0	0	0	0	2	4	0	4	1	0	0	9	3
TCGA-E9-A1R0-01	2	3	3	3	12	0	0	1	6	2	3	0	0
TCGA-E9-A1R2-01	2	12	1	0	4	12	10	4	3	1	0	16	1
TCGA-E9-A1R3-01	3	0	0	0	4	4	5	3	3	1	2	0	0
TCGA-E9-A1R4-01	31	12	43	27	9	2	0	0	7	4	2	0	16
TCGA-E9-A1R5-01	2	0	5	0	2	4	2	25	4	0	7	0	0
TCGA-E9-A1R6-01	0	1	0	4	8	2	6	5	7	0	0	0	3
TCGA-E9-A1R7-01	7	1	5	0	8	1	1	0	1	9	10	20	0
TCGA-E9-A1RA-01	4	0	0	1	4	1	0	4	1	0	4	5	1
TCGA-E9-A1RB-01	0	0	0	0	8	8	3	1	2	4	0	8	4
TCGA-E9-A1RC-01	0	1	0	2	12	9	7	9	7	1	5	2	0
TCGA-E9-A1RD-01	4	0	3	1	5	0	4	0	1	3	2	0	0
TCGA-E9-A1RE-01	1	1	0	4	17	2	2	9	6	20	4	0	0
TCGA-E9-A1RF-01	3	12	9	7	16	0	49	18	6	17	8	5	20
TCGA-E9-A1RG-01	2	4	1	4	3	4	7	10	0	0	5	0	1
TCGA-E9-A1RH-01	5	9	0	5	14	7	17	6	7	8	10	12	11
TCGA-E9-A1RI-01	3	0	0	1	3	0	0	5	1	5	4	0	7
TCGA-E9-A226-01	10	21	5	20	9	1	0	0	10	0	3	0	0
TCGA-E9-A227-01	0	1	1	6	2	0	7	0	1	0	1	0	0
TCGA-E9-A228-01	4	5	0	10	22	1	2	0	0	0	6	2	0
TCGA-E9-A229-01	1	5	0	3	11	1	3	0	0	2	0	4	0
TCGA-E9-A22A-01	2	3	1	6	3	0	12	8	0	0	0	0	1
TCGA-E9-A22B-01	5	3	1	10	15	4	0	11	5	0	5	14	3
TCGA-E9-A22D-01	1	3	0	4	9	0	0	13	8	0	2	0	0
TCGA-E9-A22E-01	8	16	16	13	7	6	27	17	1	0	8	13	12
TCGA-E9-A22G-01	1	6	3	2	5	27	25	0	3	0	6	24	15
TCGA-E9-A22H-01	1	0	0	2	9	3	4	2	3	0	2	0	0
TCGA-E9-A243-01	4	8	8	6	0	10	15	13	2	9	6	0	8
TCGA-E9-A244-01	4	3	2	0	15	7	21	20	0	14	0	15	20
TCGA-E9-A245-01	0	0	0	2	0	1	0	3	2	1	0	0	14
TCGA-E9-A247-01	0	0	2	0	23	3	6	0	4	9	0	0	0
TCGA-E9-A248-01	4	1	0	1	12	2	0	0	1	2	2	0	3
TCGA-E9-A249-01	1	0	0	0	9	2	1	3	3	3	0	0	3
TCGA-E9-A24A-01	0	0	0	0	6	0	0	0	4	0	0	5	7
TCGA-E9-A295-01	1	1	4	5	20	0	4	26	6	0	0	2	40
TCGA-E9-A2JS-01	3	0	0	1	31	2	0	1	10	0	0	29	12
TCGA-E9-A2JT-01	9	6	9	0	0	0	0	0	1	0	0	0	3
TCGA-E9-A3HO-01	2	6	1	0	0	3	15	8	3	11	8	15	0
TCGA-E9-A3QA-01	7	9	10	0	1	0	15	3	3	1	4	9	0
TCGA-E9-A3X8-01	1	5	1	4	4	0	5	3	1	3	5	5	0
TCGA-E9-A54Y-01	9	0	8	11	13	3	0	0	3	1	1	3	6
TCGA-E9-A5FK-01	1	1	0	2	6	0	3	6	1	8	6	0	5
TCGA-E9-A5FL-01	6	12	12	3	8	10	26	0	9	19	0	25	3
TCGA-E9-A5UO-01	0	0	3	2	9	0	2	4	1	6	0	10	1
TCGA-E9-A6HE-01	0	0	0	4	8	1	0	0	2	5	0	2	0
TCGA-EW-A1IW-01	34	20	7	7	19	1	12	0	5	0	6	16	0
TCGA-EW-A1IX-01	8	9	8	6	0	0	0	0	0	6	5	0	0
TCGA-EW-A1IY-01	7	1	4	8	0	2	0	0	9	1	6	0	0
TCGA-EW-A1IZ-01	6	0	0	3	105	93	0	67	43	118	0	0	0
TCGA-EW-A1J1-01	0	0	0	0	8	0	4	1	3	0	2	1	4
TCGA-EW-A1J3-01	0	0	0	9	5	4	1	0	0	0	1	10	0
TCGA-EW-A1J5-01	170	125	93	115	0	0	0	2	26	0	9	0	0
TCGA-EW-A1J6-01	2	0	0	0	5	0	4	12	1	0	0	18	2
TCGA-EW-A1OV-01	47	26	9	28	5	0	0	7	11	1	0	6	0
TCGA-EW-A1OX-01	1	4	0	5	3	0	2	1	1	4	0	0	0
TCGA-EW-A1OZ-01	5	4	1	3	22	6	6	2	5	0	11	2	9
TCGA-EW-A1P0-01	0	0	2	0	0	4	0	6	1	3	0	9	3
TCGA-EW-A1P1-01	0	0	0	0	0	0	0	3	0	0	0	0	0
TCGA-EW-A1P3-01	1	0	0	4	6	0	0	3	1	0	2	11	0
TCGA-EW-A1P4-01	1	8	3	0	2	6	14	18	6	15	0	2	2
TCGA-EW-A1P5-01	0	2	0	0	11	0	0	0	1	4	0	0	2
TCGA-EW-A1P6-01	0	0	0	4	3	2	0	11	1	0	2	3	0
TCGA-EW-A1P7-01	0	0	0	0	0	0	11	0	0	8	0	0	0
TCGA-EW-A1P8-01	0	0	2	2	5	3	11	0	3	5	8	0	0
TCGA-EW-A1PA-01	1	3	0	5	5	3	10	0	9	1	4	0	0
TCGA-EW-A1PB-01	17	43	21	28	4	0	29	4	0	9	6	0	21
TCGA-EW-A1PD-01	5	9	5	2	0	5	23	1	0	12	23	0	8
TCGA-EW-A1PE-01	5	0	0	1	7	3	6	0	3	6	5	0	2
TCGA-EW-A1PG-01	0	0	0	2	2	3	0	0	4	0	0	0	0
TCGA-EW-A1PH-01	2	2	7	0	16	7	10	0	7	0	11	0	0
TCGA-EW-A2FR-01	4	8	0	5	9	1	1	3	2	0	13	4	4
TCGA-EW-A2FS-01	0	2	0	1	9	9	0	9	0	0	11	0	4
TCGA-EW-A2FV-01	1	0	0	0	1	1	0	5	7	3	5	9	0
TCGA-EW-A2FW-01	3	0	0	1	13	0	1	2	0	0	3	0	3
TCGA-EW-A423-01	7	11	0	8	20	6	7	0	5	4	15	5	0
TCGA-EW-A6S9-01	3	1	0	1	7	2	1	4	3	3	1	0	5
TCGA-EW-A6SA-01	8	8	0	4	11	2	7	15	11	25	18	0	14
TCGA-EW-A6SB-01	0	6	1	5	13	14	14	6	10	4	8	0	0
TCGA-EW-A6SC-01	6	0	0	0	3	4	0	2	0	14	4	6	0
TCGA-EW-A6SD-01	14	8	9	3	9	8	0	3	1	1	4	0	8
TCGA-GI-A2C8-01	7	12	6	0	17	7	37	8	2	10	3	18	21
TCGA-GM-A2D9-01	176	121	118	161	10	0	0	0	21	0	38	0	0
TCGA-GM-A2DA-01	2	6	0	3	4	0	0	16	6	4	0	0	4
TCGA-GM-A2DB-01	2	5	6	9	12	5	17	26	5	1	6	14	20
TCGA-GM-A2DC-01	0	0	0	2	11	0	0	6	0	0	0	8	0
TCGA-GM-A2DD-01	3	4	0	0	8	8	14	0	5	14	5	2	5
TCGA-GM-A2DF-01	1	3	4	4	11	3	3	7	3	1	4	9	0
TCGA-GM-A2DH-01	26	46	42	11	4	0	10	7	11	13	3	45	14
TCGA-GM-A2DI-01	22	21	10	7	0	0	0	4	13	0	14	0	0
TCGA-GM-A2DK-01	3	0	0	4	5	7	0	5	5	0	0	3	5
TCGA-GM-A2DL-01	5	3	1	2	6	0	0	4	4	0	6	0	18
TCGA-GM-A2DM-01	3	0	0	4	0	8	0	4	3	0	0	0	5
TCGA-GM-A2DN-01	1	0	0	2	4	1	1	2	1	0	7	0	0
TCGA-GM-A2DO-01	52	50	35	52	3	0	0	0	28	0	0	0	0
TCGA-GM-A3NW-01	13	14	22	13	13	0	0	4	4	0	12	0	0
TCGA-GM-A3XL-01	7	25	17	7	9	13	32	3	6	2	6	11	6
TCGA-GM-A4E0-01	0	0	0	2	7	1	2	12	5	3	0	0	2
TCGA-GM-A5PV-01	5	0	3	3	1	6	7	11	4	0	4	3	0
TCGA-GM-A5PX-01	4	3	0	1	8	4	0	0	3	3	2	14	0
TCGA-HN-A2NL-01	2	7	0	0	5	8	12	20	3	0	9	11	14
TCGA-HN-A2OB-01	2	0	2	0	2	0	0	8	1	4	0	0	0
TCGA-JL-A3YX-01	10	3	4	6	10	2	0	3	1	4	2	0	4
TCGA-LD-A66U-01	1	0	0	2	9	1	0	1	1	24	0	0	5
TCGA-LD-A74U-01	96	44	77	67	16	0	0	0	23	0	29	0	0
TCGA-LD-A7W5-01	7	5	5	3	11	0	0	11	6	15	2	0	0
TCGA-LD-A7W6-01	1	0	3	4	6	2	0	15	1	8	5	0	1
TCGA-LD-A9QF-01	1	2	0	0	8	1	3	15	4	0	5	0	0
TCGA-LL-A440-01	1	0	0	0	2	0	0	0	1	0	0	2	0
TCGA-LL-A50Y-01	1	0	0	6	8	6	0	19	0	2	1	0	0
TCGA-LL-A5YL-01	16	7	8	18	10	0	0	7	16	6	5	0	0
TCGA-LL-A5YM-01	0	3	0	7	6	0	1	6	0	6	8	3	0
TCGA-LL-A5YN-01	0	0	0	2	7	4	4	4	5	4	9	4	0
TCGA-LL-A5YO-01	2	7	8	1	2	5	13	2	1	6	4	0	10
TCGA-LL-A5YP-01	5	3	9	5	0	0	17	7	1	21	12	11	14
TCGA-LL-A6FP-01	9	3	0	3	3	1	0	0	9	13	18	6	10
TCGA-LL-A6FQ-01	3	0	0	3	23	5	0	4	5	4	10	10	2
TCGA-LL-A6FR-01	1	2	1	1	6	6	13	18	6	5	4	0	0
TCGA-LL-A73Y-01	24	50	56	16	1	10	0	6	16	14	0	0	0
TCGA-LL-A73Z-01	1	0	3	4	8	0	2	10	1	8	0	11	0
TCGA-LL-A740-01	4	1	0	3	12	7	4	0	2	11	14	9	1
TCGA-LL-A7SZ-01	5	1	2	3	11	8	0	11	11	11	2	0	10
TCGA-LL-A7T0-01	5	5	0	7	18	4	0	12	9	8	0	0	9
TCGA-LL-A8F5-01	1	8	18	19	9	23	43	22	4	6	8	37	2
TCGA-LL-A9Q3-01	7	0	0	3	17	6	8	0	8	6	3	9	1
TCGA-OK-A5Q2-01	4	2	0	1	4	0	3	14	13	2	0	0	0
TCGA-OL-A5D6-01	4	2	2	3	4	1	3	22	6	0	8	0	2
TCGA-OL-A5D7-01	5	5	6	3	12	7	21	3	0	5	6	5	2
TCGA-OL-A5D8-01	3	2	0	0	10	4	5	3	1	1	1	8	1
TCGA-OL-A5DA-01	20	24	13	10	7	2	0	1	23	3	11	0	0
TCGA-OL-A5RU-01	0	1	0	1	14	1	0	4	0	5	18	2	0
TCGA-OL-A5RV-01	0	0	0	0	2	0	3	9	1	2	0	0	0
TCGA-OL-A5RW-01	24	53	44	26	0	11	38	0	8	28	6	15	0
TCGA-OL-A5RX-01	1	2	0	0	11	5	0	0	5	3	0	5	3
TCGA-OL-A5RY-01	1	1	0	0	4	2	2	0	0	3	0	0	0
TCGA-OL-A5RZ-01	9	8	0	3	38	6	25	2	13	9	14	0	25
TCGA-OL-A5S0-01	2	2	2	4	11	2	3	5	4	5	0	4	0
TCGA-OL-A66H-01	0	0	0	2	4	1	10	0	0	5	2	0	3
TCGA-OL-A66I-01	1	3	0	3	7	3	7	11	3	0	18	0	0
TCGA-OL-A66J-01	5	0	5	7	12	7	0	18	0	3	1	7	3
TCGA-OL-A66K-01	1	0	3	6	17	0	6	0	0	10	4	0	0
TCGA-OL-A66L-01	26	16	5	19	9	3	0	0	7	1	0	8	0
TCGA-OL-A66N-01	1	1	0	1	14	5	0	17	5	4	7	3	0
TCGA-OL-A66O-01	1	1	0	0	8	3	4	15	1	3	2	0	0
TCGA-OL-A66P-01	1	2	0	7	11	15	17	0	9	12	4	24	21
TCGA-OL-A6VO-01	1	0	3	0	12	3	3	2	1	1	7	0	5
TCGA-OL-A6VQ-01	23	12	6	11	10	2	0	0	6	10	0	1	1
TCGA-OL-A6VR-01	1	0	0	0	4	0	1	0	1	9	0	0	1
TCGA-OL-A97C-01	1	0	2	0	10	6	9	7	1	19	13	0	2
TCGA-PE-A5DC-01	8	4	11	12	16	13	28	9	4	5	8	26	10
TCGA-PE-A5DD-01	15	9	8	18	15	1	0	0	6	0	1	12	0
TCGA-PE-A5DE-01	199	105	126	146	0	0	0	0	83	0	30	0	0
TCGA-PL-A8LV-01	12	9	39	8	6	13	19	12	2	7	10	3	15
TCGA-PL-A8LX-01	1	0	0	0	8	5	9	5	1	18	2	0	0
TCGA-PL-A8LY-01	0	0	0	0	0	2	0	3	0	2	0	0	0
TCGA-PL-A8LZ-01	8	0	2	18	6	3	28	2	7	13	12	24	13
TCGA-S3-A6ZF-01	2	4	1	0	24	0	0	4	0	0	4	10	3
TCGA-S3-A6ZG-01	1	0	3	6	9	4	6	13	14	4	0	0	0
TCGA-S3-A6ZH-01	1	0	2	6	13	1	8	0	6	7	0	0	1
TCGA-S3-AA0Z-01	9	7	0	0	16	7	0	0	2	3	6	17	10
TCGA-S3-AA10-01	7	11	8	7	4	8	49	10	0	13	16	17	0
TCGA-S3-AA11-01	1	1	0	7	2	4	4	2	6	15	15	17	22
TCGA-S3-AA12-01	3	3	0	4	9	2	0	12	4	0	5	18	0
TCGA-S3-AA14-01	2	3	0	1	6	0	3	7	1	1	0	0	0
TCGA-S3-AA15-01	9	10	18	11	4	0	0	0	4	1	3	0	0
TCGA-S3-AA17-01	6	9	8	3	6	10	31	15	11	19	0	23	0
TCGA-UL-AAZ6-01	8	12	0	2	2	7	20	18	6	36	10	3	16
TCGA-UU-A93S-01	5	6	11	16	23	10	29	0	0	14	7	58	17
TCGA-V7-A7HQ-01	1	1	4	0	6	0	5	0	1	2	3	8	0
TCGA-W8-A86G-01	1	1	0	2	2	1	0	18	0	9	1	0	0
TCGA-WT-AB41-01	14	0	3	7	5	0	3	12	5	9	4	0	0
TCGA-WT-AB44-01	0	0	0	5	18	2	2	4	2	9	1	7	10
TCGA-XX-A899-01	13	7	3	8	0	1	0	3	14	4	7	0	0
TCGA-XX-A89A-01	38	62	78	21	7	0	0	5	20	0	34	0	0
TCGA-Z7-A8R5-01	1	0	0	0	17	0	0	13	0	0	0	0	3
TCGA-Z7-A8R6-01	25	14	9	13	11	0	0	0	12	15	6	0	2
