MutationType	DBS78A	DBS78B	DBS78C	DBS78D	DBS78E	DBS78F	DBS78G	DBS78H	DBS78I
AC>CA	0.00479785	0.00312300	0.00000107	0.00482552	0.00120182	0.00000103	0.01261256	0.00366704	0.00440281
AC>CG	0.00698556	0.00483476	0.00000057	0.00000084	0.00000363	0.00000161	0.00000274	0.00000486	0.00000513
AC>CT	0.00805012	0.00000086	0.00289277	0.00250440	0.01223276	0.01383362	0.00000309	0.00240811	0.00000307
AC>GA	0.00000043	0.00000042	0.03060838	0.00249714	0.02032048	0.00327621	0.00000262	0.02284032	0.00319718
AC>GG	0.00000168	0.00000164	0.00000135	0.00000121	0.00000355	0.00000260	0.00000298	0.00000601	0.00000589
AC>GT	0.00000168	0.00000164	0.00000135	0.00000121	0.00000355	0.00000260	0.00000298	0.00000601	0.00000589
AC>TA	0.02157229	0.00000033	0.01400469	0.00000006	0.00205903	0.01958703	0.01052193	0.00761782	0.04814725
AC>TG	0.00000097	0.00000126	0.00291867	0.00000178	0.01053238	0.00000171	0.00000228	0.00615747	0.00000494
AC>TT	0.01119729	0.01135160	0.00330137	0.00125224	0.00000582	0.01885900	0.01703964	0.00000304	0.00000432
AT>CA	0.00000082	0.00000112	0.00000101	0.00375643	0.00390326	0.00491513	0.00701800	0.00000477	0.02282327
AT>CC	0.00000168	0.00000164	0.00000135	0.00000121	0.00000355	0.00000260	0.00000298	0.00000601	0.00000589
AT>CG	0.00000168	0.00000164	0.00000135	0.00000121	0.00000355	0.00000260	0.00000298	0.00000601	0.00000589
AT>GA	0.00000092	0.00000101	0.00330402	0.01409461	0.00726076	0.00664078	0.00000317	0.01843868	0.00000406
AT>GC	0.00000168	0.00000164	0.00000135	0.00000121	0.00000355	0.00000260	0.00000298	0.00000601	0.00000589
AT>TA	0.01452008	0.00000094	0.00000123	0.01720915	0.00510354	0.00164081	0.00000251	0.00000442	0.00000350
CC>AA	0.10917067	0.02315499	0.21377157	0.20993044	0.23535275	0.06170377	0.11677247	0.10874621	0.03711262
CC>AG	0.02800730	0.00330584	0.01127702	0.04906538	0.00388949	0.05157056	0.02185223	0.02042311	0.01682388
CC>AT	0.03163096	0.05035160	0.12655872	0.09782915	0.00932662	0.03075152	0.05098713	0.01804941	0.01892330
CC>GA	0.04115112	0.00000021	0.01247894	0.07014468	0.01728889	0.01269623	0.01714005	0.01934685	0.00830041
CC>GG	0.01018350	0.00000135	0.00000077	0.00000093	0.00000337	0.00250770	0.00000241	0.00508196	0.00280890
CC>GT	0.00781124	0.04646401	0.00000046	0.00663247	0.00144886	0.01690324	0.02136560	0.00414759	0.07007964
CC>TA	0.00000033	0.04402827	0.04066951	0.01033180	0.00000111	0.01134493	0.00000091	0.00808524	0.00841575
CC>TG	0.00000141	0.00492531	0.01505684	0.00000056	0.00000207	0.00000144	0.00000250	0.00000404	0.00000531
CC>TT	0.03156697	0.26155965	0.01526872	0.07302329	0.01537308	0.06433314	0.05563063	0.01062774	0.01793278
CG>AT	0.00000129	0.00000135	0.00000109	0.00125223	0.00315444	0.00655408	0.00000402	0.00000574	0.00000471
CG>GC	0.00000168	0.00000164	0.00000135	0.00000121	0.00000355	0.00000260	0.00000298	0.00000601	0.00000589
CG>GT	0.00000144	0.00000122	0.00925064	0.00000076	0.00000256	0.00000137	0.00000195	0.02230427	0.00000431
CG>TA	0.00000091	0.00000133	0.00000064	0.00000087	0.00223666	0.03423660	0.00350892	0.00748004	0.01718986
CG>TC	0.00000168	0.00000164	0.00000135	0.00000121	0.00000355	0.00000260	0.00000298	0.00000601	0.00000589
CG>TT	0.00000168	0.00000164	0.00000135	0.00000121	0.00000355	0.00000260	0.00000298	0.00000601	0.00000589
CT>AA	0.01064658	0.02123967	0.02894225	0.01506902	0.05119777	0.01031661	0.00886960	0.01811409	0.04091811
CT>AC	0.00000149	0.00000117	0.00723843	0.00000100	0.00390327	0.00000232	0.00000295	0.00000567	0.00000564
CT>AG	0.03117921	0.00000079	0.00000020	0.02363258	0.00541033	0.02291393	0.00645766	0.00458697	0.03194176
CT>GA	0.02938773	0.00000089	0.00000093	0.01332994	0.00000184	0.00327691	0.00000295	0.00000395	0.00000469
CT>GC	0.01394258	0.01597257	0.00000029	0.00000095	0.00000341	0.00000088	0.00000229	0.00000311	0.00000461
CT>GG	0.01068649	0.01124543	0.00000023	0.01333132	0.00000205	0.00000064	0.00519543	0.00000258	0.00000475
CT>TA	0.00000012	0.08532003	0.04198402	0.00000021	0.00813372	0.05157936	0.02290211	0.01503830	0.00000102
CT>TC	0.00000078	0.00804351	0.00000011	0.00000056	0.01749162	0.00000164	0.01052166	0.00000206	0.05910239
CT>TG	0.00628221	0.00308181	0.00000063	0.00482446	0.00585545	0.00000143	0.00645447	0.00000324	0.02796970
GC>AA	0.01560307	0.01965541	0.06360408	0.05222357	0.16766734	0.02153663	0.01438218	0.02722362	0.05377432
GC>AG	0.00000000	0.01274881	0.06509807	0.05331183	0.00894647	0.05731641	0.01401632	0.02316873	0.02178174
GC>AT	0.00000050	0.00000060	0.00000058	0.03306396	0.00000117	0.01340858	0.01862863	0.03530947	0.00220228
GC>CA	0.02299168	0.01600019	0.00000026	0.00000042	0.00510428	0.00163890	0.00519656	0.00000221	0.02840811
GC>CG	0.00000168	0.00000164	0.00000135	0.00000121	0.00000355	0.00000260	0.00000298	0.00000601	0.00000589
GC>TA	0.00749661	0.00000061	0.01050019	0.00000067	0.00447202	0.00000198	0.00000184	0.00748131	0.00600013
TA>AT	0.00000045	0.00775974	0.00433829	0.00124575	0.01045381	0.00264860	0.01045612	0.02461069	0.02816848
TA>CG	0.01366207	0.00000111	0.00000092	0.00000097	0.00390324	0.00000208	0.00000252	0.00000481	0.00220409
TA>CT	0.03354928	0.00000069	0.00004132	0.00000000	0.00204747	0.02622783	0.06051223	0.01441770	0.01020390
TA>GC	0.00000168	0.00000164	0.00000135	0.00000121	0.00000355	0.00000260	0.00000298	0.00000601	0.00000589
TA>GG	0.00000141	0.00000101	0.00000116	0.00000103	0.00390377	0.00000209	0.00000277	0.00000493	0.01636845
TA>GT	0.00000067	0.00000080	0.02284188	0.00000074	0.01629586	0.00000112	0.00643329	0.00307962	0.00599844
TC>AA	0.11687804	0.00290019	0.04270196	0.03500331	0.09787486	0.10816665	0.09348072	0.08361387	0.07407678
TC>AG	0.00318791	0.04854953	0.01041460	0.00000019	0.03866850	0.05980248	0.00000052	0.01459588	0.03290956
TC>AT	0.02044626	0.17403345	0.06258035	0.02011686	0.03254792	0.04808096	0.04885606	0.02667779	0.06564157
TC>CA	0.04172353	0.00324352	0.02129240	0.00958199	0.02747181	0.01146238	0.10560458	0.02063477	0.00000221
TC>CG	0.01245656	0.01014762	0.00232675	0.00160842	0.00000231	0.00000174	0.00000242	0.00000390	0.00000411
TC>CT	0.02108764	0.02496435	0.01957853	0.00947208	0.01240148	0.00341368	0.00545553	0.00923968	0.00997991
TC>GA	0.01146197	0.00000031	0.00403260	0.03755256	0.02132626	0.02656354	0.01200848	0.00000252	0.01375041
TC>GG	0.00382746	0.00791322	0.00000053	0.00963112	0.00000265	0.00000175	0.00000229	0.00000408	0.00000495
TC>GT	0.00282146	0.01211083	0.00002501	0.00000008	0.00120490	0.00000103	0.05009045	0.00834415	0.05029354
TG>AA	0.02007513	0.00000072	0.00362147	0.00797999	0.00900380	0.00327699	0.00000169	0.00000445	0.00000352
TG>AC	0.00000125	0.00000165	0.00000129	0.00561789	0.00000288	0.00000242	0.00000284	0.00000584	0.00000576
TG>AT	0.03295364	0.00000040	0.02202279	0.02776136	0.00717430	0.02775553	0.01760086	0.04665626	0.01403932
TG>CA	0.01118239	0.01097284	0.00288387	0.00460790	0.04761457	0.00568745	0.01860101	0.05863573	0.03494684
TG>CC	0.00000033	0.00663068	0.00796596	0.00000015	0.00414799	0.00000296	0.01023806	0.00872186	0.05425547
TG>CT	0.07587701	0.00000043	0.02380351	0.03852557	0.02922793	0.07744685	0.05729510	0.17903329	0.01962948
TG>GA	0.00343515	0.00000144	0.00000129	0.00000115	0.00000313	0.00000260	0.00000276	0.00000576	0.00000606
TG>GC	0.01923170	0.00000112	0.00000100	0.00000086	0.00000199	0.00000226	0.01389664	0.00000447	0.00000465
TG>GT	0.02183458	0.01841443	0.01289851	0.00000064	0.00129388	0.00986651	0.01882951	0.02882874	0.00560995
TT>AA	0.05062917	0.00514542	0.01350091	0.00000006	0.00000127	0.00000084	0.00375016	0.01269280	0.00467622
TT>AC	0.00694320	0.00000146	0.00000123	0.00000101	0.00000297	0.00000255	0.00000270	0.00000538	0.00000571
TT>AG	0.00000088	0.00000118	0.00000073	0.00000098	0.00223737	0.01132783	0.01221150	0.01269554	0.00880265
TT>CA	0.00000134	0.01120536	0.00000069	0.00000114	0.00000315	0.00000183	0.00000277	0.00000430	0.00000600
TT>CC	0.00000075	0.00955246	0.00000042	0.01812471	0.00000263	0.00000113	0.00000233	0.00000399	0.00000554
TT>CG	0.00183543	0.00000115	0.00000085	0.00000117	0.00000286	0.00000238	0.00750450	0.02003534	0.00000551
TT>GA	0.00000168	0.00000164	0.00000135	0.00000121	0.00000355	0.00000260	0.00000298	0.00000601	0.00000589
TT>GC	0.00000124	0.00000160	0.00000038	0.00000089	0.00000283	0.03485562	0.00000233	0.00481365	0.00000469
TT>GG	0.00000106	0.00000132	0.00436491	0.00000098	0.00223849	0.00000192	0.00000252	0.00615809	0.00000524
