MutationType	SBS96A	SBS96B	SBS96C	SBS96D	SBS96E	SBS96F	SBS96G	SBS96H	SBS96I	SBS96J	SBS96K	SBS96L	SBS96M
A[C>A]A	0.0008370310836697591	0.009666770603560856	0.015713927650358527	0.020150565076619387	0.02291422626003623	0.005023558670654893	0.021444677972188585	0.005463122762739659	0.01129794655225851	0.0153027200140059	0.01475361194461584	0.03898650398477912	0.007749310508370399
A[C>A]C	1.3286245881261039e-09	0.002187456376850605	0.00435725852730684	0.00837131217122078	0.0070933382427369905	0.013315839506685734	0.01748778698965907	0.007701783627271652	0.0194460928440094	0.006227302117372347	0.02175479053026379	0.01703379489481449	0.011204521916806699
A[C>A]G	0.0012938618747007525	0.004227724389123522	0.0005366339982742829	0.00017532150959596038	0.007739034477322093	0.0015431220159996429	0.0008108251262456178	0.0035043246961436124	0.002108775592306754	0.009962283261120319	1.348274565771135e-07	0.01567026413977146	0.005679292278364301
A[C>A]T	0.000538172953279048	0.01040508016012609	0.0062108896905556325	0.025338136218488218	0.02877601496875286	0.010999962873756885	0.01381544996984303	0.001472112419614291	0.013998978090126003	0.01198727060109377	8.364824111595226e-07	0.010675946343690157	0.01996386144310236
A[C>G]A	0.0020687707194156245	0.005817660177126527	0.007990105310454965	0.007213753834366799	0.017294968850910662	0.0063101501204073426	0.0072820444591343405	0.008312150463461876	0.006135993637144566	0.010929318517446518	0.010901310667395591	0.017427361995692253	0.012839766591787339
A[C>G]C	0.00041609748393511836	0.011146440718584926	0.00036662268519354057	0.003413059748709202	0.006002431269735098	0.0005364997312426567	0.010016856187421019	0.005041947029531002	0.004884961127628982	0.004658999759703875	0.007115230150520802	0.009429526676535715	0.009117182996124028
A[C>G]G	0.0001970490004756733	0.001218628073831951	0.0015274755353061665	0.0013912819587858394	0.005768961161334118	0.0	0.009332207590341568	3.857947774577042e-08	1.392547113709952e-06	0.001560883829370141	0.0011524517089128495	0.011162000581248322	0.008770584873855115
A[C>G]T	0.0022107360197118455	0.007896240614354611	0.005948367505334317	0.024711441807448865	0.009489698614925147	0.014690513536351374	0.04216384757310152	0.011155911402511265	0.010983745275860166	0.013066147919744253	0.02002493261302334	0.006008430762418015	0.024292934313416482
A[C>T]A	0.003945253556594274	0.0009430949907991177	0.01914392464745731	0.02061241716146469	0.0152731210924685	0.005015394953079522	0.011381877027451992	0.011336365902067186	0.012099145790489273	0.01499296110123396	0.012294705584645271	0.0005847209133207798	0.027322247996926306
A[C>T]C	0.0026439530201059825	0.00673119811063998	0.0032118193397764117	0.007365368865430355	0.0069257192313671116	0.02902396097779274	0.019658639468252657	0.01699788240248381	0.01024900247404048	0.007891111976641696	0.014823167957365513	0.012979092495515942	0.01364244930446148
A[C>T]G	0.00911067412754768	0.011123170160863083	0.01696919943206012	0.010510444216197356	0.020534634217619897	0.03294494543224573	0.016338885948061942	0.04869216196238994	0.07535929642617703	0.06862419843673706	0.032901269011199476	0.06288545578718185	0.03578089475631714
A[C>T]T	0.00042234248362547076	0.01332914490476247	0.0041255061165429655	0.0295929417014122	0.016241704765707254	0.011767140694365708	0.0015908789383797552	0.015345797408372164	0.01765928082168102	0.009735671803355217	9.179756637411884e-05	0.013877391442656517	0.007672902569174767
A[T>A]A	0.000144181469110545	0.0008280570804799936	0.00014557710175685428	0.005237946938723326	0.0035290251020342112	0.011740896323181005	0.005362845910713077	3.5982095043770796e-08	3.732800905709155e-07	0.0	0.00226373007977827	0.0007168592534299023	0.00971272639092149
A[T>A]C	0.0003065720008697204	0.0009864397812634706	0.0007089542794400216	0.01397470253947688	0.0014873494394123737	0.001001652330160141	0.005129263713024556	0.025003404234144	0.007120806875173002	0.0023269316181540487	0.011224547900565086	0.00810534362901194	0.004994332045316696
A[T>A]G	0.00010434115024509091	0.00987934429258246	0.001364829670637846	0.007514887489378452	0.015794382616877555	0.016399386623834288	0.002189287915825844	0.008582005836069852	0.0053829831263102305	0.003103072840804089	0.009988876059651375	0.003373643343819843	0.008530059456825256
A[T>A]T	0.0020107584074139594	0.0	0.0013685064412854331	0.01702187117189169	0.007869495016480422	0.007806537207216024	0.0005475534854788562	0.006458172854036093	0.015310932416468859	0.014956321101635695	0.011967901326715946	0.00596321802586317	0.004580448163287088
A[T>C]A	8.791997825028375e-05	0.013347101477753132	0.011826296430081129	0.006959092396922983	0.00563259944319725	0.02220880948007107	0.00635326923802495	0.010482140009617068	0.016826724261045457	0.002565561537420535	0.023850438522640616	0.015311191696673632	0.023532978631556033
A[T>C]C	0.0020189801897252833	0.008688558870926597	0.0007709157187491655	0.009608266036957502	0.008908940802916732	0.008140922637972375	0.014662569202482701	0.009590690210461616	0.0	0.007188188284635544	4.7681348860351134e-07	0.008819800801575184	0.005338342107984317
A[T>C]G	0.0023293719859793782	0.0017347601336950903	0.005704689313557765	0.007147822715342045	0.01287252912297845	0.004624101109337642	0.006523908488452435	0.012580488994717597	0.008647088147699832	0.028480330342426897	0.01700518298894167	0.018968410864761153	0.010920653492212296
A[T>C]T	0.00033440036081628933	0.008429804071784019	0.009742633922724054	0.004290197920056471	0.010892808067001169	0.03705772941466421	0.0004280309658497572	0.007753516891997947	0.015610965826294888	0.010338036477992318	0.011741553992033004	0.01172317940132075	0.023085569404065608
A[T>G]A	5.16928150318563e-05	0.0037352285464294253	0.001076456185547886	0.0037608172744512556	0.007662591291591525	0.01177600659430027	0.006023649172857404	0.004861242465001081	0.008699788177636947	0.00550418787619833	0.0033727527593782726	0.004370143020059914	0.008386201784014701
A[T>G]C	3.6996134440414606e-07	0.0005441299872472882	0.0003693496774275218	0.009630064060911537	0.004132678907541276	5.8403338698553854e-08	0.0051625099662487624	4.791489800481941e-08	0.002333049117362407	0.0015800139788268552	0.0006365741702438754	0.0044868844038774116	0.0020136071369051935
A[T>G]G	0.00014115703114478962	0.004208376373708233	0.00029667054520814417	0.005357873346656561	0.006565382424741984	0.0005285184753518024	0.01993117853999138	7.477249027942889e-07	0.0015866625345552165	0.00384427943342871	0.0025030066096860537	0.004356105467627705	0.012253316528654069
A[T>G]T	0.0005987594421501541	0.004193593678064646	0.0006398892030119896	0.002677872631466016	0.0011888191336765885	0.006732369723249576	0.00969088003912475	0.006202614679932594	0.0029949476486535787	0.0014785350300371646	0.004881976265460252	0.0008855877239398069	0.005976562388241291
C[C>A]A	6.970088456060867e-05	0.0067997444944921884	0.007972076022997498	0.01621785629540682	0.014926378172822297	0.014560602791607655	0.008730463985921233	0.0317718043923378	0.010084986872971057	0.005652182921767235	0.00707715218886733	0.02120527857914567	0.01377255916595459
C[C>A]C	0.00204788568199005	0.00502742980606854	0.006865900528228652	0.020039735362087648	0.003470861539244652	0.02744322419166565	0.020945980772376062	0.0	0.0056702295689319724	0.01325685139745474	0.002336267753548782	0.0035149507224559785	0.019288356229662896
C[C>A]G	0.0016693326933332475	0.00267084959332351	0.0018115175887942314	0.00783942872658372	0.0013942042844405477	0.0017166683450341226	0.005707407929003238	0.004690810176543892	0.0006627719006246479	0.0033905657008290293	0.0006978879080236311	0.009417027421295642	0.0016391869401559233
C[C>A]T	0.0008706436725333333	0.003578456399302446	0.013049286883324384	0.02044682390987873	0.016111805755645036	0.019173337519427576	0.019754599779844284	0.004886825382709503	0.01798169445246458	0.007151929568499327	0.01950059747323394	0.0032582310612013997	0.013625006470829249
C[C>G]A	0.0008637677878141437	0.012038405053317547	0.010512984171509743	0.007483686041086912	0.016213351990279533	0.005261548236012459	0.020629941113293172	0.004548452608287334	0.0037838702206499874	0.0031263317912817003	0.012534848896857737	0.008143186464704608	0.0038355558179318907
C[C>G]C	0.00011470392262463055	0.0018069862388074398	0.008846952684689314	0.008651366271078587	0.023618356697261332	0.001036397167718661	0.013725571613758803	0.009001836978711708	0.0015549780292531067	0.008274327528056347	0.016145288851112126	0.004888159572658424	0.012105328682810067
C[C>G]G	0.0014208236823435526	0.004017652369536928	0.0036125301593756378	0.0006996369920670986	0.004519355203956366	0.00115761536789023	0.017003712616860865	0.004815674386918545	0.0008476206230625394	0.0062619481005798784	0.005482832808047533	0.008562579857976971	0.0030092986766248942
C[C>G]T	0.0035108627285808324	0.008973174821585416	0.012213458679616452	0.01864224225282669	0.009314558748155833	0.01358490058364623	0.02241978496313095	0.00764682637527585	0.016911008954048252	0.003027292620390654	0.011760802458420972	0.005918644275516272	0.0068892422830685975
C[C>T]A	0.006440558660688112	0.008728226395482467	0.03130648462101817	0.016232738737016916	0.0167238250374794	0.02263945769518614	0.011342093162238599	0.024329954478889703	0.002085336300666017	0.007963848114013673	0.014584044367074967	0.0036746240220963955	0.024168612621724605
C[C>T]C	0.0024708022395723414	0.0033551238871780244	0.020365501288324594	0.014508224284145398	0.009603957179933786	0.029106641374528407	0.003142993825354899	0.0049777371608996646	0.0030888553708791735	0.0018467428252065155	0.019940747013606597	9.306011961869702e-10	0.014603726472705603
C[C>T]G	0.014434623037999472	0.002440111457224248	0.020038576051592826	0.0051749638040323636	0.007565192645415664	0.0067617221901628	0.008487302297726273	0.06993328407406807	0.03282678164541721	0.045559825375676155	0.016939033893868326	0.030244328239359675	0.008660245360806585
C[C>T]T	0.007484937272965908	0.011748237535364994	0.011518410314127706	0.01752032181248069	0.025116057880222798	0.012303051091976158	0.016177317313849925	0.012118119280785322	0.007191196350981954	0.007468072604387999	0.023470462299883366	0.013701324816793203	0.011858913768082856
C[T>A]A	0.00030607631967608103	0.0003491155680567544	0.001683384056241266	0.006210528872907161	0.0074535741470754145	0.005290128290653229	0.0036028451286256313	2.775989145414393e-07	0.00547452501313046	0.005011848876097247	0.007979994555557823	0.0011742613638011878	0.004870493645552187
C[T>A]C	0.0011201843270100653	9.206412869737374e-07	0.006443250947631896	0.011723329871892929	0.012520908191800118	0.007094332203269005	0.021954784728586675	0.00486410716548562	0.0032450958872459524	0.011273577436804771	0.006790296034887433	1.2842532081660737e-08	0.0021637601021211594
C[T>A]G	0.0004585938637319487	0.00041917878725143963	0.0005020334419782557	0.0037702512461692097	0.007100528571754694	0.003282817173885425	0.023026494774967432	0.019802447780966757	0.013209019200121474	0.004171114880591631	0.00622114073485136	0.002852559326572646	0.006867790224669079
C[T>A]T	2.4273385612616495e-08	0.0	0.0034304689616157327	0.011346845887601376	0.01036263312850565	0.015567140700295568	0.004034576728008688	0.0028363979421555997	0.006071781832724809	0.0016784894324246124	0.0022196845939276956	0.0003746936631898734	0.007563253438070206
C[T>C]A	0.0002653688951893411	0.0015194335392152425	0.004532070123923404	0.006199557892978191	0.004568435131761817	0.0029761654324829577	0.006183042889460921	0.008086802624166011	1.5430734421784109e-06	0.0009795599617064	0.003967158682644367	0.00484508251618081	0.0010837861802428961
C[T>C]C	5.0739780999720574e-05	0.004285172745585442	0.0007232592906802893	0.004303375352174043	0.014397360756993294	0.01302575599402761	0.005878362245857716	0.011594083718955516	0.011622226238250733	0.002775439611264119	0.009941980428993701	0.02001698352396488	0.012670811358839273
C[T>C]G	0.000639842776581645	0.011672635329887271	0.005364850105736352	0.00844699451699853	0.015925758751109242	0.00894233972494476	0.016574953124085957	0.0	0.0012129974085837603	0.003889601118862629	0.0017926801041141971	0.03011469617486	0.005959026236087084
C[T>C]T	0.000979603233281523	0.0005956179334106526	0.0060554421390406786	0.014940411224961281	0.0138103062286973	0.012948955018214293	0.0026212938682419916	0.009185972157865763	0.004660737554866045	0.006950727943331003	0.0005876992304172441	0.005476998910307884	0.0011523391120135784
C[T>G]A	6.071188494161106e-08	0.0	4.533069102308218e-08	0.0030903069891536463	0.0026829764945432545	0.0008359432739240447	0.0036002389475584097	0.0006457724142194365	0.0012166978147433837	0.002852306835552554	0.004680357700203853	0.0008960680104792118	7.348883116264915e-07
C[T>G]C	0.0019063110235947533	0.00515000163577497	0.006265158671885729	0.0034442593576386573	0.005161620257422328	0.008442443236708641	0.0015834322199225425	0.0014958920166010538	0.009064349409891292	0.012707840092480183	0.014414743520319462	0.0028396882776974054	0.0019170372281223536
C[T>G]G	0.0004968535853572308	0.003177968594809499	0.011319965618895367	0.00566372899338603	0.01118700047954917	0.02591695673763752	0.02001828607171774	6.942415826287938e-13	0.004728024359792471	0.0012535896152409563	0.008552219718694687	0.016395364236086608	0.015721593424677847
C[T>G]T	0.0	0.0	1.0244756367683295e-07	0.005542820180852459	0.01481426190584898	0.006710445585099478	0.010886086616665125	0.021104906871914863	0.010312739759683609	0.007881656090694378	0.009404810518026352	0.0010300407186150551	0.009850686602294444
G[C>A]A	0.002602409329708913	0.007117664129919493	0.0018806114327162503	0.013023033179342747	0.009169361647218465	0.024025170505046843	0.012610761495307089	0.004392212862148881	0.015499982424080372	0.009669678937643766	0.01603972874581814	0.0019302492961287498	0.01516088298521936
G[C>A]C	0.0011780222508331975	0.00881989945196701	0.006407343293540179	0.028463545069098473	0.020298939011991025	0.005287149176001549	0.015440191701054573	0.0025279512628912926	0.012326136976480485	0.0083010995942439	0.003947343941604231	0.0014949895441532135	0.015589373651891947
G[C>A]G	0.0021691099158488215	7.288083025969172e-09	0.003517548052832353	0.0	0.001460504934061646	0.0045057951239869	0.0021263277479053977	0.0026369463534749115	0.006822045985609293	0.016039635613560678	0.007064146501511459	1.0082700327984639e-07	0.007511635217815638
G[C>A]T	0.0022819425510647307	0.006098396936431527	0.005384816555306315	0.008061970537528395	0.0075232995295664296	0.009693039341266285	0.010193991611549791	0.01727499112228088	0.0016863977536559105	0.005203377106226981	0.014569741673767567	0.0015967015682875284	0.010285981604829431
G[C>G]A	0.0027162903879216715	0.007747372326095103	0.0013683412953213292	0.019211456133052706	0.010347416531294585	0.0049852570053189995	0.0038888227194547654	0.0007145389216496767	0.002050548605620861	0.005693838279694319	0.0012891974434350861	0.0015811043816654547	0.0038188915699720384
G[C>G]C	6.828473983162553e-05	0.0007779348525218666	0.0050999072729609905	0.005471468064934015	0.008673465391620994	0.006496479310959558	0.01457363311201334	0.008168916730210186	0.003463851287961006	0.0017596434273514205	5.243927097200762e-06	0.0051280329003930095	0.004664631514305029
G[C>G]G	0.00020018195836151164	0.0019047540612518842	0.0018695949111133814	0.002764623216353357	0.001743744528323532	0.000773348405436991	0.0048936611972749235	0.000657508033606291	1.9032961517950753e-07	0.0	1.7798246787492644e-06	0.0015263057061019937	0.0029202042613178493
G[C>G]T	0.003541962659183537	0.001976230119427491	0.009338550083339215	0.027539246529340745	0.01516646109521389	0.011176153458654914	0.032871410995721814	2.8025969286496343e-46	0.0	0.007761090062558651	0.0031112834495893083	0.0020000974400318228	0.005464722187389271
G[C>T]A	0.003223776863887906	0.009914742130786181	0.018646767340396764	0.008815158437937499	0.015375153161585331	0.011530842632055283	0.021614668518304826	0.007452294230461121	0.029950162023305894	0.00477656414732337	0.02261171881109476	0.008315020985901356	0.034721347689628604
G[C>T]C	0.002315047383308411	0.007793239317834377	0.027805010322481394	0.027946787141263484	0.009469588007777929	0.0023832118040445494	0.008564053103327751	0.02320595597848296	0.0	0.0038241222800706963	0.018230374716222287	0.015206358954310417	0.0028433290720840886
G[C>T]G	0.006251944749965333	0.014805404283106328	0.02688238089904189	0.016087230260018258	0.007178419455885887	0.019450183352455498	0.0036332274316464483	0.050342188030481336	0.0469354197382927	0.04594561159610748	0.04793073832988739	0.020121227158233522	0.017679878297110464
G[C>T]T	0.0051948724314570425	0.004163853513745863	0.009622461628168821	0.012665617140009999	0.005934305372647941	0.00953889898955822	0.007149718143045903	0.011561366496607661	0.029028327018022538	0.024150044488305867	0.005741039756685495	0.0011483738178867497	0.016357514541596174
G[T>A]A	0.0006160729681141675	0.006204085297315487	0.006666100089205429	0.0010995943620230263	0.0004970785651607912	0.0039942773247152695	0.0050829365383833645	0.012519575143232941	0.006457273662090301	0.0016593902371823787	0.006315990490838886	0.004554591459827862	0.002024020254611969
G[T>A]C	5.9437849131427353e-08	1.718313797027804e-07	0.0	0.010749269928783178	0.007927766864474961	0.0064417459014975975	0.0036781719420105248	0.0031199668481349365	0.0037220610644510543	0.002622803264284812	4.3225246599831734e-07	0.0028335578881410585	3.0322759130285705e-07
G[T>A]G	0.0009692739251818238	0.007173312327358872	0.002630906435661018	0.01388273355551064	0.010502211563497522	0.0005762443877756595	0.010347356088459497	0.0037365072487318685	0.005197995528578758	0.003892158670350909	0.007427526690935338	0.0020935368231505434	0.001702905260026455
G[T>A]T	0.0009923230877823112	0.0020897206268273294	0.00026979305969234704	0.010446744924411177	0.008190523693338036	0.0085562472045126	0.005092567531391978	0.003286570143723111	0.006321807990207162	0.007915060454979538	0.008855253551155328	0.001083430153934728	0.00906779058277607
G[T>C]A	0.0005502929086333097	0.0001810919842682779	0.007203236036002636	0.007893184432759881	0.02203638628125191	0.0049875019118189815	0.01688395831733942	0.001321956275478442	0.013048819869948148	0.015631732251495122	0.00032685043995570593	0.004151835292577744	0.02635033568367362
G[T>C]C	0.0020214555357355836	0.0011384564860691172	0.006139194032834893	0.004061901522800326	0.0025040142703801394	1.2004980021629307e-06	0.00434517168905586	0.006097706500440836	0.00928456224501133	0.012165634240955115	0.00861239378702976	0.011000383310982898	0.004052311740815639
G[T>C]G	0.0012866400895520825	0.0005611154550820175	0.00330217806622386	0.011512628197669983	0.0017704466357827187	1.466589083065628e-07	0.006185653273621483	1.5576255236737778e-07	0.002622774196788671	0.011356701422482757	0.005740454141050577	0.005094053034449247	0.009321575425565243
G[T>C]T	0.0007244607317261398	0.0002209250582382083	0.0026310642657335847	0.006912606093101204	0.006827268702909351	0.006180005148053169	0.006552061066031456	0.013406109344214202	0.021427077054977418	0.012523266393691302	0.011343579925596713	0.007759687257930636	0.004720180388540029
G[T>G]A	3.195593478722003e-08	0.0	0.0	0.004494678299193928	0.013509514834731817	0.0026366719976067543	0.013453979510813951	0.0008806115377865354	0.007673603372086291	0.004886444068939221	0.008115708734840155	0.0028556966222822665	0.0037238641609974366
G[T>G]C	0.0010704896024727796	0.004625479197105165	0.0011676005669869483	0.001960223075002432	0.005120153445750475	0.0017412546323612333	0.0023128774017095568	7.732786002634385e-08	0.005376514376382602	0.005255849659442901	0.0038545752490080076	0.0034712933561422687	0.0036862184873541538
G[T>G]G	0.0013953701127320725	0.003760019782930785	0.0018994708545506	0.011053592571988702	0.016142285242676736	0.01717899730429053	0.007531852051033639	0.005075907707214356	0.007404065989317132	0.015053866431117058	0.0014879479048908832	0.0	0.003484985556460174
G[T>G]T	0.0011477514317597582	0.0009672920165030524	0.002119471311596044	0.004226941522210837	0.012095327209681272	0.005833097919821739	0.005769344512373209	0.009812175668776036	0.004774622282479868	0.010317427152767778	0.003968631896425134	0.0008211865102111914	0.0059637357752308166
T[C>A]A	0.027961808443069457	0.029492973908782007	0.012279811308690113	0.010291642136871814	0.005631605093367398	0.028933930024504662	0.012151627521961927	0.009525448673770143	0.015126235596835614	0.005910276249051094	0.03822590261697769	0.01285353470593691	0.008649624790996313
T[C>A]C	0.018098739720880986	0.01631107233624789	0.016098114079795778	0.03973566964268684	0.015378745272755623	0.0010946834739343104	0.008053967589512467	0.0	0.0011411095100138603	0.012985381612088532	2.2915305635251572e-07	0.008121697418391704	0.0227196685038507
T[C>A]G	0.0016660157592483936	0.007203007582575083	0.0060561980120837685	0.001792522536936758	0.0013982780929666205	0.005057903239503503	0.0	0.0076181085780262945	0.011604312295094132	0.004080939176492393	0.002530685443338143	0.002525418279910241	0.0
T[C>A]T	0.01573878675699234	0.0204980211909906	0.01444724057514577	0.01632606018029037	0.011934618919791973	0.05148043483495712	0.02854725457727909	0.02753560971468687	0.011733537299221582	0.018968398764627636	0.004097488523903105	0.022567590791733948	0.013874260149896145
T[C>G]A	0.18293549716472626	0.044706325978040695	0.06064757890999317	0.007745170523412526	0.01139599539237679	0.027073015086352827	0.005491805425845086	0.02118070814758539	0.008495168818045329	0.0632887378334999	0.007417110353708417	0.012567287892350353	0.021798650361606272
T[C>G]C	0.02972276258878139	0.054762190021574494	0.014987634448334574	0.026521879620850085	0.025958359614014624	0.006112427311162686	0.01083588085057272	0.01677644924457127	0.033250635303556916	0.03382726032286883	0.003636607341468334	0.04115572422742845	0.03685492869781233
T[C>G]G	0.0092970569152385	0.01493714414536953	0.005388932388814283	0.002490507906142625	0.0022187231349391824	0.0034130897372961046	0.0006987071172382387	2.933495120750487e-29	2.160650069527037e-07	1.0420958119539136e-06	4.295587132219225e-07	0.006219040602445602	0.0024401280822758053
T[C>G]T	0.16612577438354492	0.16365061402320863	0.08015426695346832	0.035114651918411253	0.01573552577756345	0.03823885247111321	0.023816788056865334	0.017878263629972933	0.002012270735576749	0.03112864149734378	0.010484335664659738	0.07019384913146495	0.0460224661976099
T[C>T]A	0.22561122477054596	0.08918740302324295	0.15494829341769217	9.439656860206548e-05	0.002452515996992588	0.008392686396875803	0.009310712665320905	0.04363914504647255	0.02870255820453167	0.020746071829580614	0.03512808233499527	0.04271396836265921	0.010682005650596692
T[C>T]C	0.06307030916213989	0.031041631288826466	0.03265703059732914	0.014863047120161354	0.015278144180774689	0.02020213790465246	0.021467502787709238	0.02266462445259094	0.03190792333334684	0.015362120326660591	0.04133381955325603	0.005018894345266744	0.01957060694694519
T[C>T]G	0.05189134180545807	0.042200499773025514	0.0291907362639904	0.0068919345758682625	0.009963193471291275	0.026442745793610813	0.02433929033577442	0.012521699629724025	0.04412881098687649	0.01898357319396702	0.03343217298388481	0.022612338326871394	0.002388929761946201
T[C>T]T	0.07863528206944466	0.09467585608363152	0.08589217513799667	0.008501891023479402	0.0215334702283144	0.03536225584321073	0.0034644111641682685	0.04426594041287899	0.021244081482291222	0.020217921875882894	0.04293973371386528	0.019767613802105233	0.01584352096542716
T[T>A]A	0.0017348773893900216	0.007735403999686241	0.00340589489787817	0.0023372777737677096	0.0020480471197515727	0.014772298187017441	0.0014117751159261616	0.01610540132969618	0.024987756088376046	0.018122880556620657	0.018615959398448467	0.01119338721036911	0.002868377137929201
T[T>A]C	0.0014893930003381684	0.005505918618291616	0.0013960645955848339	0.0028969119768589733	0.004883747105486691	0.0022579846903681756	0.009930340573191643	0.006570581059804681	0.007509421240570191	0.006341331824660301	0.015175276558420592	0.0024839543550911	0.0035204973071813585
T[T>A]G	0.0003024836303666234	0.0012373748701065778	0.0029423653380945326	0.006876415712758899	0.009996828017756343	0.0007171041105678456	0.005878241546452045	0.0	0.013159377407289664	0.0012979539282241604	0.00855909762904048	0.011509711109101772	0.02033094293437898
T[T>A]T	0.001003023306839168	0.006292298345756749	0.00010341974144125742	0.018871572986246032	0.010805132193490862	0.005100551061332226	0.023728523403406143	0.0008047792907333983	0.00491620825659993	0.00534800336817709	0.014424043428152799	0.001693997767314859	0.006912581111282634
T[T>C]A	0.0004808069746701449	0.0	0.0010565386153757572	0.0018323469907045365	0.007691067270934581	0.007205360382795334	0.00973738133907318	0.013003119453787803	0.01688732858747244	0.01284216595813632	0.01253168135881424	9.974663726097787e-08	0.007311184325931208
T[T>C]C	0.0005229988193605096	3.923635700109488e-44	0.0024879874703946482	0.010413351841270924	0.013152343593537808	0.0011120742417220872	0.0062512953765690325	0.010768685676157474	0.012584409551504906	0.01703321235254407	0.00981616916642929	0.01192159884647026	0.003481565257337138
T[T>C]G	0.00012201087691542795	0.007879979955032469	0.003449005400761962	0.011856662295758724	0.010010774763514974	0.0010733822360634803	0.0	1.4235376966098556e-07	0.003115746441008582	0.006162651191192481	0.002623832758069078	0.01451280134681383	0.0008025659239137894
T[T>C]T	0.0010390395182184875	0.010541591234505177	2.8121738182562693e-08	0.0019043620442971588	0.0131120425183326	0.0012041147279433062	0.007119378447532654	0.03182535767555237	0.010207416489720345	0.008992845574209696	0.026906442269682883	0.019883409887552262	0.007291776105648751
T[T>G]A	0.0003628724836744368	0.0021243989933282135	0.0003107861420460268	0.0007290399167686701	0.010786296892911195	0.0	0.004479889591874553	0.004506771964965803	0.005025578103959561	0.0021801088005304337	1.0740262382569198e-06	0.03000584300607443	0.004640183713320312
T[T>G]C	0.00013247439621437706	0.007942541275406256	0.0019496784433215453	0.004678575415164232	0.011907030642032624	0.0027861019130796193	0.0007229776354506611	0.003565840143710375	0.001955974446741493	0.001975423704186596	4.4283224269747735e-07	0.008471820326685567	0.0020978810265660287
T[T>G]G	0.0	0.00397302471101284	9.720068874230492e-08	0.013852487877011299	0.007053719639151268	0.0029908095317523475	0.006121526705101132	0.009234679379460431	0.0005899577843138113	0.0019755064615992524	0.0013445575324453785	0.004156411625444889	0.004022670903941617
T[T>G]T	0.00010253352706257601	0.0004370965806060667	0.003747566242236644	0.0048705686902602695	0.02105637677013874	0.01603639740496874	0.010283895209431649	0.006939799152314663	0.006391689610609319	0.005112529501377594	0.0019091462716529812	0.009736540541507969	0.018120183387486576
