MutationType	SBS96A	SBS96B	SBS96C	SBS96D	SBS96E	SBS96F	SBS96G	SBS96H	SBS96I	SBS96J	SBS96K	SBS96L	SBS96M
A[C>A]A	5.28E-04	5.56E-03	6.19E-03	6.47E-03	1.15E-02	2.27E-03	8.13E-03	1.97E-03	8.19E-03	4.81E-03	5.11E-03	1.35E-02	3.22E-03
A[C>A]C	1.33E-09	2.19E-03	2.48E-03	3.43E-03	2.72E-03	1.85E-03	6.07E-03	3.46E-03	9.00E-03	5.02E-03	1.05E-02	5.37E-03	4.54E-03
A[C>A]G	9.86E-04	3.95E-03	4.82E-04	1.75E-04	3.20E-03	1.54E-03	5.38E-04	1.62E-03	1.15E-03	6.24E-03	8.28E-08	8.56E-03	3.81E-03
A[C>A]T	5.38E-04	6.63E-03	2.97E-03	7.55E-03	5.61E-03	5.79E-03	5.57E-03	1.47E-03	8.66E-03	3.55E-03	4.63E-07	5.65E-03	1.35E-02
A[C>G]A	1.48E-03	1.69E-03	3.29E-03	2.38E-03	1.81E-03	2.22E-03	3.42E-03	3.52E-03	4.92E-03	6.70E-03	5.19E-03	5.49E-03	4.79E-03
A[C>G]C	2.95E-04	5.03E-03	3.63E-04	1.85E-03	1.82E-03	5.36E-04	5.26E-03	3.15E-03	4.88E-03	2.54E-03	1.45E-03	6.01E-03	3.22E-03
A[C>G]G	1.96E-04	6.38E-04	1.30E-03	1.37E-03	4.15E-03	0.00E+00	3.86E-03	3.86E-08	1.31E-06	9.57E-04	1.15E-03	7.87E-03	4.60E-03
A[C>G]T	1.15E-03	4.04E-03	3.80E-03	4.42E-03	2.62E-03	6.14E-03	1.05E-02	6.68E-03	7.97E-03	4.94E-03	1.13E-02	3.85E-03	1.21E-02
A[C>T]A	1.50E-03	9.43E-04	1.30E-02	7.41E-03	4.89E-03	1.99E-03	4.60E-03	3.31E-03	6.02E-03	5.57E-03	5.12E-03	5.85E-04	1.14E-02
A[C>T]C	1.12E-03	3.98E-03	2.23E-03	2.22E-03	4.86E-03	9.88E-03	6.62E-03	7.77E-03	4.58E-03	4.12E-03	7.74E-03	5.41E-03	3.44E-03
A[C>T]G	4.88E-03	5.21E-03	1.30E-02	4.89E-03	3.40E-03	1.88E-02	4.70E-03	6.17E-03	1.52E-02	1.71E-02	1.12E-02	9.09E-03	1.59E-02
A[C>T]T	2.59E-04	7.04E-03	3.13E-03	3.15E-03	5.90E-03	5.00E-03	1.12E-03	5.31E-03	6.48E-03	4.16E-03	9.18E-05	1.57E-03	3.33E-03
A[T>A]A	9.45E-05	3.73E-04	1.45E-04	2.47E-03	1.55E-03	3.94E-03	1.75E-03	3.60E-08	3.73E-07	0.00E+00	1.39E-03	7.16E-04	4.60E-03
A[T>A]C	2.01E-04	6.04E-04	5.02E-04	4.14E-03	1.49E-03	1.00E-03	2.89E-03	6.61E-03	3.22E-03	1.52E-03	8.82E-03	2.76E-03	2.05E-03
A[T>A]G	1.04E-04	8.15E-03	9.15E-04	1.91E-03	2.49E-03	4.81E-03	2.19E-03	3.75E-03	3.35E-03	1.92E-03	6.33E-03	2.20E-03	5.32E-03
A[T>A]T	2.01E-03	0.00E+00	1.37E-03	4.28E-03	3.41E-03	2.27E-03	5.03E-04	2.67E-03	5.43E-03	7.32E-03	4.89E-03	3.70E-03	3.72E-03
A[T>C]A	6.43E-05	1.17E-02	8.04E-03	4.09E-03	4.29E-03	3.84E-03	2.78E-03	8.88E-03	5.89E-03	2.57E-03	5.97E-03	6.58E-03	1.34E-02
A[T>C]C	5.52E-04	5.76E-03	5.23E-04	1.47E-03	4.81E-03	4.51E-03	2.36E-03	1.74E-03	0.00E+00	7.19E-03	4.16E-07	2.97E-03	1.98E-03
A[T>C]G	1.35E-03	1.25E-03	2.65E-03	2.80E-03	5.98E-03	2.83E-03	2.64E-03	3.24E-03	3.87E-03	9.86E-03	2.35E-03	6.01E-03	7.88E-03
A[T>C]T	3.33E-04	5.33E-03	5.81E-03	3.05E-03	4.51E-03	1.49E-02	4.28E-04	5.86E-03	1.29E-02	2.95E-03	5.71E-03	6.05E-03	1.22E-02
A[T>G]A	5.17E-05	2.25E-03	1.03E-03	2.81E-03	2.81E-03	4.40E-03	2.83E-03	2.69E-03	3.90E-03	3.43E-03	2.08E-03	2.20E-03	3.82E-03
A[T>G]C	2.29E-07	2.93E-04	3.18E-04	2.15E-03	2.30E-03	5.84E-08	2.27E-03	4.79E-08	1.48E-03	1.05E-03	6.36E-04	2.90E-03	9.25E-04
A[T>G]G	1.41E-04	3.34E-03	1.97E-04	1.94E-03	3.19E-03	5.28E-04	2.01E-03	5.30E-07	1.59E-03	2.24E-03	2.50E-03	3.04E-03	5.45E-03
A[T>G]T	5.15E-04	2.32E-03	6.40E-04	7.71E-04	8.33E-04	3.88E-03	4.07E-03	3.15E-03	2.25E-03	1.48E-03	3.43E-03	5.44E-04	3.76E-03
C[C>A]A	6.96E-05	2.78E-03	4.54E-03	5.37E-03	3.84E-03	4.88E-03	3.64E-03	3.69E-03	6.45E-03	5.65E-03	4.19E-03	7.42E-03	5.88E-03
C[C>A]C	1.46E-03	2.96E-03	3.18E-03	6.18E-03	2.18E-03	1.28E-02	6.83E-03	0.00E+00	5.67E-03	7.01E-03	2.34E-03	3.51E-03	8.54E-03
C[C>A]G	4.52E-04	1.27E-03	1.54E-03	1.44E-03	9.37E-04	1.20E-03	2.63E-03	1.85E-03	6.61E-04	1.48E-03	6.98E-04	2.71E-03	1.31E-03
C[C>A]T	5.45E-04	2.68E-03	8.60E-03	5.22E-03	4.53E-03	7.06E-03	6.91E-03	1.50E-03	3.48E-03	3.80E-03	5.76E-03	3.25E-03	7.68E-03
C[C>G]A	8.64E-04	3.83E-03	5.08E-03	2.63E-03	4.53E-03	2.15E-03	3.82E-03	3.45E-03	2.72E-03	3.13E-03	7.13E-03	5.18E-03	2.76E-03
C[C>G]C	1.15E-04	8.05E-04	4.69E-03	3.10E-03	3.93E-03	1.04E-03	2.75E-03	4.27E-03	1.55E-03	5.13E-03	6.77E-03	3.74E-03	4.88E-03
C[C>G]G	1.03E-03	2.84E-03	2.98E-03	7.00E-04	1.26E-03	8.27E-04	5.15E-03	1.85E-03	8.47E-04	4.41E-03	2.57E-03	4.28E-03	1.28E-03
C[C>G]T	1.66E-03	4.34E-03	5.41E-03	1.66E-03	5.15E-03	7.09E-03	9.20E-03	4.44E-03	5.60E-03	2.10E-03	5.70E-03	4.84E-03	4.88E-03
C[C>T]A	3.07E-03	6.14E-03	1.35E-02	2.81E-03	6.09E-03	1.42E-02	4.27E-03	7.59E-03	2.09E-03	4.88E-03	7.17E-03	2.30E-03	9.99E-03
C[C>T]C	1.52E-03	2.26E-03	8.10E-03	5.75E-03	1.70E-03	8.85E-03	2.24E-03	4.05E-03	3.09E-03	1.85E-03	8.86E-03	9.31E-10	5.60E-03
C[C>T]G	6.39E-03	2.44E-03	4.47E-03	3.60E-03	3.45E-03	3.58E-03	4.04E-03	1.14E-02	1.33E-02	1.61E-02	8.37E-03	1.01E-02	6.92E-03
C[C>T]T	9.13E-04	4.73E-03	4.54E-03	5.07E-03	5.38E-03	4.89E-03	9.54E-03	3.49E-03	3.45E-03	6.05E-03	5.96E-03	3.23E-03	4.61E-03
C[T>A]A	1.88E-04	3.49E-04	1.56E-03	2.42E-03	2.59E-03	3.41E-03	1.93E-03	2.43E-07	2.56E-03	4.29E-03	3.28E-03	1.17E-03	2.15E-03
C[T>A]C	4.13E-04	9.21E-07	2.84E-03	6.88E-03	5.43E-03	3.86E-03	2.45E-03	2.99E-03	1.64E-03	5.00E-03	2.65E-03	1.28E-08	1.26E-03
C[T>A]G	4.57E-04	4.19E-04	3.18E-04	1.66E-03	2.83E-03	1.93E-03	6.24E-03	7.69E-03	8.23E-03	2.89E-03	3.81E-03	2.02E-03	3.07E-03
C[T>A]T	2.24E-08	0.00E+00	3.43E-03	3.51E-03	3.01E-03	4.33E-03	2.57E-03	7.54E-04	5.10E-03	1.68E-03	2.22E-03	3.75E-04	3.92E-03
C[T>C]A	1.71E-04	9.53E-04	2.81E-03	6.06E-04	2.13E-03	1.82E-03	2.13E-03	2.82E-03	1.30E-06	9.80E-04	2.47E-03	2.17E-03	6.65E-04
C[T>C]C	5.07E-05	4.29E-03	6.62E-04	2.11E-03	4.64E-03	5.96E-03	2.64E-03	2.61E-03	4.52E-03	1.70E-03	4.93E-03	7.17E-03	5.48E-03
C[T>C]G	3.94E-04	8.10E-03	4.90E-03	2.98E-03	6.87E-03	5.84E-03	5.14E-03	0.00E+00	1.19E-03	2.57E-03	1.79E-03	1.36E-02	3.13E-03
C[T>C]T	4.51E-04	4.85E-04	6.01E-03	2.00E-03	4.64E-03	5.20E-03	1.20E-03	3.27E-03	1.93E-03	3.64E-03	5.87E-04	3.58E-03	1.15E-03
C[T>G]A	5.00E-08	0.00E+00	4.53E-08	1.09E-03	1.38E-03	8.36E-04	1.98E-03	6.45E-04	7.49E-04	2.26E-03	3.27E-03	8.96E-04	3.50E-07
C[T>G]C	1.90E-03	3.72E-03	2.29E-03	1.42E-03	1.72E-03	3.82E-03	1.08E-03	1.50E-03	3.04E-03	5.37E-03	4.46E-03	2.48E-03	1.32E-03
C[T>G]G	3.44E-04	3.08E-03	6.16E-03	1.85E-03	2.75E-03	7.87E-03	2.61E-03	6.94E-13	3.31E-03	1.25E-03	4.14E-03	4.70E-03	4.61E-03
C[T>G]T	0.00E+00	0.00E+00	1.02E-07	2.53E-03	4.12E-03	3.43E-03	3.17E-03	5.56E-03	6.55E-03	6.32E-03	4.24E-03	1.03E-03	4.76E-03
G[C>A]A	1.48E-03	4.76E-03	9.25E-04	2.95E-03	2.41E-03	8.70E-03	4.10E-03	1.65E-03	7.47E-03	1.66E-03	5.84E-03	1.93E-03	5.53E-03
G[C>A]C	9.25E-04	7.52E-03	4.63E-03	4.16E-03	3.67E-03	5.29E-03	5.77E-03	1.75E-03	3.66E-03	4.42E-03	1.64E-03	1.49E-03	5.92E-03
G[C>A]G	1.16E-03	7.29E-09	3.10E-03	0.00E+00	9.84E-04	4.04E-03	1.51E-03	1.14E-03	3.56E-03	1.05E-02	6.18E-03	1.01E-07	5.92E-03
G[C>A]T	1.67E-03	3.85E-03	3.14E-03	2.13E-03	2.57E-03	7.32E-03	3.97E-03	4.54E-03	1.69E-03	3.95E-03	5.36E-03	9.80E-04	4.93E-03
G[C>G]A	1.56E-03	2.36E-03	1.02E-03	7.28E-03	4.55E-03	2.64E-03	2.51E-03	7.15E-04	2.05E-03	1.74E-03	7.89E-04	1.13E-03	3.82E-03
G[C>G]C	6.83E-05	7.05E-04	3.05E-03	1.53E-03	1.53E-03	2.71E-03	1.74E-03	1.52E-03	3.46E-03	1.76E-03	5.12E-06	2.77E-03	3.79E-03
G[C>G]G	1.97E-04	8.66E-04	1.43E-03	1.14E-03	1.13E-03	6.24E-04	2.51E-03	6.57E-04	1.90E-07	0.00E+00	1.68E-06	1.10E-03	2.27E-03
G[C>G]T	2.14E-03	1.21E-03	2.50E-03	3.72E-03	3.62E-03	4.91E-03	4.04E-03	2.80E-46	0.00E+00	1.77E-03	3.11E-03	1.99E-03	2.64E-03
G[C>T]A	1.08E-03	6.49E-03	1.02E-02	2.27E-03	4.60E-03	8.17E-03	7.95E-03	4.61E-03	8.20E-03	3.91E-03	1.04E-02	4.08E-03	1.80E-02
G[C>T]C	1.01E-03	4.89E-03	1.28E-02	5.79E-03	5.17E-03	2.32E-03	3.59E-03	8.67E-03	0.00E+00	1.61E-03	1.03E-02	6.33E-03	1.67E-03
G[C>T]G	4.13E-03	6.84E-03	1.27E-02	6.86E-03	3.97E-03	8.96E-03	3.48E-03	8.38E-03	1.26E-02	1.71E-02	1.17E-02	1.06E-02	9.81E-03
G[C>T]T	1.18E-03	4.16E-03	4.13E-03	4.43E-03	1.78E-03	5.00E-03	1.25E-03	3.62E-03	9.90E-03	1.21E-02	4.13E-03	1.15E-03	6.35E-03
G[T>A]A	5.00E-04	4.67E-03	6.23E-03	8.47E-04	4.97E-04	3.28E-03	2.98E-03	3.48E-03	4.17E-03	1.03E-03	4.40E-03	2.79E-03	2.02E-03
G[T>A]C	5.94E-08	1.72E-07	0.00E+00	1.70E-03	2.25E-03	3.65E-03	2.52E-03	1.43E-03	2.41E-03	2.62E-03	2.69E-07	1.83E-03	1.40E-07
G[T>A]G	9.69E-04	6.67E-03	9.54E-04	5.69E-03	3.14E-03	5.76E-04	3.01E-03	1.62E-03	5.20E-03	2.03E-03	2.30E-03	1.82E-03	1.70E-03
G[T>A]T	9.92E-04	1.93E-03	2.04E-04	4.76E-03	4.02E-03	4.88E-03	2.64E-03	2.41E-03	2.52E-03	3.61E-03	4.55E-03	6.89E-04	5.31E-03
G[T>C]A	5.50E-04	1.81E-04	5.23E-03	3.05E-03	1.11E-02	2.27E-03	2.65E-03	8.15E-04	5.86E-03	4.56E-03	3.26E-04	4.15E-03	8.13E-03
G[T>C]C	1.35E-03	6.99E-04	5.06E-03	1.32E-03	1.97E-03	1.09E-06	3.35E-03	2.70E-03	3.82E-03	6.73E-03	7.29E-03	5.64E-03	3.29E-03
G[T>C]G	1.00E-03	3.44E-04	1.39E-03	3.62E-03	1.77E-03	1.47E-07	3.74E-03	1.56E-07	1.81E-03	4.31E-03	2.99E-03	3.63E-03	5.01E-03
G[T>C]T	4.81E-04	2.21E-04	1.97E-03	2.27E-03	2.70E-03	2.44E-03	2.76E-03	3.76E-03	2.12E-03	5.28E-03	5.13E-03	3.58E-03	3.04E-03
G[T>G]A	3.20E-08	0.00E+00	0.00E+00	1.96E-03	2.53E-03	1.40E-03	5.94E-03	8.81E-04	3.26E-03	4.59E-03	5.18E-03	1.32E-03	3.72E-03
G[T>G]C	1.01E-03	3.20E-03	1.03E-03	8.02E-04	2.73E-03	8.46E-04	2.31E-03	7.73E-08	5.38E-03	2.22E-03	3.85E-03	2.67E-03	3.69E-03
G[T>G]G	5.53E-04	3.00E-03	8.00E-04	2.66E-03	1.38E-03	6.47E-03	1.97E-03	2.32E-03	3.85E-03	5.60E-03	1.49E-03	0.00E+00	2.14E-03
G[T>G]T	4.71E-04	9.65E-04	1.25E-03	2.30E-03	4.58E-03	3.59E-03	3.00E-03	2.61E-03	2.99E-03	4.28E-03	3.00E-03	8.21E-04	2.66E-03
T[C>A]A	6.65E-03	1.07E-02	4.59E-03	3.45E-03	1.54E-03	4.11E-03	5.05E-03	4.54E-03	9.79E-03	4.93E-03	1.42E-02	6.38E-03	6.17E-03
T[C>A]C	4.14E-03	5.30E-03	7.38E-03	1.24E-03	4.85E-03	6.75E-04	7.24E-03	0.00E+00	1.14E-03	7.48E-03	2.29E-07	6.34E-03	6.56E-03
T[C>A]G	1.03E-03	4.65E-03	3.82E-03	7.44E-04	1.40E-03	2.75E-03	0.00E+00	3.81E-03	6.22E-03	3.77E-03	2.53E-03	2.53E-03	0.00E+00
T[C>A]T	1.54E-03	1.01E-02	6.31E-03	8.68E-03	5.24E-03	1.01E-02	7.89E-03	8.03E-03	1.08E-02	7.20E-03	2.54E-03	9.31E-03	7.50E-03
T[C>G]A	1.79E-02	6.27E-03	2.89E-02	2.03E-03	8.23E-03	1.02E-02	5.16E-03	7.30E-03	4.06E-03	3.02E-02	7.42E-03	6.59E-03	1.25E-02
T[C>G]C	8.01E-03	1.17E-02	7.61E-03	8.11E-03	1.10E-02	4.05E-03	8.38E-03	9.12E-03	1.69E-02	1.31E-02	2.26E-03	1.94E-02	1.97E-02
T[C>G]G	3.39E-03	4.70E-03	2.93E-03	1.58E-03	1.68E-03	2.10E-03	4.52E-04	2.93E-29	1.36E-07	5.92E-07	2.83E-07	2.55E-03	1.55E-03
T[C>G]T	1.16E-02	2.81E-02	3.30E-02	6.82E-03	5.76E-03	1.21E-02	8.46E-03	6.68E-03	1.40E-03	1.24E-02	3.31E-03	1.43E-02	8.11E-03
T[C>T]A	2.82E-02	1.72E-02	3.76E-02	9.44E-05	2.45E-03	5.43E-03	5.77E-03	5.05E-03	1.39E-02	1.08E-02	9.29E-03	1.93E-02	6.14E-03
T[C>T]C	5.95E-03	1.39E-02	1.27E-02	3.82E-03	4.22E-03	7.17E-03	6.91E-03	8.07E-03	1.27E-02	8.86E-03	6.97E-03	3.12E-03	1.17E-02
T[C>T]G	1.05E-02	1.95E-02	1.10E-02	2.67E-03	4.67E-03	1.64E-02	8.39E-03	6.03E-03	7.89E-03	7.96E-03	9.54E-03	8.23E-03	1.85E-03
T[C>T]T	1.83E-02	3.63E-02	1.35E-02	4.32E-03	4.32E-03	1.26E-02	1.89E-03	1.12E-02	1.01E-02	8.75E-03	7.40E-03	8.24E-03	4.74E-03
T[T>A]A	9.76E-04	3.28E-03	1.80E-03	1.43E-03	1.67E-03	6.03E-03	1.41E-03	3.56E-03	8.62E-03	8.73E-03	1.02E-02	4.97E-03	2.07E-03
T[T>A]C	1.44E-03	2.42E-03	1.01E-03	1.54E-03	2.28E-03	2.26E-03	5.81E-03	2.66E-03	3.94E-03	2.00E-03	4.35E-03	1.19E-03	3.52E-03
T[T>A]G	3.02E-04	7.58E-04	1.13E-03	2.46E-03	4.11E-03	5.18E-04	1.71E-03	0.00E+00	7.56E-03	1.30E-03	4.89E-03	6.55E-03	1.46E-02
T[T>A]T	4.51E-04	5.52E-03	8.22E-05	5.37E-03	5.36E-03	3.19E-03	4.69E-03	8.05E-04	3.08E-03	3.34E-03	6.54E-03	1.24E-03	4.25E-03
T[T>C]A	4.81E-04	0.00E+00	1.06E-03	1.16E-03	3.85E-03	4.66E-03	4.50E-03	4.19E-03	8.12E-03	5.76E-03	3.19E-03	9.97E-08	5.25E-03
T[T>C]C	4.86E-04	3.92E-44	1.57E-03	2.59E-03	2.21E-03	1.11E-03	3.23E-03	3.24E-03	4.51E-03	6.21E-03	2.56E-03	7.46E-03	2.88E-03
T[T>C]G	1.22E-04	2.76E-03	2.09E-03	2.55E-03	4.03E-03	1.07E-03	0.00E+00	1.42E-07	2.01E-03	2.59E-03	2.62E-03	8.18E-03	5.31E-04
T[T>C]T	9.93E-04	8.86E-03	2.81E-08	9.87E-04	6.17E-03	7.16E-04	3.39E-03	7.89E-03	3.02E-03	3.93E-03	5.22E-03	1.08E-02	3.45E-03
T[T>G]A	2.27E-04	1.77E-03	3.11E-04	4.75E-04	3.44E-03	0.00E+00	3.38E-03	2.71E-03	2.35E-03	1.63E-03	9.68E-07	8.90E-03	3.41E-03
T[T>G]C	9.40E-05	3.57E-03	1.49E-03	1.11E-03	8.54E-03	1.30E-03	5.75E-04	1.43E-03	1.96E-03	1.96E-03	4.43E-07	4.02E-03	2.10E-03
T[T>G]G	0.00E+00	3.97E-03	6.08E-08	2.42E-03	4.39E-03	1.88E-03	2.55E-03	3.56E-03	5.90E-04	1.98E-03	1.34E-03	3.12E-03	1.94E-03
T[T>G]T	1.02E-04	4.37E-04	2.87E-03	2.09E-03	7.11E-03	3.92E-03	4.45E-03	2.28E-03	4.83E-03	5.11E-03	1.91E-03	5.96E-03	6.21E-03
