MutationType	SBS96A	SBS96B	SBS96C	SBS96D	SBS96E	SBS96F	SBS96G	SBS96H	SBS96I	SBS96J
A[C>A]A	0.0009863456012702046	0.017757618520408868	0.02378299683332443	0.030237243697047233	0.003426207177108154	0.02652408108115196	0.01928826831281185	0.005013391146394497	0.020395939390130024	0.02321893349289894
A[C>A]C	0.0002482761556167383	0.011867273988900705	0.018971938639879227	0.013134672865271568	0.012670625187456607	0.008117260877043009	0.028606323152780534	0.018004262819886208	0.015214341506361962	0.015993236936628817
A[C>A]G	0.00017925991560332477	0.0010099979203005206	0.0035979371517896653	0.002918080872041173	0.0003740492626167924	0.0026586113031953572	0.0017780180322006344	0.0032143827543880503	0.003009864565120779	0.0060325358877889815
A[C>A]T	0.0003812994989857546	0.010695092886453494	0.022260668128728865	0.017237124778330327	0.010333709185943007	0.014397510699927807	0.021941418573260308	0.008828849710266696	0.014032242260873318	0.01071944385766983
A[C>G]A	0.002170074362948071	0.0035955077172665105	0.020183451101183893	0.015765601862221958	0.01836916320025921	0.005263963690958917	0.00689961816998057	0.012722520262468607	0.013511274638585747	0.005165676097385585
A[C>G]C	0.0009155937237665057	0.0027574945939704775	0.011632144637405872	0.007064481093046027	0.009005849249660969	0.007261617667973041	0.010267616994678975	0.007997398730367422	0.007669678353704512	0.006286865007132292
A[C>G]G	9.895384209812619e-05	0.0006124169271196686	0.008252167794853448	0.0024754353798925877	0.0025513741858803397	0.0012107200333502988	0.0017798871034756304	0.002743383194147642	0.004969339352101088	0.0030944481782949397
A[C>G]T	0.0026305759558454154	0.002370446494804197	0.018555904179811476	0.015247719176113606	0.02129182033240795	0.007618231792002916	0.011471490748226643	0.006036155979381874	0.009313245449448004	0.006488314620219171
A[C>T]A	0.003542114142328502	0.020296193612739443	0.019439912773668765	0.01754553560167551	0.006437005568295717	0.027309757843613624	0.020709946937859058	0.013475746568292379	0.019596428051590918	0.016911439038813113
A[C>T]C	0.0014446346205659211	0.004690762193058617	0.007624785928055644	0.007220446737483144	0.015080912411212921	0.009125722851604224	0.012726749014109372	0.003539189975708723	0.009779572486877441	0.012373783625662327
A[C>T]G	0.002303996600676328	0.012489969884030602	0.003811297267793842	0.0181405984563753	0.01852377994218841	0.08535495027899742	0.00549275572411716	0.028448673099046574	0.015954834404964657	0.07432104051113128
A[C>T]T	0.0012910566400023526	0.00971901761367917	0.022034403495490552	0.021014021895825862	0.012809169292449952	0.019679379649460316	0.008612017694395036	0.004399674036540126	0.016215495206415652	0.002635661174585513
A[T>A]A	0.001493031159043312	0.0039968411199879485	0.003473556233441188	0.00849639642983675	0.0035628886902126745	0.0023560970517792156	0.013875094335526228	0.02814840227365494	0.013536154478788375	0.009435990266501904
A[T>A]C	0.0007867393450759153	0.004624890675768256	0.004635537066496909	0.008779618237167598	0.003460966842249036	0.0077776925172656775	0.007900370564311743	0.011250956822186709	0.008837595954537392	0.013216066919267178
A[T>A]G	0.0002942847101849111	0.005471823550760746	0.012452256120741367	0.01447672639042139	0.0033058743749279527	0.005536317126825452	0.0030234728563413036	0.01188050927594304	0.014490630663931369	0.010025914292782545
A[T>A]T	0.00037505230866384406	0.007671162649057805	0.010989449186149613	0.010067028651837973	0.007020834815758015	0.006885754130780697	0.007298323326245004	0.05110270157456398	0.022067544423043726	0.01028893031179905
A[T>C]A	0.0009243859094567597	0.01793869370585526	0.011359933111816645	0.011546861147508025	0.01351268142461782	0.00839418713003397	0.0244207888841629	0.03284909538924694	0.02340399697422981	0.014821692137047648
A[T>C]C	0.00013097117979441464	0.004370167187880724	0.010626472346484662	0.007139527890831232	0.00840019602328539	0.006141531560570001	0.009169532731175423	0.0062884537037462	0.008293693186715245	0.012779099866747856
A[T>C]G	0.0009435889835003764	0.006252801734673597	0.011781018227338791	0.013266336871311069	0.014992166496813297	0.012452779710292817	0.010202722623944283	0.012817254662513733	0.00883334930986166	0.016613931395113468
A[T>C]T	0.0007913158155133715	0.0036653572599135487	0.02228426802903414	0.02344623990356922	0.015521377883851528	0.020172125101089476	0.00896463794633746	0.014991172030568123	0.01944732740521431	0.02717587146908045
A[T>G]A	0.00021797570661874488	0.0018429717766309753	0.0061238526832312346	0.004715979984030128	0.002464388360021985	0.002229133271612227	0.003555075413896702	0.016193829849362372	0.006636617234441556	0.004853201983496547
A[T>G]C	0.0004023713991045952	0.0008503979545992024	0.0004004930172259558	0.003003744554007426	0.001700760971289128	0.00022982379887253045	0.002621967438608408	0.009547124663367868	0.003930157632567025	0.005494993180037608
A[T>G]G	0.00025150967392022493	0.0010179209977195978	0.012210011668503284	0.008139770230865628	0.00915198978036642	0.0024951128056272896	0.004649743750181767	0.0029060998640488833	0.006565459720138733	0.0009184732101857902
A[T>G]T	0.00016530276989215053	0.0029535762034356592	0.0037226984405123995	0.007037867419526942	0.008281815610826016	0.0022007724503055213	0.009587377205025404	0.005123973358422518	0.004286198360205162	0.006516122166067362
C[C>A]A	0.0017336425837129355	0.011098267035583831	0.019163064286112787	0.02418397516012192	0.011518722213804723	0.01993486788123846	0.024303623661398887	0.01678410740569234	0.01652919943444431	0.005222872924059629
C[C>A]C	0.0007448704305669906	0.008754616370424628	0.0221049627289176	0.016607122868299483	0.008225288055837155	0.0079443764872849	0.01527715353295207	0.014348539197817445	0.011818691971711814	0.004932963991956285
C[C>A]G	0.00016621803952148183	0.0007485171052394434	0.0036908111651428044	0.0015716488567905362	7.347321370616604e-05	0.0012091941048538502	0.0023772867396473886	0.00433544865809381	0.0028652710025198758	0.004830262949690222
C[C>A]T	0.0004249339377565803	0.013318881439045072	0.021891281194984912	0.01681859642267227	0.003465550435066689	0.016998425126075745	0.0158484211191535	0.00699731800347605	0.014214542461559176	0.002741575799882412
C[C>G]A	0.002429405837026311	0.004992777772989915	0.014478444121778011	0.011344840284436941	0.016775174625217916	0.0010235200956230984	0.010609027184545993	0.003415022040694298	0.010284092742949724	0.0010235038573441213
C[C>G]C	0.0007685961921153784	0.0024044183799564077	0.01080683320760727	0.00981494951993227	0.008048030361533166	0.004174033971503377	0.008663271367549897	0.003725530687341916	0.006930793146602809	0.00041234163871436345
C[C>G]G	0.00031443781335838155	0.002107277000322938	0.004462810652330518	0.0019093423384589415	0.001772436947794631	5.703307603965868e-10	0.003305200417526066	0.004261047625914216	0.0038127677426062828	0.0043904350604861975
C[C>G]T	0.0037156707141548393	0.005140055357878736	0.015520683117210865	0.012893686071038246	0.02034827321767807	0.007143116183578968	0.017049413174390793	0.004407752670340414	0.013299423549324275	0.002263769507408142
C[C>T]A	0.009405633620917796	0.016695759259164333	0.008491122000850736	0.009835500813281328	0.005017904993991351	0.011712473444640636	0.02274288795888424	0.009760668192757293	0.020585517585277557	0.03036963678896427
C[C>T]C	0.0029982512816786764	0.012550386204384267	0.004015592276118696	0.006678930902853608	0.005887784244259819	0.00814853460778977	0.02237610463052988	0.013257194776088	0.0080091024748981	0.022178585082292555
C[C>T]G	0.003916182229295373	0.012190973409451545	0.0013972023039059422	0.007192583335566519	0.010377357946708798	0.04134157933294773	0.00970249178337781	0.0175627752207222	0.007390223368279614	0.04520480111241341
C[C>T]T	0.0035146345384418965	0.01953473538160324	0.014892174303531647	0.020485752448439597	0.011636951397667872	0.023157528042793273	0.02415238581597805	0.003963380684228679	0.013810611888766288	0.023422442376613617
C[T>A]A	0.00022153839236948263	0.004239170637447387	0.01203956939280033	0.006925892643630504	0.004351077182218432	0.0004798062966228261	0.009521541998810789	0.01109421867877245	0.007991087157279253	0.0012849002137539146
C[T>A]C	0.00046791121421847494	0.0034958265399365864	0.014347871392965316	0.01441387552767992	0.0038890665164217353	0.002896453737097305	0.01070725079625845	0.010584800969809294	0.00957687059417367	0.006030714809998017
C[T>A]G	0.00026587645697873086	0.005905377131421119	0.01595021691173315	0.009948184722270525	0.0035936251502404815	0.0014593759626450103	0.014232271537184715	0.009360554441809655	0.006919478066265583	0.002452384470961988
C[T>A]T	4.3802256914227345e-05	0.007043783226981759	0.026453381404280663	0.01577256675809622	0.005611948761785206	0.009956305986270309	0.00980706550180912	0.004205619746320563	0.012780401860145599	0.004057462012860924
C[T>C]A	0.0002043706508968308	0.001590550915681521	0.00920685490127653	0.010148335061967374	0.011864751391112805	0.006215153634548188	0.005574138555675745	0.01252127680927515	0.010531922988593578	0.004290232574567199
C[T>C]C	0.0004898622153248766	0.0038587720155192073	0.02137397602200508	0.00787556287832716	0.0024084570860935196	0.009469749499112367	0.007167207822203636	0.011785623803734779	0.012238077400252224	0.006515085746844207
C[T>C]G	0.0011184431612491607	0.0015720947762146165	0.005755027523264289	0.010177096125175922	0.015428648516535758	0.004194405095768161	0.010532900830730796	0.009565517492592334	0.012051328085362911	0.011051937099546194
C[T>C]T	0.00042744103123342283	0.007116622478747689	0.012148435786366462	0.010437429875162251	0.014605790376663208	0.008777727652341128	0.013691582903265952	0.006136659719049931	0.013447052496485413	0.0017083219333287047
C[T>G]A	7.049513983985178e-05	0.0025690433336422527	0.005769823235459626	0.0027663483989972494	0.004025281546637416	0.0015374671551398934	0.007532836310565472	0.0018112000299587816	0.00251290749497482	0.002227166138618486
C[T>G]C	0.00019983812993018546	0.0016155704099219293	0.006745703238993883	0.005752718402072787	0.0013873299691901041	0.0028300530218984933	0.004376288349080639	0.0033418294338844134	0.005500474432483316	0.0026731610776454594
C[T>G]G	0.00028084389143149185	0.0032416361849757123	0.006646808050572872	0.006643232377246022	0.014982129074633121	0.0032622540835291146	0.007985451631247998	0.003185355178948157	0.0073657857370562855	0.0032741147813425187
C[T>G]T	7.17840837921457e-05	0.004401897905637497	0.011008244567919873	0.010289841331290557	0.0068441387281595305	0.00701810447499156	0.01614151680842042	0.006923879310488701	0.007284274453396899	0.004187131897696527
G[C>A]A	0.0005271342111628616	0.00819635633379221	0.02074669227004051	0.013146486785262822	0.003431203010636136	0.029372529312968253	0.005189721581977835	0.006554401718312874	0.011774594988673925	0.01600276231765747
G[C>A]C	0.0004339609760791063	0.0127325470559299	0.0069777920143678784	0.011078186985105275	0.0025325309485197066	0.0037087850738316787	0.023232080042362213	0.008999786502681673	0.00912559957941994	0.0035306185634135013
G[C>A]G	0.0002324311702977866	0.0009524600114673376	0.0011771343066357075	0.00048110514302006634	0.00043265792774036525	0.002514648949727416	0.0018145673209801366	0.0010186649858951568	0.002027231943793595	0.006177807226777077
G[C>A]T	0.0001911009861863988	0.005339641822502017	0.018114246428012848	0.013066310063004493	0.003108354316384521	0.017862673662602902	0.008790062926709651	0.005461185425519943	0.0065844472264871	0.0076839400822308335
G[C>G]A	0.0007143096183426679	0.0031791877874638884	0.006579148815944791	0.006357671751175076	0.005729133961722255	0.0026597271440550684	0.009486152417957782	0.0060492621967568995	0.00668508431626833	0.0073390974663198
G[C>G]C	0.00048366511473432185	0.0025049131596460938	0.007369198929518461	0.006149143073707819	0.005142745433164492	0.002979770541423932	0.007266438053920865	0.008283956814557314	0.004933997755959416	0.004297356144525111
G[C>G]G	0.00014095061196712778	0.00030272624862846007	0.0022507838904857634	0.001244406777543017	0.0015815259716658425	2.4556562859431033e-30	0.0025896216044202446	0.0013582461513578891	0.0014055935549549758	0.002991005650255829
G[C>G]T	0.0018636175198480486	0.0018531028254074045	0.01420279238373041	0.008736617304384709	0.013653327617794276	0.0033157294150441886	0.010648957639932632	0.010559721570461988	0.005735405331110966	0.001098870860781176
G[C>T]A	0.003411345230658824	0.013150380831211806	0.010954139940440654	0.012371513247489929	0.004954349528998136	0.017061207629740237	0.015022417902946473	0.0047048463865614456	0.009996735677123069	0.01924557201564312
G[C>T]C	0.002006042003631592	0.009640922136804874	0.005429455079138279	0.009411376528441906	0.007249118760228157	0.012723577953875066	0.012753497436642646	0.003320866147987546	0.012786848656833171	0.019488969445228578
G[C>T]G	0.0014739801046744106	0.009631506166324754	0.0068132543205775995	0.010183263150975109	0.013482428417773917	0.04478368125855923	3.333864304111249e-07	0.024784714542329313	0.017049641039193375	0.04461605548858642
G[C>T]T	0.002213323162868619	0.010900031132223376	0.007214163243770599	0.011292810365557671	0.008344181347638369	0.011994663998484612	0.01506635695695877	0.013732284866273403	0.01274833629722707	0.017863903567194937
G[T>A]A	0.0003564007056411374	0.00206628138494712	0.009733756259083747	0.005520144850015641	0.0029291827464476227	0.0012542824959382414	0.006784277316182852	0.004995414998847991	0.004017738881520927	0.0029284716967595157
G[T>A]C	0.0004157803138007889	0.0011666298312121399	0.0050134352874010805	0.008661083318293095	0.0021443301211184094	0.001643893052824604	0.005405727902700619	0.005780959175899625	0.006140545476227999	0.004779756115749478
G[T>A]G	0.0006034232617821544	0.0012455790806077615	0.007438291609287262	0.008158933278173209	0.006863167975097895	0.002737626947418903	0.003977361042598204	0.002849474205891262	0.005909790319384456	0.002855963328948974
G[T>A]T	0.00025265673466492446	0.0064009999856354085	0.01651047486811876	0.006350043356660923	0.003240153516526334	0.0007891800378523947	0.010760967712849378	0.004353238502517343	0.008495738497003913	0.007640254171565175
G[T>C]A	0.0006746235681930557	0.0021590653140265204	0.010347261466085911	0.004956502094864845	0.005248505622148514	0.010940070915967225	0.006666451133787632	0.01405334547162056	0.006332758548887795	0.009251317667076365
G[T>C]C	0.00020151595589616987	0.0046936654252931476	0.00772908627986908	0.0047497610095888375	0.0019459764149360125	0.004543089680373669	0.0071372280828654764	0.0071068424731493	0.005415591830387712	0.00876988861709833
G[T>C]G	0.0008377655933145434	0.0009784281429006114	0.007423167768865824	0.005062237521633506	0.004624279821291566	0.003092155372723937	0.00448312540538609	0.008840803988277912	0.006114460621029138	0.015491284988820552
G[T>C]T	0.0004032247357827146	0.005715049128431175	0.005201377719640732	0.005435253819450736	0.006398236173663463	0.009237745683640242	0.010798996035009622	0.020513841696083546	0.01023791478946805	0.01084920447319746
G[T>G]A	0.00024049131898209452	0.00021623901319785008	0.005413921363651752	0.005470457696355879	0.0035656708874739706	0.001209901215042919	0.004896489426027983	0.0050876563615020135	0.002870149072259764	0.0017046700231730938
G[T>G]C	0.00022809051151853054	0.0003684856987092644	0.002912695985287428	0.003993550781160593	0.003338890336453915	0.0015126233687624336	0.003957949473988265	0.0005666883167577908	0.0022994824801581526	0.002750800084322691
G[T>G]G	0.0011702867574058472	0.0035620577284134923	0.008729546144604684	0.005685337679460645	0.003837031475268304	0.00011694678105413913	0.014264921844005584	0.004929451458156109	0.006592302862554788	0.010011976258829236
G[T>G]T	0.0002060305881968816	0.0033200130448676644	0.009200002253055572	0.006206536013633013	0.004408079525456856	0.003255496890307086	0.00589825885836035	0.0034978590905666352	0.006635918730060819	0.007150918431580067
T[C>A]A	0.02717365212738514	0.02666400298476219	0.010098295612260699	0.024080411344766618	0.01539895054884255	0.030389817804098128	0.015493559423770708	0.019220231100916862	0.023694665852949992	0.009933653958821953
T[C>A]C	0.01124410517513752	0.010836303466930985	0.011294428631663323	0.02027547061443329	0.021567126922309398	0.023197124898433685	0.016697925352491438	0.008611926966113969	0.010646961070597172	0.010919635370373725
T[C>A]G	0.0012262916520671574	0.0039739453233778475	0.001104865805245936	0.00045777123887091875	0.0008304365794520139	0.0010524489800445764	0.0023225291864946485	0.003000819590576246	0.0038053759140893816	0.005484204366803169
T[C>A]T	0.013472295086830854	0.020313804596662523	0.02313164621591568	0.02488310858607292	0.029143281653523444	0.04593488723039627	0.00565662713634083	0.01637858636677265	0.0254134401679039	0.008217250416191032
T[C>G]A	0.16417115330696105	0.04016838390380156	2.6178536656477685e-05	0.01854576856130735	0.09754964113235473	0.0059267067226515206	0.019299716991372406	0.008106897911025845	0.005040198812366725	0.010383092773352587
T[C>G]C	0.03245373256504536	0.008841100335121154	0.01071159467101097	0.015822114422917366	0.0490580752491951	0.014050399977713823	0.013531483896076679	0.00748326308093965	0.013741261279210448	0.00958751819562167
T[C>G]G	0.00564526030793786	0.0005164802074432373	0.001876949518918991	0.0014721348881721497	0.004148755548521876	0.001293724839342758	0.0029093471821397543	1.675317812837862e-17	0.0019487077835947276	0.005306268204003572
T[C>G]T	0.19952248334884642	0.056900553545347066	0.006168246655852272	0.04776618108153343	0.14627213180065154	0.013183745031710714	0.028275818831752987	0.0029880411771109824	0.036071383953094484	0.003230902675932157
T[C>T]A	0.2636305272579193	0.1604333773255348	0.0063260115741286425	0.014727316400967538	0.0021789922786410896	0.013750828392403491	0.003669580775022041	0.029970063641667367	0.02212434373795986	0.030080157704651354
T[C>T]C	0.04608931094408035	0.05963795334100723	0.004714762231014902	0.005792910702439258	0.013836401458684122	0.020389327593147755	0.030409413389861584	0.011932125966995954	0.021123657572040953	0.02492407150566578
T[C>T]G	0.024919300526380538	0.02005233746021986	0.0012441315101149458	0.0037387589960061612	0.002335853790252418	0.03100092113018036	0.0017526401822578926	0.029566768649965526	0.009435170834178308	0.03629890531301498
T[C>T]T	0.13088636845350266	0.09843155071139335	0.016831485740840434	0.007750726358608517	0.015555503079667687	0.032028186693787576	0.01677099543157965	0.02001769959751982	0.022932957205921412	0.015413495805114507
T[T>A]A	0.0004108370985393488	0.014710173662751912	0.0063109718263149265	0.008747166837565601	0.004785938374698162	0.013384784985748865	0.016601287107914687	0.03616940081119537	0.012911825533956289	0.008858479106538652
T[T>A]C	0.0002020492427199927	0.0036671157656699496	0.00928188906982541	0.010191444307565689	0.0040090880374929585	0.003052111214864974	0.006496445950195484	0.008778520114719867	0.007776187639683485	0.003696447999543827
T[T>A]G	0.0002227459844549473	0.0037386667037935693	0.006874134764075279	0.0033839873154647647	0.005800487194210292	0.0021802164148539303	0.007706753513775766	0.004213795211398974	0.007940292544662952	0.003449668600492179
T[T>A]T	0.00024777702419673844	0.009780936071183532	0.025257145799696446	0.013556088134646416	0.008686972595751286	0.01143491491675377	0.006639893818650075	0.023285551369190215	0.014751790091395378	0.006365787665161981
T[T>C]A	0.00032938065414851215	0.004986073466716335	0.009137930534780025	0.011096229124814273	0.005708109540864825	0.011602069810032844	0.004436355019996885	0.020260450057685377	0.01164796706289053	0.005217902287404286
T[T>C]C	0.000626419170293957	0.0017298003407091756	0.01213124804198742	0.005364784927223809	0.008414226421155035	0.008202041033655405	0.0037539007737054965	0.019675149209797384	0.006871023145504296	0.007162316725589335
T[T>C]G	0.0003086432203417644	0.006067767250369585	0.008012412954121828	0.0044846639970768706	0.0024408890941371984	0.0061946926638484	0.006859303824603558	0.004798606771510094	0.003561573103070259	0.004164711176417768
T[T>C]T	0.0003943723862171315	0.009145473456010222	0.012416776362806558	0.00787923508323729	0.006032987994037597	0.012942320061847567	0.012738554272800684	0.010087556578218937	0.007723385654389858	0.014160590432584285
T[T>G]A	0.00011308600323900464	0.0033828485291451217	0.006353598119858361	0.005440724734216929	0.005187697242945433	0.004025775101035833	0.008403691835701466	0.005006623510486463	0.004120808645649987	0.0021038965889260907
T[T>G]C	4.323925127955874e-05	0.0035472191986627875	0.006352032441645861	0.004582028184086093	0.0020397614222020335	0.002441392946457199	0.0023385428105257245	0.0036580069456249474	0.006198469130322337	0.005474315350875258
T[T>G]G	0.0001834672983022756	0.002262314804829657	0.009725892078131437	0.010686648916453123	0.007558443956077099	0.0027566235978156326	0.005600926629267633	0.007662826916202903	0.009085256839171052	0.006267812760779634
T[T>G]T	0.00023793138774444894	0.0052301440155133605	0.012567456439137458	0.01690045986324549	0.008886276185512543	0.007997369347140192	0.016222237329930066	0.010865183919668198	0.011776557052507996	0.01665098760277033
