MutationType	SBS96A	SBS96B	SBS96C	SBS96D	SBS96E	SBS96F	SBS96G	SBS96H	SBS96I	SBS96J
A[C>A]A	4.04E-04	4.58E-03	1.20E-03	3.11E-03	1.89E-03	3.23E-03	2.41E-03	2.88E-03	7.96E-03	2.34E-03
A[C>A]C	2.37E-04	4.73E-03	1.75E-03	1.94E-03	1.60E-03	1.80E-03	2.84E-03	2.29E-03	1.28E-03	2.72E-03
A[C>A]G	5.84E-05	5.93E-04	6.42E-04	1.06E-03	2.40E-04	2.25E-04	8.29E-04	1.07E-03	1.78E-03	1.33E-03
A[C>A]T	2.48E-04	4.83E-03	8.55E-04	2.65E-03	2.36E-03	2.58E-03	1.34E-03	3.85E-03	4.22E-03	2.59E-03
A[C>G]A	6.49E-04	1.76E-03	8.43E-04	2.87E-03	1.75E-03	1.75E-03	3.98E-03	3.09E-03	4.15E-03	2.22E-03
A[C>G]C	2.26E-04	1.48E-03	1.84E-03	2.40E-03	2.36E-03	9.87E-04	7.06E-04	1.61E-03	1.64E-03	1.42E-03
A[C>G]G	5.79E-05	5.10E-04	1.12E-03	1.52E-03	1.09E-03	3.62E-04	1.29E-03	1.54E-03	3.42E-03	1.19E-03
A[C>G]T	5.49E-04	1.65E-03	1.79E-03	1.38E-03	1.55E-03	1.34E-03	2.11E-03	2.84E-03	3.07E-03	1.74E-03
A[C>T]A	1.07E-03	5.71E-03	1.87E-03	4.32E-03	2.16E-03	3.21E-03	4.31E-03	3.33E-03	3.03E-03	3.45E-03
A[C>T]C	2.26E-04	1.30E-03	2.19E-03	2.11E-03	1.08E-03	2.18E-03	2.08E-03	1.09E-03	1.99E-03	6.49E-04
A[C>T]G	7.29E-04	1.22E-02	2.07E-03	6.69E-03	1.08E-02	7.88E-03	1.37E-03	1.16E-02	4.86E-03	9.74E-03
A[C>T]T	3.56E-04	2.89E-03	2.39E-03	3.24E-03	2.42E-03	2.07E-03	3.43E-03	2.82E-03	2.85E-03	2.08E-03
A[T>A]A	1.79E-04	2.03E-03	1.48E-03	2.03E-03	2.19E-03	1.15E-03	3.95E-03	4.26E-03	3.05E-03	2.58E-03
A[T>A]C	2.89E-04	1.81E-03	1.16E-03	8.94E-04	9.45E-04	1.31E-03	1.66E-03	1.62E-03	1.08E-03	1.21E-03
A[T>A]G	1.30E-04	2.57E-03	1.35E-03	2.04E-03	1.52E-03	1.21E-03	1.87E-03	1.43E-03	2.12E-03	1.91E-03
A[T>A]T	2.14E-04	2.69E-03	3.27E-03	3.87E-03	4.93E-03	2.15E-03	3.02E-03	4.26E-03	3.28E-03	9.59E-04
A[T>C]A	2.73E-04	7.38E-03	1.38E-03	2.75E-03	4.76E-03	1.49E-03	3.98E-03	3.90E-03	4.36E-03	3.06E-03
A[T>C]C	7.66E-05	1.39E-03	1.40E-03	1.41E-03	1.03E-03	1.58E-03	1.27E-03	1.33E-03	2.19E-03	1.97E-03
A[T>C]G	2.96E-04	2.44E-03	9.71E-04	2.62E-03	1.67E-03	4.66E-04	6.55E-04	1.54E-03	1.56E-03	2.56E-03
A[T>C]T	3.84E-04	3.04E-03	4.11E-03	1.72E-03	3.18E-03	3.59E-03	1.91E-03	3.74E-03	4.75E-03	4.73E-03
A[T>G]A	1.35E-04	1.46E-03	6.17E-04	1.75E-03	8.61E-04	7.18E-04	1.49E-03	1.68E-03	2.07E-03	1.13E-03
A[T>G]C	1.07E-04	5.52E-04	4.00E-04	1.32E-03	4.87E-04	1.68E-04	7.56E-04	2.11E-03	2.78E-03	1.84E-03
A[T>G]G	2.00E-04	7.53E-04	8.96E-04	2.16E-03	1.85E-03	1.61E-03	1.82E-03	9.70E-04	2.71E-03	6.84E-04
A[T>G]T	1.08E-04	1.51E-03	2.33E-03	3.39E-03	2.48E-03	7.60E-04	3.54E-03	1.62E-03	2.39E-03	5.24E-04
C[C>A]A	3.86E-04	4.73E-03	1.76E-03	2.21E-03	1.75E-03	3.42E-03	1.47E-03	3.44E-03	4.37E-03	1.39E-03
C[C>A]C	2.76E-04	4.33E-03	1.77E-03	2.41E-03	2.45E-03	2.42E-03	3.69E-03	4.19E-03	4.09E-03	2.42E-03
C[C>A]G	5.46E-05	3.06E-04	1.04E-03	8.44E-04	7.35E-05	6.68E-04	1.14E-03	4.24E-04	1.83E-03	6.79E-04
C[C>A]T	1.72E-04	4.58E-03	2.98E-03	2.88E-03	1.49E-03	3.71E-03	2.17E-03	4.28E-03	3.23E-03	1.05E-03
C[C>G]A	6.90E-04	2.38E-03	5.85E-04	1.50E-03	2.10E-03	6.54E-04	1.97E-03	1.32E-03	1.99E-03	9.23E-04
C[C>G]C	2.44E-04	1.01E-03	1.02E-03	8.66E-04	1.25E-03	9.82E-04	1.18E-03	1.87E-03	2.28E-03	3.88E-04
C[C>G]G	1.00E-04	9.52E-04	7.94E-04	1.04E-03	1.05E-03	5.70E-10	9.19E-04	1.49E-03	2.71E-03	1.42E-03
C[C>G]T	7.66E-04	3.36E-03	2.21E-03	2.88E-03	1.38E-03	1.43E-03	2.86E-03	1.36E-03	2.41E-03	9.28E-04
C[C>T]A	1.74E-04	3.38E-03	2.49E-03	3.61E-03	2.13E-03	2.30E-03	4.61E-03	3.29E-03	4.68E-03	5.09E-03
C[C>T]C	2.76E-04	4.99E-03	1.07E-03	3.61E-03	1.64E-03	2.11E-03	2.65E-03	3.55E-03	3.37E-03	2.90E-03
C[C>T]G	8.59E-04	6.20E-03	6.60E-04	3.00E-03	2.91E-03	4.06E-03	3.40E-03	6.63E-03	3.92E-03	4.67E-03
C[C>T]T	7.55E-04	2.88E-03	2.05E-03	4.26E-03	3.85E-03	1.63E-03	3.82E-03	1.65E-03	4.18E-03	1.34E-03
C[T>A]A	7.15E-05	1.35E-03	8.97E-04	2.94E-03	1.06E-03	4.80E-04	2.84E-03	2.17E-03	2.81E-03	8.86E-04
C[T>A]C	1.75E-04	1.86E-03	9.19E-04	1.54E-03	7.19E-04	1.90E-03	1.93E-03	1.72E-03	2.85E-03	2.08E-03
C[T>A]G	1.25E-04	2.54E-03	2.03E-03	3.33E-03	1.62E-03	8.97E-04	1.91E-03	2.10E-03	2.24E-03	1.03E-03
C[T>A]T	2.96E-05	2.63E-03	1.36E-03	1.91E-03	2.64E-03	2.97E-03	2.01E-03	2.09E-03	3.33E-03	1.97E-03
C[T>C]A	1.30E-04	9.04E-04	2.11E-03	1.66E-03	7.22E-04	1.64E-03	1.06E-03	2.16E-03	2.39E-03	1.51E-03
C[T>C]C	1.54E-04	2.65E-03	1.19E-03	3.03E-03	1.78E-03	1.44E-03	2.36E-03	1.28E-03	4.47E-03	1.80E-03
C[T>C]G	2.95E-04	1.17E-03	7.19E-04	2.74E-03	2.06E-03	1.46E-03	2.47E-03	2.64E-03	1.92E-03	1.46E-03
C[T>C]T	2.19E-04	2.43E-03	1.24E-03	3.09E-03	7.45E-04	2.27E-03	2.69E-03	2.08E-03	3.42E-03	1.01E-03
C[T>G]A	5.07E-05	1.00E-03	1.30E-03	8.55E-04	1.13E-03	5.58E-04	2.32E-03	9.33E-04	7.73E-04	6.53E-04
C[T>G]C	1.03E-04	7.59E-04	9.82E-04	1.27E-03	8.59E-04	6.53E-04	2.01E-03	8.53E-04	1.16E-03	7.62E-04
C[T>G]G	1.50E-04	1.51E-03	1.18E-03	1.04E-03	9.44E-04	6.93E-04	1.69E-03	1.12E-03	2.25E-03	1.35E-03
C[T>G]T	5.50E-05	3.89E-03	5.23E-03	4.22E-03	2.86E-03	2.95E-03	5.82E-03	2.64E-03	3.39E-03	2.40E-03
G[C>A]A	2.35E-04	1.63E-03	2.67E-03	1.61E-03	2.02E-03	3.20E-03	3.97E-03	3.44E-03	2.48E-03	1.98E-03
G[C>A]C	1.52E-04	5.19E-03	1.63E-03	3.03E-03	1.10E-03	1.51E-03	2.51E-03	2.39E-03	3.66E-03	1.75E-03
G[C>A]G	9.56E-05	6.76E-04	4.58E-04	1.98E-04	3.13E-04	7.73E-04	7.17E-04	4.12E-04	2.69E-04	7.81E-04
G[C>A]T	1.25E-04	1.43E-03	4.96E-04	1.15E-03	1.63E-03	1.91E-03	1.70E-03	9.15E-04	1.36E-03	2.35E-03
G[C>G]A	1.02E-04	1.42E-03	9.09E-04	1.84E-03	1.73E-03	4.41E-04	1.45E-03	1.64E-03	2.26E-03	1.89E-03
G[C>G]C	1.66E-04	1.24E-03	9.19E-04	9.97E-04	1.36E-03	1.37E-03	1.68E-03	5.60E-04	1.67E-03	1.05E-03
G[C>G]G	2.68E-05	2.59E-04	5.31E-04	1.01E-03	9.47E-04	2.45E-30	1.02E-03	4.05E-04	3.38E-04	8.54E-04
G[C>G]T	3.15E-04	1.20E-03	1.79E-03	2.76E-03	3.38E-03	1.06E-03	1.56E-03	2.43E-03	2.40E-03	9.96E-04
G[C>T]A	8.76E-04	2.28E-03	1.88E-03	1.47E-03	1.07E-03	2.64E-03	8.56E-04	1.57E-03	2.43E-03	1.12E-03
G[C>T]C	3.61E-04	3.44E-03	9.94E-04	2.77E-03	1.03E-03	2.24E-03	1.40E-03	1.24E-03	3.55E-03	1.62E-03
G[C>T]G	4.86E-04	4.37E-03	2.37E-03	3.33E-03	5.25E-03	4.88E-03	3.18E-07	7.09E-03	5.41E-03	8.16E-03
G[C>T]T	6.51E-04	3.22E-03	1.70E-03	2.23E-03	1.27E-03	2.61E-03	2.52E-03	2.08E-03	4.85E-03	1.45E-03
G[T>A]A	1.90E-04	1.08E-03	5.16E-04	4.78E-04	7.19E-04	6.40E-04	7.55E-04	1.18E-03	1.80E-03	1.21E-03
G[T>A]C	1.41E-04	8.87E-04	8.51E-04	4.58E-04	9.04E-04	4.58E-04	1.66E-03	1.33E-03	2.27E-03	6.94E-04
G[T>A]G	1.37E-04	8.45E-04	7.37E-04	1.44E-03	1.65E-03	8.87E-04	2.06E-03	1.09E-03	1.70E-03	1.19E-03
G[T>A]T	1.26E-04	2.68E-03	1.77E-03	2.26E-03	9.97E-04	7.77E-04	1.29E-03	1.65E-03	1.73E-03	2.69E-03
G[T>C]A	2.03E-04	1.70E-03	9.85E-04	1.72E-03	1.26E-03	1.55E-03	8.70E-04	7.57E-04	2.16E-03	2.89E-03
G[T>C]C	7.72E-05	1.43E-03	8.87E-04	1.46E-03	6.06E-04	3.72E-04	1.78E-03	1.19E-03	9.86E-04	1.02E-03
G[T>C]G	2.82E-04	6.25E-04	1.61E-03	1.78E-03	8.36E-04	8.38E-04	1.94E-03	1.04E-03	1.65E-03	2.72E-03
G[T>C]T	1.80E-04	2.17E-03	1.25E-03	2.13E-03	2.28E-03	2.52E-03	1.69E-03	2.13E-03	1.24E-03	2.71E-03
G[T>G]A	8.58E-05	1.62E-04	6.94E-04	1.41E-03	7.02E-04	2.22E-04	2.51E-03	1.96E-03	1.20E-03	8.49E-04
G[T>G]C	5.62E-05	3.00E-04	3.71E-04	9.01E-04	1.18E-03	8.45E-04	1.08E-03	5.30E-04	8.37E-04	1.20E-03
G[T>G]G	1.84E-04	1.29E-03	1.68E-03	2.28E-03	1.56E-03	1.17E-04	2.47E-03	6.42E-04	1.39E-03	1.91E-03
G[T>G]T	9.81E-05	1.63E-03	2.18E-03	1.39E-03	1.41E-03	1.55E-03	2.77E-03	1.58E-03	1.88E-03	1.64E-03
T[C>A]A	7.78E-04	4.14E-03	2.34E-03	5.79E-03	3.70E-03	2.87E-03	5.47E-03	3.07E-03	8.73E-03	4.48E-03
T[C>A]C	8.20E-04	2.31E-03	1.72E-03	2.25E-03	4.84E-03	1.87E-03	5.68E-03	4.62E-03	3.37E-03	2.15E-03
T[C>A]G	3.16E-04	8.81E-04	4.55E-04	2.81E-04	4.77E-04	5.94E-04	6.83E-04	9.27E-04	9.94E-04	7.99E-04
T[C>A]T	2.14E-03	4.07E-03	1.39E-03	7.68E-03	4.96E-03	1.77E-03	4.08E-03	5.75E-03	6.98E-03	4.78E-03
T[C>G]A	5.95E-03	2.35E-02	2.22E-05	8.74E-03	7.02E-03	3.16E-03	9.64E-03	4.66E-03	4.71E-03	4.43E-03
T[C>G]C	1.85E-03	4.54E-03	8.82E-04	4.40E-03	1.76E-03	3.51E-03	3.88E-03	3.32E-03	5.60E-03	3.34E-03
T[C>G]G	5.10E-04	5.16E-04	6.26E-04	1.47E-03	1.03E-03	1.02E-03	1.33E-03	1.64E-17	1.69E-03	1.48E-03
T[C>G]T	4.63E-03	3.17E-02	3.73E-03	8.08E-03	6.12E-03	4.23E-03	1.42E-02	1.71E-03	1.27E-02	1.83E-03
T[C>T]A	5.80E-03	4.85E-02	2.01E-03	7.54E-03	7.98E-04	5.16E-03	3.03E-03	1.07E-02	9.52E-03	8.65E-03
T[C>T]C	4.34E-03	9.39E-03	1.21E-03	2.68E-03	5.79E-03	4.50E-03	7.59E-03	4.10E-03	1.11E-02	5.96E-03
T[C>T]G	1.46E-03	7.34E-03	1.24E-03	2.48E-03	1.41E-03	5.37E-03	1.06E-03	8.05E-03	5.45E-03	3.72E-03
T[C>T]T	5.43E-03	2.51E-02	3.33E-03	4.17E-03	5.12E-03	4.97E-03	8.48E-03	8.19E-03	1.18E-02	5.31E-03
T[T>A]A	2.96E-04	6.21E-03	1.60E-03	2.56E-03	2.89E-03	3.90E-03	5.04E-03	3.61E-03	6.21E-03	5.42E-03
T[T>A]C	1.03E-04	2.62E-03	9.24E-04	1.69E-03	1.64E-03	1.56E-03	2.17E-03	2.09E-03	1.23E-03	2.15E-03
T[T>A]G	1.26E-04	1.64E-03	8.93E-04	9.37E-04	1.91E-03	7.10E-04	2.40E-03	1.29E-03	1.22E-03	1.83E-03
T[T>A]T	1.77E-04	3.90E-03	2.67E-03	2.34E-03	1.23E-03	4.36E-03	2.92E-03	3.27E-03	1.83E-03	2.63E-03
T[T>C]A	1.48E-04	2.56E-03	1.73E-03	1.64E-03	1.35E-03	1.11E-03	2.42E-03	2.47E-03	2.68E-03	2.48E-03
T[T>C]C	2.18E-04	8.90E-04	1.61E-03	2.33E-03	1.90E-03	9.49E-04	1.67E-03	2.17E-03	3.43E-03	3.10E-03
T[T>C]G	1.45E-04	2.16E-03	1.00E-03	1.42E-03	1.09E-03	7.75E-04	1.68E-03	1.88E-03	5.12E-04	1.35E-03
T[T>C]T	1.63E-04	5.33E-03	2.73E-03	2.76E-03	2.73E-03	3.59E-03	2.77E-03	2.61E-03	1.67E-03	2.34E-03
T[T>G]A	8.69E-05	1.41E-03	1.84E-03	1.13E-03	1.71E-03	5.91E-04	2.15E-03	1.37E-03	1.69E-03	8.64E-04
T[T>G]C	2.72E-05	1.25E-03	7.22E-04	1.24E-03	5.59E-04	9.53E-04	1.12E-03	8.91E-04	1.30E-03	1.50E-03
T[T>G]G	1.28E-04	1.04E-03	6.69E-04	2.03E-03	1.49E-03	8.59E-04	2.12E-03	2.60E-03	3.18E-03	2.48E-03
T[T>G]T	1.66E-04	3.41E-03	2.66E-03	3.26E-03	2.63E-03	2.21E-03	3.81E-03	2.31E-03	2.95E-03	2.85E-03
