MutationType	SBS96A	SBS96B	SBS96C	SBS96D	SBS96E	SBS96F	SBS96G	SBS96H	SBS96I	SBS96J	SBS96K	SBS96L	SBS96M
A[C>A]A	0.0013531788485320263	0.027381568774580957	0.01985434622847606	0.02526596449315548	0.004785547681049124	0.014113496895879507	0.007190040452405811	0.029141938686370848	0.022673139721155165	0.026830137148499487	0.020991402935760562	0.013704673573374748	0.014590617455542087
A[C>A]C	0.00038548015872949293	0.01736022178083658	0.021491388231515883	0.01734724435955286	0.010865580500103533	0.006472962392094228	0.009319617599248885	0.005336499465920496	0.022641705349087715	0.021969719044864177	0.02323264367878437	0.01915129870176315	0.015427555557237316
A[C>A]G	0.00019722726137842982	0.004498705081641674	0.0007779461556953083	0.0009344033412612975	0.002061574812978506	8.772812579991296e-05	0.0013291681829286973	0.001574931072536856	0.005051817966159433	0.0027711964212921943	0.0018229672918096186	0.0032089877175167205	0.008846554253250361
A[C>A]T	0.0005959068657830358	0.01725907757645473	0.03215411566197872	0.014712074445560575	0.006977513968013227	0.007830098170783634	0.0076646294444799425	0.014718903601169587	0.010593932494521141	0.01688471082597971	0.012456371588632465	0.010707857739180326	0.011844761483373326
A[C>G]A	0.0025416604708880185	0.011463174782693385	0.022009927965700626	0.01384439654648304	0.01123833004385233	0.00350411147810549	0.022567486204206944	0.007473813556134701	0.00501522880513221	0.0005895042719203173	0.019016558676958083	0.007177096605300903	0.015518564684316515
A[C>G]C	0.0005762351152952761	0.00917732696980238	0.011842086352407933	0.004898366401903331	0.009736514161340892	0.005009256489574909	0.008869715593755245	0.005196581395148314	0.004572620522230864	0.00923689678311348	0.008661840204149484	0.005942228250205517	0.008336636982858182
A[C>G]G	9.34585346840322e-05	0.005336060933769091	0.004606847139079142	0.0013438378926366567	0.0007174843922257423	0.0029736464843153954	0.003742675203830043	0.0006064162589609623	0.0007146523338626631	0.001499504826914233	0.0018177009527725542	0.001751702232286334	0.012381850183010102
A[C>G]T	0.0022410389967262743	0.012807233445346355	0.017993537709116936	0.013052427704678848	0.013494187593460083	0.00564440549351275	0.020525910519063474	0.007419796241447329	0.005330195704300422	0.007339501660317183	0.012339757638983428	0.005814366978929358	0.014221067633479833
A[C>T]A	0.0042790363542735575	0.017117386125028132	0.026333055831491946	0.008884493602090515	0.00938252482092139	0.011842777021229276	0.009251844417303801	0.027735690772533416	0.018412503972649576	0.03194449599832296	0.021048587560653687	0.016592110693454742	0.01439029909670353
A[C>T]C	0.0011858919286169111	0.0044378611200954765	0.006823732890188694	0.008254880225285888	0.009698877204209566	0.007488698465749621	0.009814126789569855	0.008088159162798546	0.013730048201978207	0.01494701961055398	0.009267875204386655	0.006171300754067488	0.007330863457173109
A[C>T]G	0.0009413843625225126	0.0060592340189032255	0.005544928763977453	0.005013549585919259	0.018312952466806108	0.015861662477254866	0.007881977957003983	0.07072673663496971	0.08666646331548691	0.023135429643298268	0.018177575239678844	0.04574741497635841	0.027840034291148185
A[C>T]T	0.0015531110111624002	0.025766000663861633	0.016717749182134867	0.01066920319572091	0.01800865223631263	0.011275132093578577	0.003490503650464172	0.015340360626578332	0.008584892190992833	0.013034517108462752	0.011332426406443118	0.0057849725242704155	0.016266367584466934
A[T>A]A	0.0016016334993764758	0.005609723675965484	0.005221244215499609	0.01963743343949318	0.0038755177054554226	0.0037366883362046992	0.011777231749147177	0.004733895932076848	0.00731318267069399	0.005773400523036314	0.015951067954301835	0.02107454966753721	0.0056659080554082395
A[T>A]C	0.0006067060254281387	0.008261094015460735	0.0036093041020848204	0.011168379476293922	0.005806989595293998	0.0025850102210824843	0.009328143484890462	0.0054632482119512755	0.014082862995564938	0.0046976506471256485	0.010199834033846856	0.010045612324029207	0.012109494488686322
A[T>A]G	0.000439938937779516	0.010467250193921274	0.003861697412958165	0.014053759817034005	0.0033902010414749383	0.003212829475880509	0.004429006209406741	0.007859268877655267	0.009677422457025386	0.004906416431962981	0.01938863154500723	0.0067238103518320715	0.01922333911061287
A[T>A]T	0.0004202532436473399	0.014999480452388525	0.004510843930175296	0.01621241755783558	0.009277784430994408	0.01457989674381679	0.006826657983037876	0.00685606945771724	0.008049340452998877	0.008765984161074717	0.03893361315131187	0.026194466277956963	0.016012821439653636
A[T>C]A	0.0006682196340989322	0.018689160607755183	0.009878032631240785	0.021465035527944563	0.012959167885596912	0.017673319578170775	0.014032891206443309	0.0131888898719426	0.016103491187095642	0.01766287852078676	0.029538606107234956	0.02905331626534462	0.013249744072527391
A[T>C]C	0.00034974468871951103	0.009046435123309493	0.016208530776202677	0.0029045611270719345	0.005884699639864266	0.0035879583909263603	0.006156298078713008	0.0034804206347193592	0.007543812179937959	0.011096610873937606	0.009852870646864176	0.0070188441647614395	0.010509495902806521
A[T>C]G	0.0007300467852412208	0.008527042064815759	0.012721435446292163	0.013744133710861205	0.016172925010323524	0.006174424230184783	0.015012971591204405	0.010642076749354601	0.00791988493874669	0.011078893812373281	0.01610224451869726	0.013522790605202317	0.01354046119377017
A[T>C]T	0.00061673175659962	0.023349395766854287	0.0057004193777174805	0.020289538556244224	0.013662667432799935	0.009633687650784862	0.017061308026313782	0.01777513660490513	0.024625304527580737	0.013969161361455918	0.03657464981079102	0.011419555591419338	0.023176529444754124
A[T>G]A	0.00039366697892546655	0.0047888124950986825	0.002566847577439524	0.005757762957364321	0.0020562773108882453	0.003150625922717154	0.006736526917666197	0.0030296042561668507	0.002234071755083278	0.0019549699727493828	0.009200064186006784	0.017497288621962072	0.00844849986024201
A[T>G]C	0.0002616608741391246	0.00011930779146496207	0.0006230199942371708	0.002678167820197998	0.0013647782151160082	0.0010156001197174198	0.005773393413983285	0.0004925850487779825	0.001342887245118618	0.0017715850612148643	0.004731955286115408	0.009449608251452446	0.006865753458964718
A[T>G]G	0.00027362568944226966	0.009497797209769487	0.009033727366477251	0.006176891503855586	0.006216110568504472	0.0024112826446071266	0.011419049650430679	0.003202942432835698	0.0009078505105208024	0.00170375973211776	0.007062375507666729	0.0004571644123644041	0.010062230797484518
A[T>G]T	0.00023514911172242136	0.0024756677012283184	0.004133240086957817	0.008833715319646286	0.002148492116520442	0.0036281672115413112	0.021357133612036706	0.0019770684535615145	0.0031144150795320642	0.007077247370034456	0.006484955402993364	0.008542068488895892	0.0036395687144249677
C[C>A]A	0.0015171217964962125	0.015882358700037003	0.03673820681869984	0.02171656060963869	0.012841005437076091	0.004958876447605546	0.01592292245477438	0.014487739652395248	0.012589615024626254	0.01627906449139118	0.016113997809588908	0.01552484855055809	0.00845631721895188
C[C>A]C	0.0008826824836432934	0.022398154251277447	0.02533338628709316	0.017376527562737464	0.010577605757862329	0.005605858175245759	0.006084167724475264	0.007654980989173055	0.007059742882847786	0.008504929346963763	0.0111753918336717	0.0058968303059300006	0.01251683384180069
C[C>A]G	0.00019641304679680617	0.0016068753271611057	0.0039463566150516275	0.0019047931942623108	7.228178151266219e-07	0.0011213725432753607	0.0029866029071854427	0.0012973458971828355	0.003544074366800487	0.003591054433491081	0.0009425229683984071	0.002099563623778522	0.003593820543028414
C[C>A]T	0.000613291970512364	0.020982847176492216	0.026039183512330054	0.013331666588783264	0.007865687180310494	0.010319077572785319	0.003280544886365533	0.012975483713671566	0.0032765322401246523	0.02232164517045021	0.016942283371463418	0.005950541264202159	0.009378547708478261
C[C>G]A	0.0028375424444675446	0.010738891456276179	0.011186012160032987	0.01498167533427477	0.00949779786169529	0.007147409860044718	0.014454561378806829	0.003499735427798534	0.0021123592278127724	0.004657250689342694	0.00557965309540652	0.000912758684817221	0.007966652885079384
C[C>G]C	0.0005122294067405175	0.010514543671160937	0.008618123037740589	0.00963588226589446	0.005558347143232822	0.0037831713983905503	0.010694909747689963	0.007782950019463897	0.001079865801148119	0.0054247012561965844	0.004395324459646588	0.002386959065029573	0.0034007876707621487
C[C>G]G	0.0003132138983346522	0.002930865413509309	0.0038997195661067963	0.0007126990019514778	0.0017995982593458138	0.003127070015762001	0.004207056667655707	0.0001615025682582427	0.0006288738754847153	0.004467738745734096	0.0014093930559085995	0.0008725940891029703	0.008750842977315187
C[C>G]T	0.002669126959517598	0.01209821588171156	0.01815703362226486	0.0173738157376647	0.01554461563937366	0.009598726313561203	0.015251358738169074	0.006124705052949387	0.007115322210027822	0.012142886035144329	0.006761195023627693	0.003250830853357911	0.00428033210337162
C[C>T]A	0.008877735678106546	0.007286572828888893	0.012288519274443388	0.01636840607970953	0.009778239275328815	0.011630953092026174	0.005736690353569429	0.012047670176252722	0.030340521782636642	0.026804335042834283	0.007489204965531978	0.014357008412480355	0.013920081499963998
C[C>T]C	0.0020616553141735495	0.0014116635917572691	0.00823515015654266	0.016617412306368352	0.0044038136957692256	0.008398821717128158	0.009001781139522791	0.010965275205671787	0.020093791373074054	0.0241206094622612	0.006447664310690016	0.009354460262693464	0.009904257653328275
C[C>T]G	0.003205451462417841	0.0007080317930027904	0.010861954305437394	0.0022961643349887575	0.012770462724003662	0.009055332567058016	0.0070121464135354476	0.030340689474610372	0.050380443781614305	0.02437065141275525	0.00506519858863942	0.020030788122676314	0.017441094270907342
C[C>T]T	0.004720401205122471	0.013510139752179384	0.024831246212124826	0.012775644659996033	0.011310570221394301	0.01789704794064164	0.011568911559879779	0.019015409424901007	0.02144951643422246	0.02663830518722534	0.01174098380142823	0.012941273767501116	0.016074599325656892
C[T>A]A	0.00034621271934422995	0.008160939475055784	0.01283311626757495	0.012505869567394256	0.002599781169556081	0.001244174025572775	0.011523927003145218	0.004810482315951959	0.0004945173161104322	0.004626720049418509	0.00840532504953444	0.004023741674609482	0.007234827475622296
C[T>A]C	0.00037337513640522957	0.012286089453846216	0.010636329337040706	0.01640205681324005	0.004979999316856265	0.0005730265813326833	0.008895679004490375	0.003494883020175621	0.006206627562642104	0.008264510985463857	0.009390113223344088	0.006460772338323295	0.011806054832413792
C[T>A]G	8.205402264138684e-05	0.014321950450539588	0.01294298991560936	0.013511714152991771	0.003023000770190265	0.003729312340146862	0.011670035403221845	0.0025156619179826033	0.0022223330568781345	0.007666848972439766	0.004279766673077034	0.005919479252770543	0.010079307574778795
C[T>A]T	0.00033244430014747197	0.024949308857321738	0.020880382508039474	0.011142067983746529	0.006380779948085546	0.003436383978390029	0.008077509305439889	0.009044706635177136	0.0016632506405585446	0.007352436473593116	0.015142565406858922	0.0016112018014155717	0.020242065098136662
C[T>C]A	0.00017550389748066664	0.009423711989074945	0.008394293347373604	0.00819412195123732	0.008822156907990574	0.0061102848500013355	0.0084335868479684	0.0029818415960356504	0.005494042951613665	0.004462146916193887	0.01237469669431448	0.0044492602115497	0.012426910502836109
C[T>C]C	0.000650137997176875	0.0206766564399004	0.01915622651576996	0.009580264642136172	0.004998523578979075	0.004521993550406478	0.005349576170792088	0.008671975243444614	0.008578715939074874	0.0038780187847180514	0.007911156918271444	0.005093054810835044	0.012980687715493123
C[T>C]G	0.0009677351484937976	0.006121899269055575	0.006036189380392898	0.012059594225138425	0.007621133653447032	0.007104073418304324	0.015146522969007491	0.002305722504388541	0.007117803450091742	0.007518003135919571	0.018748669326305388	0.004811923628403747	0.00988449847791344
C[T>C]T	0.0004225302106704021	0.015323008596897125	0.01000260671171418	0.01587490886449814	0.008025455661118033	0.008311173506081104	0.013077003508806228	0.012337724352255464	0.0053648182423785325	0.013306573685258626	0.00998470331542194	0.004642477910965681	0.0028272574987011703
C[T>G]A	7.357525173574686e-05	0.0027086523128711133	0.006284711323678494	0.0024664457802451413	0.001875854516401887	0.0024761682958342134	0.006607315177097917	0.00208399846451357	0.0008221318596042693	0.006138748489320278	0.002183817978948355	0.0035194244352169334	0.004020482299534933
C[T>G]C	0.00022030875989003106	0.006609609490260482	0.002951135425087159	0.0052644697483628985	0.0013153654785128311	0.001625582214910537	0.004884963951190003	0.0029267601303359925	0.0011940561817027628	0.004649771330878139	0.0031944100359396544	0.003587436769157648	0.007970407991102105
C[T>G]G	4.84358228277415e-05	0.007780024502426386	0.005524172334116883	0.009866411052644252	0.009860605327412486	0.005599942477419973	0.01250004805624485	0.0017739693634212018	0.0010558536276221275	0.0065064844209700825	0.004127381004514713	0.0027471274021081626	0.006422867847140879
C[T>G]T	0.0003648527554587444	0.009289212870321872	0.0022244158711656665	0.015421944484114648	0.0031632844998967036	0.002996752376850509	0.01888384446501732	0.01566733208937876	0.0010879777313675732	0.007498840750973424	0.01286434893600017	0.008733741054311395	0.006606165355881544
G[C>A]A	0.0012111816206015647	0.02279607206583023	0.01824303399771452	0.0020871685443982248	0.005596476886421442	0.005264301680608696	0.004456433738852494	0.02107124263420701	0.02080612611025572	0.011777038685977459	0.011041117180138827	0.005702433967962867	0.02096214396879077
G[C>A]C	0.0002220057009255214	0.008742197090759874	0.015274409949779511	0.01553365532308817	0.004617956816218793	0.005550577607937157	0.003971168957650662	0.005658627999946475	0.005488711409270763	0.01799724418669939	0.005375479296273386	0.01496968287974596	0.0026507097081145403
G[C>A]G	0.00015451432846020908	0.0011556545621715486	0.0010529772262088954	0.0017914147349074483	0.0004197618154797134	0.00025410994825234565	0.002189717171042771	0.0020298365974829647	0.0046740527730435135	0.0034887019312009214	0.0023507239386617584	4.0782986184972517e-19	0.0018620838178321718
G[C>A]T	0.000282743315193559	0.015490010380744934	0.013552888296544552	0.008200520190121097	0.007347741845296696	0.004747934223151195	0.005211525433696807	0.0164816839620471	0.007163269224110991	0.007661843998357653	0.009122047034793468	0.003864984045605979	0.012146025616675615
G[C>G]A	0.0007019172015134245	0.0038299045292660592	0.00875493730418384	0.007814490655437111	0.00353218752425164	0.003332415444316725	0.007955981697887183	0.002471001003868878	0.006609423225745559	0.007479316038934006	0.0027211645096031135	0.005060667078942061	0.008604791667312383
G[C>G]C	0.0004948725923895836	0.005930976348463446	0.00991253200918436	0.010692832060158253	0.005615353584289551	0.002328424237202853	0.0023434257425833495	0.002018112155246854	0.004736062977463007	0.0050585182616487145	0.0031321196521737716	0.0067589296028018	0.004086667965748347
G[C>G]G	0.00023116033407859503	0.0011062206933274866	0.0009424045458134271	0.0015031561604700982	0.0015130881103686989	9.483753031399588e-05	0.003958763484843075	5.713388120083546e-29	0.0007558421008890228	0.0012661610264331103	0.0009731605671191801	0.0004843279763008828	0.0037091177888214587
G[C>G]T	0.0014906784170307219	0.01003762155014556	0.016864678636193276	0.008397380355745554	0.009846860845573246	0.0033009732214850374	0.010597323160618543	9.286105657024226e-05	0.002110345568507957	0.002916453313082687	0.011441058665513992	0.006294240197166801	0.011097160910139792
G[C>T]A	0.004059511609375477	0.006686512986198068	0.01271699946373701	0.015612849686294793	0.0038613833021372557	0.008201418013777583	0.008016457594931126	0.016239110520109533	0.022650673612952234	0.021730962023139	0.004955105146065009	0.014992968551814556	0.008399723113939217
G[C>T]C	0.0014198468066751956	0.005423518255338422	0.006065948237664998	0.013214071467518806	0.008245681552216411	0.008388383686542511	0.006508066086098552	0.009114880673587322	0.019973761588335037	0.021643460914492606	0.007333042984828353	0.007801611069589853	0.010287050250917673
G[C>T]G	0.0022898006485775114	0.006571437225893798	0.0006569524344703094	0.004934092702478665	0.015338529506698251	0.012343331156137083	0.01050558858551085	0.03496834364418646	0.05526584982872009	0.01990008997212982	0.0200021805241704	0.020458060246892274	0.029606579057872295
G[C>T]T	0.0021276750836294388	0.010565872490406036	0.012327144760638476	0.014376134751364589	0.004369574849602044	0.011080459877848624	0.011818890646100044	0.012483307532966137	0.01448889635503292	0.018613620661199093	0.009773126896470785	0.00926096050936252	0.012688617501407862
G[T>A]A	0.00045037532399874183	0.008518912573345005	0.00801172386854887	0.00729186546523124	0.002239191927947104	0.0003015388374763128	0.005554546322677416	0.002792582335152752	0.0010470512556075675	0.0014540705000105774	0.004682535126084986	0.0008323962333285972	0.01007000720128417
G[T>A]C	0.00032149131293408574	0.005461768052899707	0.005666769620010647	0.009573333617299794	0.0038370487280189993	0.0006661511417713819	0.0057686154847033325	0.0028454896761104464	0.006571769993752241	0.003650352440744109	0.0017376231425029864	0.005232872068881988	0.0025816789091550165
G[T>A]G	0.00047537180362269285	0.00880344407632947	0.006192860321607441	0.009737219754606485	0.004958080593496561	0.002433212613712372	0.0036829788279248987	0.002144268785957593	0.00519819101318717	0.0025494564906693995	0.0017684301917895561	0.0038304885383695364	0.005308050708845666
G[T>A]T	0.00019220705144107342	0.01354893045499921	0.010923988930881024	0.012401819229125977	0.004434895794838667	0.003729667283278127	0.00721180901164189	0.0021282787842210383	0.0035687117888301145	0.010369109269279789	0.0034402844294163515	0.0030132937099554224	0.01209191670641303
G[T>C]A	0.0004318945109844212	0.005707281827926636	0.010468263924121857	0.00638432358391583	0.006924478849396109	0.0019100074190646504	0.01064841989427805	0.00923577304929495	0.010401043109595776	0.004626918406967206	0.012190281506627798	0.011378991976380348	0.010737776337191463
G[T>C]C	0.0004890903539489955	0.00429805765164275	0.008366532673517214	0.004843845870345831	0.002969524922082201	0.0011776549974459427	0.007672928646206856	0.0056156110109449025	0.007455814490094781	0.004225273802876473	0.005200114559364533	0.007057824893854559	0.010913766181329266
G[T>C]G	0.0008417739183641971	0.007822723594679854	0.0016035830230827024	0.006578783737495542	0.0038550923112779857	0.0021604974255432633	0.008925953693687916	0.002588741341608777	0.00801256009529272	0.005353253797948025	0.009510874143757064	0.006486029736697674	0.010674443747848272
G[T>C]T	0.00033527290797792376	0.003642514575039968	0.008022565723513253	0.012916506454348563	0.0057311450733323	0.0033478178000223126	0.00916417669504881	0.007840707944706083	0.01059244992211461	0.006232632091268897	0.01210265588015318	0.019350386783480646	0.00945664976009084
G[T>G]A	0.0002586843358585611	0.0021542139700613918	0.0064981302712112665	0.004486941545553691	0.0031913658138364555	0.0002176261713147554	0.007702852739021182	0.0004943767193300488	0.0023769261581429446	0.0011834561359138416	0.0035158968908945098	0.0049125838908366855	0.0039416298626747445
G[T>G]C	0.00015813877107575535	0.0025207607417542023	0.003645501282881014	0.0045604750514030455	0.001547820121060216	0.0011177589534781874	0.004721158416941762	0.0012540633091703058	0.002017203695140779	0.002377684405682384	0.0015842323258112051	0.001294150506146252	0.0023204247816465797
G[T>G]G	0.0010924001922830938	0.008543243871864092	0.005965670552518532	0.010803866991773247	0.003624126105569303	0.0016406861931923978	0.014896068722009659	0.00020193898374145733	0.0016828253413134955	0.007106964645396288	0.005405507155902267	0.004544376175908837	0.01303391195833683
G[T>G]T	0.000195198692458471	0.009014487313106657	0.003183097927862165	0.006007495522499085	0.0033980336273089053	0.002769686048850417	0.011287531815469265	0.005211474047973752	0.004790407062137092	0.005621201917529106	0.0018292886215931503	0.005451793177053332	0.008018873073160649
T[C>A]A	0.0279094148427248	0.021373578999191522	0.014927620394155383	0.015872391499578954	0.02220307318493724	0.028889832273125648	0.00398237670888193	0.03877396211028099	0.02064004074782133	0.01599953140107253	0.023916624464800407	0.016824617982180844	0.003914080762145567
T[C>A]C	0.009976112842559814	0.01276402742951177	0.01580247227102518	0.014908084832131862	0.019622538425028323	0.013043925538659096	0.012847999110818803	0.022180286049842835	0.02252713795751333	0.016346099600195885	0.013097649210430972	0.010600680863717571	0.007412020652554929
T[C>A]G	0.0013556727906689047	0.0022526773129363615	0.00033773411075355115	0.0012966620735824414	0.0011783731524467101	0.004201421933248639	0.0007923755886736217	0.003009411091283676	0.002058138884603977	0.0023183214827440677	0.0012110191119697235	0.004512050442997406	0.0032810694072395565
T[C>A]T	0.013912729360163212	0.034439492411911486	0.014288359075186463	0.017163216322660445	0.030256521701812745	0.029305712692439555	0.006185796597154791	0.05168015584349632	0.02337858024984598	0.015414019166200887	0.03405847810208797	0.012316721160095767	0.004219209492657683
T[C>G]A	0.15757949352264405	0.0017404185665541056	0.019484252078109422	0.022582331288140266	0.07967780157923698	0.056431664526462554	0.06785516329109668	1.9903999638930855e-05	0.014750574063884036	0.006974168581092499	0.003261143389315535	0.009953224077557365	0.011179390066796389
T[C>G]C	0.028195273131132126	0.011360026337206364	0.006997443032628925	0.018228624761104584	0.039836328476667404	0.03289757017046213	0.03223901279270649	0.0030853724173027786	0.01047890204936266	0.012826271634548903	0.011001177877210343	0.0019520166806685207	0.008364988752873614
T[C>G]G	0.004916703794151545	0.00024846152996360615	0.004005049224360846	0.00011252290575677983	0.001321693160571158	0.0028712866362184284	0.008267293171957135	7.018997580468922e-05	0.0010311613252270036	0.0022692507479424376	0.0008071834628937699	3.123300063353172e-24	0.006697160052135586
T[C>G]T	0.19076741635799407	0.017923609680565278	0.02119560151704718	0.03291699923574924	0.1178726851940155	0.1087139192968607	0.10945054888725281	0.01713560279458761	0.012103799988835817	0.012121803447371349	0.03671930842101574	0.0035290163071248328	0.004131021154535119
T[C>T]A	0.27295570969581606	0.027140649640932678	0.003214963111764746	0.006707434635063692	0.05562727450557734	0.11723543927073479	0.00611946110034296	0.03831995129585266	0.012928610197559465	0.022719313588459043	0.007930899531675095	0.07801417633891106	0.03049881961196661
T[C>T]C	0.05171600505709648	0.015504147929474877	0.008907002362205506	0.009684834757032778	0.0239584444090724	0.04669108465313911	0.007737262252299398	0.025664637237787245	0.017941332049667837	0.0462974026799202	0.008392432681285792	0.03129424788057804	0.007811925437423896
T[C>T]G	0.024211624637246132	0.00023004277086688366	0.0011222533550696765	6.941070783388126e-08	0.017659252507297874	0.017520379088819028	0.004563307405260275	0.02478895578533411	0.04075423143804073	0.013916197587968781	0.007461729557337549	0.031030234321951865	0.016462228423552005
T[C>T]T	0.13774260580539704	0.0271134190261364	0.012036444037221372	0.006693624693434685	0.04162431675940752	0.08427337557077408	0.001268631567088363	0.04375949017703533	0.012901704711839556	0.033876825985498724	0.010156470148285735	0.0409128051251173	0.0185113238170743
T[T>A]A	0.00021838152924524807	0.007316153520722633	0.008742218604311347	0.011846171878278255	0.007284201518632472	0.013673876272514462	0.005806399270659313	0.019531557522714137	0.007408358715474605	0.014598514512181282	0.020750761443196097	0.03612543419003487	0.006299199858369411
T[T>A]C	0.0003253996881540353	0.009266378404572607	0.008027748577296734	0.0136614759452641	0.008199577312916517	0.003435387369245291	0.0008858825886559174	0.0020442506298422813	0.00664368169388869	0.003631318488623951	0.008403180260211229	0.0047518810722976925	0.0035775760021351743
T[T>A]G	0.00027409826871007683	0.005303495936095715	0.006680392939597368	0.005363548570312559	0.005878463527187705	0.0036955362069420517	0.003910716529935599	0.0036411338500329294	0.002968531270744279	0.003814136973232962	0.006652985271648504	0.004473429266363382	0.006264659180305898
T[T>A]T	0.00046816826302773504	0.023949097841978073	0.02758161798119545	0.01279292626086317	0.010955885238945483	0.011503969056502684	0.006134017463773489	0.0043741293476522005	0.007197281811386347	0.007401543925516308	0.0182051339186728	0.011756697297096252	0.015320141334086657
T[T>C]A	0.00037449220544658767	0.012001013476401567	0.006705892668105662	0.007728581340052188	0.007664912566542626	0.005893933959305287	0.0029926820659561836	0.013364775478839875	0.00876167779788375	0.0035720417741689032	0.019609826058149336	0.01890471000224352	0.00704303530510515
T[T>C]C	0.00046651251304865584	0.007718480605399236	0.010532381294945025	0.006220552204376872	0.00732562686316669	0.00529402638785541	0.007954795099794864	0.004384661859683092	0.008346923999488354	0.0023933883639983833	0.011203729873523116	0.01739382781088352	0.01325054441113025
T[T>C]G	0.00010680308978309738	0.006920419726520776	0.007716330885887146	0.0043500690720975396	0.00358623000793159	0.004626309196464717	0.004577003279700875	0.007497184909880161	0.0007810644431677744	0.005958199762802962	0.004989699443740392	0.006046968046575785	0.008944063633680343
T[T>C]T	0.0005724770133383572	0.014845913648605347	0.008510526735335588	0.00921480031684041	0.004829973378182117	0.008663373305294897	0.007930610697996351	0.018639144767075778	0.010831952840089799	0.01367146079428494	0.0067815690534189345	0.012819660396780818	0.010031143203377724
T[T>G]A	0.00023481598182115704	0.007448907848447562	0.007345315534621477	0.005898838058207497	0.0027482761157443746	0.0014574581990018487	0.011148898862302303	0.006211727205663919	0.0013625245473214132	0.0040887618670240045	0.0028408660287823294	0.005720514757558704	0.003374940561888096
T[T>G]C	3.311013279021293e-05	0.004336174507625401	0.004172388510778546	0.005035459640203044	0.0010777756779106718	0.003519783285446465	0.006281697377562523	0.0028631962370127438	0.0034420693758875132	0.003320743143558502	0.005959013709798455	0.0028563734143972398	0.007659773528575897
T[T>G]G	0.0002688792796107009	0.010603810660541058	0.004634296777658165	0.01257448848336935	0.004049811908043921	0.0018377810134552418	0.014109524711966515	0.002845298178442318	0.005738098593428731	0.003221640968695283	0.004596264280610285	0.006727325962856412	0.013186364667490125
T[T>G]T	0.0004853332589855616	0.007612006955812101	0.009898653393611312	0.01487829121761024	0.0058357671834528444	0.004097486122918781	0.019378102198243142	0.014103095137920718	0.008711126574780792	0.017131811752915383	0.013948474476637784	0.010518127586692572	0.01963080409914255
