MutationType	DBS2	DBS4	DBS6	DBS11	DBS13	DBS17	DBS18	DBS20	DBS78I	DBS78K
AC>CA	0.00037408	0.00414186	0.00266057	0.00136991	0.00215512	0.02071416	0.01032284	0.00503114	0.00000535	0.01522865
AC>CG	0.00003170	0.00004960	0.00014603	0.00019399	0.00005150	0.00178473	0.00270831	0.00190918	0.00245835	0.00000315
AC>CT	0.00012603	0.00000000	0.00024005	0.00075595	0.00285340	0.01448810	0.02015771	0.00237222	0.00866282	0.00000403
AC>GA	0.00023705	0.00440197	0.00858184	0.00044197	0.00276230	0.01919179	0.00733972	0.00158594	0.01499611	0.00000202
AC>GG	0.00000000	0.00000000	0.00010402	0.00224985	0.00146431	0.00806451	0.00498693	0.00263499	0.00000687	0.00000399
AC>GT	0.00028006	0.00000001	0.00013203	0.00570961	0.00443944	0.03054249	0.01222056	0.00031640	0.00000600	0.01256622
AC>TA	0.00148031	0.00127057	0.01010217	0.00026398	0.00257991	0.00866264	0.02293684	0.00933111	0.04720171	0.00000129
AC>TG	0.00000636	0.00005310	0.00044910	0.00023898	0.00428449	0.00880495	0.01387712	0.00013060	0.00000601	0.00000351
AC>TT	0.00292062	0.00016107	0.00318068	0.00281981	0.01573974	0.01746806	0.01684274	0.00251075	0.00245739	0.03631489
AT>CA	0.00003780	0.00091641	0.00011402	0.00947935	0.00420812	0.01015017	0.00456027	0.00223810	0.05247920	0.00000263
AT>CC	0.00000000	0.00000000	0.00006390	0.00189987	0.00100803	0.00705084	0.00181878	0.00123446	0.00000687	0.00000399
AT>CG	0.00000000	0.00000000	0.00000182	0.00001740	0.00000233	0.00141649	0.00074281	0.00155349	0.00000687	0.00000399
AT>GA	0.00016804	0.00032415	0.00162035	0.01119924	0.00213368	0.01421218	0.00264049	0.00845878	0.01078378	0.00000329
AT>GC	0.00000585	0.00001760	0.00001720	0.00417971	0.00030030	0.01092828	0.00049459	0.00036851	0.00000687	0.00000399
AT>TA	0.00045810	0.00453203	0.00220047	0.00383974	0.01051729	0.01253780	0.00800010	0.00293144	0.00102062	0.00000314
CC>AA	0.72415324	0.00000000	0.00000000	0.00000000	0.00000051	0.00035239	0.01061034	0.00037896	0.02608190	0.04709135
CC>AG	0.07261537	0.00543244	0.06161322	0.00097193	0.01167958	0.00121360	0.04763347	0.00397481	0.00001888	0.05074824
CC>AT	0.10002116	0.01570704	0.00043809	0.03449765	0.04328139	0.00073096	0.09923242	0.00553983	0.00000000	0.09453737
CC>GA	0.01770375	0.00355159	0.03550762	0.00095294	0.00001040	0.00074893	0.01597963	0.00085171	0.04740552	0.01602876
CC>GG	0.00045010	0.00007300	0.01810389	0.00344977	0.00076944	0.00329962	0.00521338	0.00268544	0.00491230	0.00000339
CC>GT	0.00110023	0.00007990	0.00344074	0.06949526	0.02345453	0.00946063	0.01902114	0.00415748	0.00000050	0.09589624
CC>TA	0.01600339	0.00017008	0.00222048	0.05879599	0.04135706	0.00029078	0.02267045	0.00994449	0.00000214	0.00000574
CC>TG	0.00023705	0.00000830	0.00687147	0.03229780	0.00954473	0.03163951	0.01806850	0.00199377	0.00000313	0.00000313
CC>TT	0.00000000	0.00000000	0.00000000	0.33197737	0.00009970	0.00082274	0.03204135	0.00585993	0.00485642	0.05330299
CG>AT	0.00115024	0.00029013	0.00754162	0.00181988	0.00041279	0.00251098	0.00082662	0.00146010	0.00000943	0.00000408
CG>GC	0.00036908	0.00000510	0.00059013	0.00016599	0.00117069	0.00233536	0.00003220	0.00015095	0.00000687	0.00000399
CG>GT	0.00128027	0.00000000	0.00322069	0.00117992	0.00236357	0.00476132	0.00161280	0.00024229	0.00000582	0.00407540
CG>TA	0.00000000	0.00000000	0.00000000	0.00000000	0.00065557	0.00584808	0.00025472	0.00051120	0.04954740	0.00407209
CG>TC	0.00215045	0.00000000	0.00891191	0.00068495	0.00221426	0.00563701	0.00120722	0.00127668	0.00000687	0.00000399
CG>TT	0.00556118	0.00036116	0.01870401	0.00069895	0.00164313	0.01232192	0.00254547	0.00039108	0.00000687	0.00000399
CT>AA	0.00321068	0.00000000	0.00448096	0.00439970	0.06168987	0.01041216	0.02653683	0.00960691	0.00000358	0.00000245
CT>AC	0.00000000	0.00000000	0.00195042	0.00234984	0.02589689	0.01459908	0.02614757	0.00569839	0.00000691	0.00000402
CT>AG	0.00058712	0.00036316	0.03950848	0.00049597	0.01328834	0.00812751	0.00726700	0.00057029	0.04469984	0.00000313
CT>GA	0.00001810	0.00067330	0.00734158	0.01159921	0.00109409	0.00552022	0.00364736	0.00312897	0.00491150	0.00000280
CT>GC	0.00013403	0.00007220	0.00179038	0.00610958	0.00388039	0.01109459	0.00122454	0.00063377	0.00196605	0.00000647
CT>GG	0.00008980	0.00092641	0.00681146	0.00401973	0.00264999	0.00774922	0.00198528	0.00050315	0.00490927	0.02342296
CT>TA	0.00338071	0.00000000	0.00008840	0.04169716	0.03108580	0.00091217	0.00952199	0.01808698	0.00000126	0.00000233
CT>TC	0.00003840	0.00000000	0.00000000	0.00298980	0.00851099	0.01873298	0.00632082	0.00065994	0.00000440	0.06472190
CT>TG	0.00039008	0.00003080	0.01120240	0.00147990	0.00391349	0.02444075	0.00259603	0.00600496	0.06019606	0.00000209
GC>AA	0.00508108	0.32814716	0.00000000	0.00099993	0.00000003	0.12592949	0.03483500	0.01018321	0.12371517	0.00992097
GC>AG	0.00032507	0.01130507	0.00366079	0.00328978	0.01696915	0.01890403	0.04229653	0.00971442	0.03095459	0.00000151
GC>AT	0.00095320	0.00924415	0.00188040	0.02719815	0.01737239	0.04625069	0.05069040	0.01683102	0.00000428	0.06772304
GC>CA	0.00106022	0.01190534	0.00869187	0.00210986	0.01039921	0.01134939	0.02342080	0.00996847	0.02951279	0.00970803
GC>CG	0.00006690	0.00000098	0.00000000	0.00403973	0.00086487	0.00036973	0.00193531	0.00098246	0.00000687	0.00000399
GC>TA	0.00073616	0.01770794	0.00082918	0.00024298	0.00003390	0.00875514	0.01902483	0.00031415	0.00000399	0.00406848
TA>AT	0.00275058	0.03041364	0.00857184	0.00222985	0.00624589	0.00876246	0.01045004	0.16094933	0.03038872	0.02039366
TA>CG	0.00001890	0.00038918	0.00025906	0.00058396	0.00024471	0.00728658	0.00192574	0.00644311	0.04420551	0.00000279
TA>CT	0.00028006	0.00872391	0.02610560	0.00337977	0.01638484	0.01692123	0.01114200	0.11690854	0.00245919	0.08450074
TA>GC	0.00008220	0.00007020	0.00026406	0.00101993	0.00012677	0.00070131	0.00026241	0.00286647	0.00000687	0.00000399
TA>GG	0.00007890	0.00222100	0.00021805	0.00037497	0.00059345	0.00588205	0.00374396	0.00980494	0.02295656	0.00000355
TA>GT	0.00130028	0.00806362	0.00006250	0.00266982	0.00614737	0.01238385	0.00703109	0.05618043	0.00000344	0.00825257
TC>AA	0.00145031	0.37917005	0.04580983	0.00021698	0.06810894	0.05815784	0.00367499	0.18018691	0.07461135	0.06745400
TC>AG	0.00020004	0.00187084	0.00828178	0.04739677	0.06721666	0.00023258	0.01185058	0.00799556	0.00490902	0.00000149
TC>AT	0.00000000	0.00841377	0.00059413	0.08459423	0.15791239	0.00131200	0.07356488	0.02395770	0.00700473	0.01659913
TC>CA	0.00068214	0.08463796	0.01180253	0.00028198	0.03750799	0.00534883	0.01880728	0.01512029	0.01223572	0.01359685
TC>CG	0.00000389	0.00040018	0.00086219	0.00323978	0.00722690	0.00164163	0.00219228	0.00047311	0.00687228	0.00000290
TC>CT	0.00335071	0.00000828	0.00939202	0.02009863	0.03250165	0.02070633	0.02551303	0.01822673	0.00000054	0.00000027
TC>GA	0.00088519	0.03641633	0.00734158	0.00023498	0.01158433	0.00622415	0.00190081	0.00704212	0.00976364	0.00000168
TC>GG	0.00000987	0.00001040	0.00151032	0.00732950	0.01538438	0.00028347	0.00183872	0.00095776	0.00144421	0.00000263
TC>GT	0.00008570	0.00000000	0.00000000	0.01519896	0.03331173	0.00038857	0.00812228	0.00543547	0.04026522	0.02742755
TG>AA	0.00296063	0.00763342	0.02550547	0.00782947	0.01924088	0.00824444	0.01004784	0.02281667	0.00981553	0.00000203
TG>AC	0.00022005	0.00011805	0.01010217	0.00086594	0.00442355	0.00232139	0.00451536	0.00386415	0.00000645	0.00000344
TG>AT	0.00429091	0.00000000	0.22104743	0.01049928	0.01851971	0.00910307	0.02696959	0.04884615	0.03974311	0.00549665
TG>CA	0.00014403	0.00080436	0.01140245	0.05609617	0.02863780	0.14554516	0.01573682	0.00243813	0.04523161	0.00000057
TG>CC	0.00005940	0.00012005	0.00789169	0.00312979	0.00520651	0.01729274	0.00378254	0.00013112	0.00000226	0.00838246
TG>CT	0.00307065	0.00008210	0.27505902	0.00557962	0.01650479	0.00373540	0.01057465	0.01212043	0.03331507	0.00000022
TG>GA	0.00147031	0.00785352	0.00744160	0.00730950	0.00610512	0.00996574	0.00077124	0.01915110	0.00491162	0.00000306
TG>GC	0.00027206	0.00060427	0.00560120	0.00611958	0.00219436	0.00747641	0.00083096	0.00051919	0.00245904	0.03119328
TG>GT	0.00640136	0.00003230	0.02740588	0.00523964	0.01916183	0.00323767	0.00310198	0.00525343	0.01059735	0.00000354
TT>AA	0.00431091	0.00001800	0.00019304	0.00476968	0.01318549	0.00021184	0.02723286	0.06266200	0.01797209	0.03231519
TT>AC	0.00034507	0.00000066	0.00012803	0.00103993	0.00147249	0.01197658	0.01746798	0.01054644	0.00491161	0.00000355
TT>AG	0.00021505	0.00000000	0.00212045	0.00126991	0.00579217	0.00640216	0.00804527	0.01556096	0.00000544	0.07073463
TT>CA	0.00000000	0.00000000	0.00000000	0.00201986	0.00380848	0.01389748	0.01696879	0.00064064	0.00000639	0.00000395
TT>CC	0.00000298	0.00000000	0.00000000	0.00399973	0.00000105	0.00000380	0.00000021	0.00275531	0.00000560	0.00000360
TT>CG	0.00001520	0.00000000	0.00001120	0.00000000	0.00085676	0.00637330	0.00382531	0.00098567	0.00000539	0.00407571
TT>GA	0.00004790	0.00000000	0.00000000	0.00070695	0.00282684	0.00866266	0.00135720	0.00134789	0.00000687	0.00000399
TT>GC	0.00000154	0.00000000	0.00000041	0.00000578	0.00075511	0.01817436	0.00270108	0.00271044	0.00000612	0.00000321
TT>GG	0.00000000	0.00000000	0.00000000	0.00000000	0.00000232	0.00000475	0.00000040	0.00018887	0.00000596	0.00000317
