MutationType	DBS78A	DBS78B	DBS78C	DBS78D	DBS78E	DBS78F	DBS78G	DBS78H	DBS78I	DBS78J	DBS78K	DBS78L	DBS78M	DBS78N
AC>CA	0.00563800027181666	0.006403202120297161	0.004225674327002101	6.676050173458256e-05	0.0029575572446143878	0.0014956375148661512	0.01079859423104305	0.006525784708477052	0.001906177085887369	0.00420980980306922	0.004268956769919896	0.005290091697922132	6.522069355317702e-05	0.01182806291290035
AC>CG	7.764313559164294e-05	6.712011781928595e-05	6.808888623102879e-05	7.65615869264972e-05	7.624234858667478e-05	6.240948205231689e-05	7.858761042977373e-05	6.982987906667404e-05	7.290232097147963e-05	6.631800606555771e-05	6.37865079625044e-05	5.9587833675323054e-05	7.6934260505368e-05	7.64577642257791e-05
AC>CT	7.764313559164294e-05	6.712011781928595e-05	6.808888623102879e-05	7.65615869264972e-05	7.624234858667478e-05	6.240948205231689e-05	7.858761042977373e-05	6.982987906667404e-05	7.290232097147963e-05	6.631800606555771e-05	6.37865079625044e-05	5.9587833675323054e-05	7.6934260505368e-05	7.64577642257791e-05
AC>GA	0.007245231512478173	0.009399533076930311	0.010417515436697885	0.12870323957967475	4.313451540648809e-05	3.0169117521916534e-05	0.004585269609712365	0.013198539030623973	0.002803322261510985	0.020972795001705437	0.026371325379696157	3.4151422495757684e-05	0.009379892122702602	4.722110891937822e-05
AC>GG	7.764313559164294e-05	6.712011781928595e-05	6.808888623102879e-05	7.65615869264972e-05	7.624234858667478e-05	6.240948205231689e-05	7.858761042977373e-05	6.982987906667404e-05	7.290232097147963e-05	6.631800606555771e-05	6.37865079625044e-05	5.9587833675323054e-05	7.6934260505368e-05	7.64577642257791e-05
AC>GT	7.764313559164294e-05	6.712011781928595e-05	6.808888623102879e-05	7.65615869264972e-05	7.624234858667478e-05	6.240948205231689e-05	7.858761042977373e-05	6.982987906667404e-05	7.290232097147963e-05	6.631800606555771e-05	6.37865079625044e-05	5.9587833675323054e-05	7.6934260505368e-05	7.64577642257791e-05
AC>TA	0.0038702604147999417	0.03297074038820635	0.08254414625618361	0.012102826798250513	3.935545341245591e-05	0.004015256108162811	0.018563517361072947	0.02401147269548854	0.016595358333339735	0.007677568040810811	0.001983861748793062	0.011076641055349985	0.011110608972148838	0.007894320366579284
AC>TG	6.42143839286291e-05	0.009131278176391788	0.002826509662675865	0.007735512655320538	0.0010438987137604272	4.884985479899721e-05	6.519625958389952e-05	0.004209005157371592	6.156120204347341e-05	0.00890746124969155	0.00817169881460984	0.005592200903159513	0.017339970253942738	6.468422701194262e-05
AC>TT	7.764313559164294e-05	6.712011781928595e-05	6.808888623102879e-05	7.65615869264972e-05	7.624234858667478e-05	6.240948205231689e-05	7.858761042977373e-05	6.982987906667404e-05	7.290232097147963e-05	6.631800606555771e-05	6.37865079625044e-05	5.9587833675323054e-05	7.6934260505368e-05	7.64577642257791e-05
AT>CA	7.764313559164294e-05	6.712011781928595e-05	6.808888623102879e-05	7.65615869264972e-05	7.624234858667478e-05	6.240948205231689e-05	7.858761042977373e-05	6.982987906667404e-05	7.290232097147963e-05	6.631800606555771e-05	6.37865079625044e-05	5.9587833675323054e-05	7.6934260505368e-05	7.64577642257791e-05
AT>CC	0.00426698234750802	5.790290457146815e-05	0.0193152619391185	6.668363433467069e-05	6.556164765546176e-05	5.113126602130554e-05	0.004599866409625975	0.006635510800091045	6.178678443878501e-05	0.011438632645028217	0.0061525343135144794	5.123068167449674e-05	0.003976499865893856	0.0028344737634445967
AT>CG	7.764313559164294e-05	6.712011781928595e-05	6.808888623102879e-05	7.65615869264972e-05	7.624234858667478e-05	6.240948205231689e-05	7.858761042977373e-05	6.982987906667404e-05	7.290232097147963e-05	6.631800606555771e-05	6.37865079625044e-05	5.9587833675323054e-05	7.6934260505368e-05	7.64577642257791e-05
AT>GA	0.0011008603521380186	0.0033742599142290905	0.008477520005908446	0.01701250432864375	0.005681495814375618	0.0014931436966435286	0.0015761931048473344	0.006761289697654623	0.0055879368534078825	0.0034072022912975323	0.011315948152514466	0.0033738385151082183	0.002018272968537834	0.008052902818296086
AT>GC	7.764313559164294e-05	6.712011781928595e-05	6.808888623102879e-05	7.65615869264972e-05	7.624234858667478e-05	6.240948205231689e-05	7.858761042977373e-05	6.982987906667404e-05	7.290232097147963e-05	6.631800606555771e-05	6.37865079625044e-05	5.9587833675323054e-05	7.6934260505368e-05	7.64577642257791e-05
AT>TA	0.0035593194189611193	0.012462207882627278	0.0371750706099192	0.027031634335495863	0.0013736590369900264	3.5131878425416946e-05	0.0015090156207890003	0.027186033809721268	0.00700072231809652	0.006870211502367359	0.001994765819957441	0.009992583464812318	0.021545658970236185	0.0021255815492216335
CC>AA	1.817318974335422e-05	2.3671280700780783e-05	2.0810749866974804e-05	3.519703804599761e-05	0.7952056030432383	7.973885273959702e-06	2.102299500400378e-05	1.8965406552655384e-05	1.5082285571351347e-05	2.6104736293023716e-05	1.9871424412698514e-05	2.0406818055892135e-05	2.3173881552532998e-05	2.6900432822844304e-05
CC>AG	1.576113372231289e-05	2.3326972666573346e-05	2.5724704648781107e-05	2.3442954520747074e-05	0.024458988012108322	1.2607722172817579e-05	0.011084288971901893	0.006670404852158876	1.8530221002895553e-05	0.6187717004834971	1.539485224616721e-05	2.1344751577312068e-05	2.7993268640299124e-05	2.315300672064054e-05
CC>AT	0.006046905132542726	2.9782673271963483e-05	0.22484146307542688	3.161159833872107e-05	2.4237132011603602e-05	1.9565392468183044e-05	0.009191491533276815	0.01832945823502347	0.021829503647022734	0.007694251860293774	0.01108315089761655	0.007600068320441868	2.4629397019064008e-05	0.04578666824600397
CC>GA	2.9211877881915622e-05	0.08886101033732033	0.01763474765225984	0.031077516285597538	0.003620608985639636	0.0031850621151072417	0.014611407933261943	0.03301529807107698	2.6971632594700404e-05	2.972805569035851e-05	0.010236909652479653	0.022938479810304	0.024072322310334546	0.0429297719542357
CC>GG	7.764313559164294e-05	6.712011781928595e-05	6.808888623102879e-05	7.65615869264972e-05	7.624234858667478e-05	6.240948205231689e-05	7.858761042977373e-05	6.982987906667404e-05	7.290232097147963e-05	6.631800606555771e-05	6.37865079625044e-05	5.9587833675323054e-05	7.6934260505368e-05	7.64577642257791e-05
CC>GT	3.543647798519029e-05	3.420067270477982e-05	0.057354336794163414	0.043619208882698976	0.0030543032679840546	0.0037181301365818474	0.032888942752621615	0.005278453942144182	0.011743844687604603	0.00961001093539835	0.012126134745414302	0.017731492404789596	0.005905309415114365	0.031466927784038035
CC>TA	0.0028727046463277585	0.2524606697111039	2.790022028259879e-05	4.372537589019121e-05	0.006063296275053443	0.011575283956808154	0.011639677452405869	0.013852563488587315	0.027159976663408362	0.02529776452793566	1.8754833555484372e-05	2.881177713132503e-05	0.02952819926601702	0.010407749269237836
CC>TG	0.0032689739787504853	0.011661712803462858	0.009726151711129205	0.02244182226307506	0.0011983548637663562	0.005280604986865001	5.506162301263847e-05	0.0047955307232901605	0.010459989860205828	4.726952743112633e-05	0.018094582245656455	0.0024146352767274947	5.689815540487568e-05	0.046685427251456225
CC>TT	9.514768852333008e-06	3.09342675223867e-05	3.0640573605215475e-05	2.9946729797152083e-05	0.009172825533027259	0.012481670773311571	2.258332091647682e-05	2.155643455363787e-05	0.6019419030480397	1.815404088369241e-05	2.8821454096039644e-05	1.80139047029441e-05	2.3227701054686264e-05	2.898769866227132e-05
CG>AT	0.004265194689044923	0.003745326014238041	0.004573797519151412	0.007078390795989738	0.0028306351519859162	0.0017106961407383399	0.0015112186903328015	0.00652546189497419	0.006986035074078245	0.0016381690787966364	0.0038514772341538142	0.010562114642592253	0.005349543536067358	0.002620699083248231
CG>GC	7.764313559164294e-05	6.712011781928595e-05	6.808888623102879e-05	7.65615869264972e-05	7.624234858667478e-05	6.240948205231689e-05	7.858761042977373e-05	6.982987906667404e-05	7.290232097147963e-05	6.631800606555771e-05	6.37865079625044e-05	5.9587833675323054e-05	7.6934260505368e-05	7.64577642257791e-05
CG>GT	7.764313559164294e-05	6.712011781928595e-05	6.808888623102879e-05	7.65615869264972e-05	7.624234858667478e-05	6.240948205231689e-05	7.858761042977373e-05	6.982987906667404e-05	7.290232097147963e-05	6.631800606555771e-05	6.37865079625044e-05	5.9587833675323054e-05	7.6934260505368e-05	7.64577642257791e-05
CG>TA	6.2988602197341e-05	0.01402949003268077	0.0028213476906482054	0.00893016842558912	0.001507045554293048	0.00561722601614747	0.0024355288354854566	0.005751325870187429	0.0037938876295811495	0.010403239247413392	4.913706349422379e-05	0.007903368708745499	0.005129169803209758	0.002825804826473662
CG>TC	0.009091414831116806	3.31364031353587e-05	0.009993985287568445	0.15170038762802657	0.0061694598133053445	2.6347240038641453e-05	3.6854039206570915e-05	0.009075524625187644	0.01686122384494067	0.007682197992884691	3.0076926168261978e-05	0.012483819169018388	0.023678621810836374	0.010642274428560465
CG>TT	0.0032605340889188214	0.01588831403673036	0.007434148493181662	0.0475789041744387	0.0029373508442366377	0.004157866341756744	0.0030718368813330934	0.010454946181289415	4.584305071502371e-05	0.0204310439599188	0.010723998797552176	0.021537609716826996	0.004488114069924147	5.20024098653001e-05
CT>AA	7.764313559164294e-05	6.712011781928595e-05	6.808888623102879e-05	7.65615869264972e-05	7.624234858667478e-05	6.240948205231689e-05	7.858761042977373e-05	6.982987906667404e-05	7.290232097147963e-05	6.631800606555771e-05	6.37865079625044e-05	5.9587833675323054e-05	7.6934260505368e-05	7.64577642257791e-05
CT>AC	0.0020491646502099076	0.006397048306340972	0.002613858891587976	0.013236991927866863	0.00541333472453213	4.888146692489196e-05	0.002279111013558577	0.0028236890149249422	0.01385175360192079	0.004205032066602143	5.028098942905975e-05	0.006112365718339182	0.0055963316387836436	0.009257552997708748
CT>AG	3.658140726057835e-05	0.05442021434007433	0.028441309761137745	0.00608227958403833	4.4929028293457424e-05	0.011957676869411672	0.003541230228104079	0.08969401615425644	0.012601074914082007	0.0016277928797479172	0.012413174432174955	0.012224143500774668	0.0055721464912191244	0.01193673388612903
CT>GA	5.750430642971575e-05	0.0075127967591318645	0.02019909129633864	0.009279464542851201	0.0026891162607474445	3.902833183625868e-05	0.00881581966599714	0.021505503760878734	0.00913829336644767	0.0100933577586981	4.0121428598164735e-05	0.022176767562352023	0.0024246347474218056	0.02636469421486254
CT>GC	7.764313559164294e-05	6.712011781928595e-05	6.808888623102879e-05	7.65615869264972e-05	7.624234858667478e-05	6.240948205231689e-05	7.858761042977373e-05	6.982987906667404e-05	7.290232097147963e-05	6.631800606555771e-05	6.37865079625044e-05	5.9587833675323054e-05	7.6934260505368e-05	7.64577642257791e-05
CT>GG	0.0033608274750767443	0.01392378152246086	0.05032650771821257	0.018755231465650012	4.218778971107895e-05	0.013405416337343467	0.011791888962591942	0.016339914747087885	0.005017049271873475	0.019821289200323614	0.0050167711457494105	0.019059243958840406	0.01497217481746702	0.004785250666191132
CT>TA	0.004930394332153104	0.0221802091809271	0.05512801989299684	4.538554494502023e-05	0.012194440629526	0.00476463750000629	4.091656904557557e-05	0.039911831080597295	0.0052678576018289885	0.004958275414727116	0.017357299802861062	0.051368142087926574	0.03381615545018722	4.3304427021932196e-05
CT>TC	0.0011035901197222605	0.009172064192474258	0.008852515498923215	0.013114524373061915	0.0030281080608498693	0.0034220658662889036	0.007682771008694545	0.0017219502689840738	5.9542946110013874e-05	0.0037941875685646663	0.0041726460759794765	4.8585165980815263e-05	0.0019104706881383513	0.01234264482100116
CT>TG	2.77276800018002e-05	0.015695883805899768	0.020959792343493433	0.14400004580813477	0.009513600543740263	0.0066613665434317685	0.01266966891085306	0.020395774399951824	0.014157408066739662	3.154807526091948e-05	0.012091330095387912	0.0615126605639051	0.0141697135436529	3.765677857915626e-05
GC>AA	0.8583276430765788	3.0370996511160562e-05	3.0022499863299686e-05	4.073434719353101e-05	2.7299897680658584e-05	1.095390671066824e-05	1.998524675310929e-05	3.08399698174829e-05	1.6268497166294082e-05	2.361968881838076e-05	1.6963282156678972e-05	2.899743171648576e-05	2.959835612206992e-05	2.6062140369346547e-05
GC>AG	0.004459140281308649	0.06429849866735574	0.027710571848539683	0.016619014974918904	0.004779841899932317	0.007588342030820661	0.0074048021434832785	0.02574857886616352	0.005012660087944363	0.0051437280094357146	0.06382914966595153	0.006069094024594728	0.0083404780030174	0.013625871055549481
GC>AT	0.00587298457185681	2.2598691687802178e-05	2.235763470765743e-05	2.7870957792034783e-05	1.5151432972150406e-05	0.006242139678072263	2.073453379705866e-05	2.1334781744839116e-05	1.7446895686886268e-05	2.0437260561834147e-05	1.5302921486868663e-05	2.6952076944194992e-05	0.012234408386305932	0.4970096509707825
GC>CA	0.005153648650559243	0.04795099325507787	0.015066042412225518	0.006303019781747328	0.0013710529957165819	0.014178973365973905	5.178147483480925e-05	0.027310936118728552	0.023931318398164574	0.009527885233195595	0.041645645115583343	3.2539984598164055e-05	0.01294325266183584	0.012252966720795181
GC>CG	7.764313559164294e-05	6.712011781928595e-05	6.808888623102879e-05	7.65615869264972e-05	7.624234858667478e-05	6.240948205231689e-05	7.858761042977373e-05	6.982987906667404e-05	7.290232097147963e-05	6.631800606555771e-05	6.37865079625044e-05	5.9587833675323054e-05	7.6934260505368e-05	7.64577642257791e-05
GC>TA	0.0021277006026593883	0.007434914069945838	0.018829656528987472	0.006087449144251878	0.004811410578501333	0.0033572019867278867	5.56274262938435e-05	0.008674421988143877	0.010459934648073007	4.629234863386955e-05	0.04061436870530694	0.013456779828557804	0.008361058211206304	0.01921188174640823
TA>AT	4.783219954077263e-05	0.051129460167645864	0.010341063284719591	0.037247685313411695	4.0327645963445774e-05	0.01520777820995962	0.0035357897364895587	0.007949266083763007	0.017940612619652227	0.012080630799603871	0.006064048483902186	0.0357407262720604	0.0066923762719716265	0.026748868082442336
TA>CG	7.764313559164294e-05	6.712011781928595e-05	6.808888623102879e-05	7.65615869264972e-05	7.624234858667478e-05	6.240948205231689e-05	7.858761042977373e-05	6.982987906667404e-05	7.290232097147963e-05	6.631800606555771e-05	6.37865079625044e-05	5.9587833675323054e-05	7.6934260505368e-05	7.64577642257791e-05
TA>CT	0.004186156154395808	0.030131798157026424	3.8078444382942205e-05	0.018159165330318198	0.004191669257583423	0.006667526369508007	0.00832356026647562	0.043147449297687976	3.611477860658852e-05	0.02360837470115058	0.003053636820207354	0.005565081486404703	0.05863002244579055	0.010053052271079348
TA>GC	7.764313559164294e-05	6.712011781928595e-05	6.808888623102879e-05	7.65615869264972e-05	7.624234858667478e-05	6.240948205231689e-05	7.858761042977373e-05	6.982987906667404e-05	7.290232097147963e-05	6.631800606555771e-05	6.37865079625044e-05	5.9587833675323054e-05	7.6934260505368e-05	7.64577642257791e-05
TA>GG	7.764313559164294e-05	6.712011781928595e-05	6.808888623102879e-05	7.65615869264972e-05	7.624234858667478e-05	6.240948205231689e-05	7.858761042977373e-05	6.982987906667404e-05	7.290232097147963e-05	6.631800606555771e-05	6.37865079625044e-05	5.9587833675323054e-05	7.6934260505368e-05	7.64577642257791e-05
TA>GT	7.764313559164294e-05	6.712011781928595e-05	6.808888623102879e-05	7.65615869264972e-05	7.624234858667478e-05	6.240948205231689e-05	7.858761042977373e-05	6.982987906667404e-05	7.290232097147963e-05	6.631800606555771e-05	6.37865079625044e-05	5.9587833675323054e-05	7.6934260505368e-05	7.64577642257791e-05
TC>AA	0.00871084595765933	2.3878882944744988e-05	2.4550009679143633e-05	4.107937729349587e-05	1.2420838539428659e-05	1.0186708146069148e-05	0.6310111347675653	2.8988260717662436e-05	0.015338442352336269	2.288322316495959e-05	9.213664858149299e-06	2.3398622873097943e-05	3.883879265176304e-05	0.011111198691309426
TC>AG	1.505200002841925e-05	2.593834092611107e-05	2.549508393130534e-05	3.867319756309939e-05	1.257639346681309e-05	0.022853556761897233	2.7770611862839207e-05	2.6237355369810682e-05	0.010135591116030558	0.010693788720360217	0.5070037773921892	2.1137819774576585e-05	2.3592256279137767e-05	2.4433218170509068e-05
TC>AT	1.3933119298886454e-05	2.6513158860301163e-05	1.9465432770323274e-05	2.8691948734953944e-05	2.711400255250851e-05	0.7573486159245173	2.106867365397891e-05	3.222113025419711e-05	2.4472355062243877e-05	2.2108732272694646e-05	3.7784274752346765e-05	2.225307231983701e-05	2.485632313355135e-05	2.4733834921231966e-05
TC>CA	4.876167449649255e-05	0.006687057497736267	0.012592342099308478	0.008349087002881709	0.007792607096775204	2.8186754987816603e-05	0.0037356207589941664	0.0055675960410290545	3.5874428509075075e-05	0.01664553900631467	0.006971102482854339	0.1442560506612305	0.0039503283138439356	0.023346009881728
TC>CG	0.004335536461410609	0.02134922615612088	0.012805835641228214	0.05156993963124889	0.0014663678440151823	0.005804726658329596	0.007025057362473793	0.01500734769134624	0.009359017926371452	3.429701647344648e-05	0.006161073544089851	0.034223697319279246	0.08544807240499115	4.3720351642484447e-05
TC>CT	1.8796513324077605e-05	2.985047788723628e-05	3.341004514677189e-05	3.637571352737134e-05	2.702008348935474e-05	1.4926082338333177e-05	0.024277624558918198	0.27601696397584113	0.024913701253413235	0.008687501041624279	0.011093542189066156	0.011872558447722916	0.006250153059462319	2.9938731247014516e-05
TC>GA	0.006651027384326194	3.0215472046239236e-05	3.073486827650148e-05	2.5221846357468726e-05	0.007513984204993507	1.3445826496839361e-05	0.03161081005023851	2.960481135119153e-05	0.01022766280400693	0.008957374806714297	1.5182037166829838e-05	2.824320410796943e-05	0.43815829749467716	2.934797739158057e-05
TC>GG	0.002128894008213441	0.008629010615428949	0.013037143504213115	0.016230910169845934	0.00774380964677827	3.7934875664783854e-05	0.004476695560091078	0.016450959719804814	0.01391560633937085	0.012502115947730394	0.009401785867415432	0.0074089669143177165	0.0035458375034371175	0.012858654563206073
TC>GT	0.0023330347460626343	0.03396110361718456	0.015086080978182774	0.02357263343997502	0.003061846440543074	0.039294253247499	0.02056675533137877	0.0173801837686824	0.009597849828616964	0.0044681157637751785	0.022326398303016505	0.01981878592816647	4.6269468202808636e-05	0.0051566888856920436
TG>AA	0.008062917815660346	0.06934946899247431	0.02086646981414567	0.03185862830723636	0.012233030001423669	2.6913024504445552e-05	0.0017951083367241456	0.00386364622864576	0.002805927837967677	0.008509125089246564	0.026323438412568952	0.04335678792859342	0.02828284709255217	0.008189583234475602
TG>AC	7.764313559164294e-05	6.712011781928595e-05	6.808888623102879e-05	7.65615869264972e-05	7.624234858667478e-05	6.240948205231689e-05	7.858761042977373e-05	6.982987906667404e-05	7.290232097147963e-05	6.631800606555771e-05	6.37865079625044e-05	5.9587833675323054e-05	7.6934260505368e-05	7.64577642257791e-05
TG>AT	1.901316253265032e-05	0.011092252517943353	0.01989022205958211	3.025204147616797e-05	0.0058847642095921715	1.8399168180336083e-05	0.020829751112712614	2.6303680606776987e-05	2.0520031130632777e-05	0.008631369081090886	0.014003721340281895	0.28277147876840447	0.008760674778225664	0.0028258552000521926
TG>CA	0.00228939866926036	0.005925137465783337	0.012818297134557118	0.0037490545320906675	0.0015728201640740735	0.002764978652824842	0.003942050264352777	0.005147844972998428	0.004879256806634658	0.008147828233389495	0.005032288883073003	0.003851481883005666	6.512524002270463e-05	0.007367800289648585
TG>CC	6.280169794384468e-05	0.0044901864397312845	0.018662688056247136	6.404121437905511e-05	0.006586559559339852	4.7576176075381224e-05	8.356143116543535e-05	0.012366639756874066	5.710308684380531e-05	0.009987965720210924	4.93754825280727e-05	0.011137662795772486	0.014533825202912945	0.0028424714958115754
TG>CT	0.002651853696767071	3.3354918987897146e-05	0.08814758325503007	3.965819881897777e-05	0.004175178105728835	0.006061141271348908	0.015126746850191719	0.0706143127294279	2.9072326844233402e-05	0.015215911153087328	0.00722755104475136	0.025226027540846966	0.008907257491254842	0.033279943181703214
TG>GA	6.697714716210612e-05	5.611675786288591e-05	0.003560808298304134	0.018294294583635445	6.553467687808734e-05	0.0028946470062389076	0.008482305658526456	0.004492179658943011	0.011744692582260541	5.690264327616508e-05	5.296548204872427e-05	5.061188430772745e-05	0.00914669871181104	0.005620242933340099
TG>GC	7.764313559164294e-05	6.712011781928595e-05	6.808888623102879e-05	7.65615869264972e-05	7.624234858667478e-05	6.240948205231689e-05	7.858761042977373e-05	6.982987906667404e-05	7.290232097147963e-05	6.631800606555771e-05	6.37865079625044e-05	5.9587833675323054e-05	7.6934260505368e-05	7.64577642257791e-05
TG>GT	0.0022135478800919374	0.016839396310418427	0.013477474796976216	0.009414649831736217	0.008601241219002987	0.0033584538982116404	0.003315788690088084	0.012314613510655666	0.009057147604198689	0.009583169170036853	0.01014061344919052	0.019021528435004598	0.019857305976984208	5.535003419936402e-05
TT>AA	7.764313559164294e-05	6.712011781928595e-05	6.808888623102879e-05	7.65615869264972e-05	7.624234858667478e-05	6.240948205231689e-05	7.858761042977373e-05	6.982987906667404e-05	7.290232097147963e-05	6.631800606555771e-05	6.37865079625044e-05	5.9587833675323054e-05	7.6934260505368e-05	7.64577642257791e-05
TT>AC	0.0022649154150713004	0.024996007189899198	0.0021351306086216937	0.012295213950104274	0.0010334353949777626	0.005156289118319061	0.0015652339599910193	0.027289691221782656	0.002812636713194176	4.5861644260488295e-05	0.016471800293538764	0.023181761922357207	0.006694967624328759	5.772581795705871e-05
TT>AG	0.0033270287970177987	0.0037451143385624163	5.718193533539306e-05	0.009996279220528474	0.0037208832389296733	0.0027061518949873667	0.0032359575986144287	0.007801043357782571	0.007971546644451639	0.008208353652056152	0.010385403755450776	4.8211704476367835e-05	0.003080207264429191	0.005337284810472435
TT>CA	7.764313559164294e-05	6.712011781928595e-05	6.808888623102879e-05	7.65615869264972e-05	7.624234858667478e-05	6.240948205231689e-05	7.858761042977373e-05	6.982987906667404e-05	7.290232097147963e-05	6.631800606555771e-05	6.37865079625044e-05	5.9587833675323054e-05	7.6934260505368e-05	7.64577642257791e-05
TT>CC	7.764313559164294e-05	6.712011781928595e-05	6.808888623102879e-05	7.65615869264972e-05	7.624234858667478e-05	6.240948205231689e-05	7.858761042977373e-05	6.982987906667404e-05	7.290232097147963e-05	6.631800606555771e-05	6.37865079625044e-05	5.9587833675323054e-05	7.6934260505368e-05	7.64577642257791e-05
TT>CG	7.764313559164294e-05	6.712011781928595e-05	6.808888623102879e-05	7.65615869264972e-05	7.624234858667478e-05	6.240948205231689e-05	7.858761042977373e-05	6.982987906667404e-05	7.290232097147963e-05	6.631800606555771e-05	6.37865079625044e-05	5.9587833675323054e-05	7.6934260505368e-05	7.64577642257791e-05
TT>GA	0.004172753245560064	5.6058559736508565e-05	0.00201135029286282	0.004819583257267368	0.004335616050836203	5.105404949669416e-05	0.010657374288954694	0.009467838709982364	0.00402217692759829	0.007750633881854204	0.012730136780434501	4.834506626139046e-05	0.0052953423414389056	0.0030808677599755657
TT>GC	7.764313559164294e-05	6.712011781928595e-05	6.808888623102879e-05	7.65615869264972e-05	7.624234858667478e-05	6.240948229484881e-05	7.858761042977373e-05	6.982987906667404e-05	7.290232097147963e-05	6.631800606555771e-05	6.37865079625044e-05	5.9587833675323054e-05	7.6934260505368e-05	7.645776495337486e-05
TT>GG	0.0022092637638706945	5.480975778482389e-05	0.004989846319464656	0.013323272970289205	0.006617216798864926	0.0014339460380142556	0.011747625052400205	0.006737373896066856	0.008822148370563809	5.551263311645016e-05	5.005433504265966e-05	4.835421044238804e-05	0.006530021089565708	0.0067669315466143114
