MutationType	DBS1	DBS2	DBS78A	DBS78B	DBS78C	DBS78D	DBS78F	DBS78G	DBS78H	DBS78I
AC>CA	0.00004970	0.00037408	0.00592852	0.01057214	0.00595049	0.01188624	0.00486046	0.00721329	0.00922251	0.00171731
AC>CG	0.00002640	0.00003170	0.00005944	0.00007794	0.00007644	0.00007368	0.00006474	0.00007019	0.00007310	0.00006897
AC>CT	0.00429109	0.00012603	0.00005944	0.00007794	0.00007644	0.00007368	0.00006474	0.00007019	0.00007310	0.00006897
AC>GA	0.00012703	0.00023705	0.00635458	0.02786344	0.01131533	0.00803685	0.00777828	0.01389413	0.01547270	0.00360751
AC>GG	0.00005710	0.00000000	0.00005944	0.00007794	0.00007644	0.00007368	0.00006474	0.00007019	0.00007310	0.00006897
AC>GT	0.00296075	0.00028006	0.00005944	0.00007794	0.00007644	0.00007368	0.00006474	0.00007019	0.00007310	0.00006897
AC>TA	0.00120031	0.00148031	0.01798466	0.02102279	0.00621575	0.02220724	0.00918810	0.01834207	0.01008453	0.01310574
AC>TG	0.00017204	0.00000636	0.01321579	0.00375929	0.00006459	0.01200877	0.00149775	0.00243193	0.00150666	0.01171469
AC>TT	0.02650674	0.00292062	0.00005944	0.00007794	0.00007644	0.00007368	0.00006474	0.00007019	0.00007310	0.00006897
AT>CA	0.00048212	0.00003780	0.00005944	0.00007794	0.00007644	0.00007368	0.00006474	0.00007019	0.00007310	0.00006897
AT>CC	0.00029708	0.00000000	0.00189628	0.00182083	0.00006621	0.01718923	0.00317193	0.00213758	0.00560069	0.00704388
AT>CG	0.00000398	0.00000000	0.00005944	0.00007794	0.00007644	0.00007368	0.00006474	0.00007019	0.00007310	0.00006897
AT>GA	0.00212054	0.00016804	0.01412493	0.01213029	0.00162926	0.00736250	0.00656260	0.00624401	0.00357914	0.00445889
AT>GC	0.00017404	0.00000585	0.00005944	0.00007794	0.00007644	0.00007368	0.00006474	0.00007019	0.00007310	0.00006897
AT>TA	0.00234060	0.00045810	0.02328638	0.01714852	0.00280425	0.01741433	0.00293973	0.00294363	0.01036538	0.00281798
CC>AA	0.00001060	0.72415324	0.00001718	0.00002281	0.00002161	0.00002258	0.00001231	0.00002324	0.00001857	0.00001741
CC>AG	0.00001230	0.07261537	0.00002497	0.00002350	0.00001031	0.00002824	0.00001310	0.00001540	0.02005624	0.46481376
CC>AT	0.01870475	0.10002116	0.07302242	0.00972053	0.00520907	0.02890455	0.02766968	0.03773570	0.00002813	0.02118606
CC>GA	0.00013403	0.01770375	0.07193940	0.03524179	0.00003334	0.02090026	0.00352574	0.00861886	0.01770010	0.01195438
CC>GG	0.00009820	0.00045010	0.00005944	0.00007794	0.00007644	0.00007368	0.00006474	0.00007019	0.00007310	0.00006897
CC>GT	0.00692176	0.00110023	0.00436338	0.03292052	0.00851038	0.01171175	0.01904833	0.01098093	0.03465359	0.01344231
CC>TA	0.01040264	0.01600339	0.03203139	0.11577696	0.00223048	0.01385429	0.01140058	0.00641386	0.02325648	0.02371366
CC>TG	0.00255065	0.00023705	0.01183932	0.01075527	0.00863438	0.01897307	0.00939802	0.01089666	0.01444437	0.00596787
CC>TT	0.85821813	0.00000000	0.00190901	0.00002363	0.00001082	0.00002453	0.00852180	0.00001854	0.01234726	0.00001965
CG>AT	0.00000060	0.00115024	0.01001647	0.00726451	0.00289892	0.00603063	0.00560327	0.00542550	0.00006173	0.00251388
CG>GC	0.00000542	0.00036908	0.00005944	0.00007794	0.00007644	0.00007368	0.00006474	0.00007019	0.00007310	0.00006897
CG>GT	0.00000170	0.00128027	0.00005944	0.00007794	0.00007644	0.00007368	0.00006474	0.00007019	0.00007310	0.00006897
CG>TA	0.00035609	0.00000000	0.00936437	0.00243806	0.00197995	0.01090811	0.00514535	0.00295046	0.00441787	0.00128853
CG>TC	0.00001260	0.00215045	0.00892022	0.02943406	0.00454501	0.00917863	0.00003351	0.02909233	0.00004142	0.03943032
CG>TT	0.00012403	0.00556118	0.04141485	0.00559144	0.00665307	0.02047318	0.01231981	0.00293200	0.01090446	0.00785645
CT>AA	0.00002770	0.00321068	0.00005944	0.00007794	0.00007644	0.00007368	0.00006474	0.00007019	0.00007310	0.00006897
CT>AC	0.00041911	0.00000000	0.01175109	0.00789293	0.00524134	0.00708299	0.00282067	0.00243110	0.00544441	0.00287726
CT>AG	0.00000000	0.00058712	0.01675380	0.02991983	0.00428511	0.04355262	0.01519596	0.05178575	0.00625796	0.00588282
CT>GA	0.00008920	0.00001810	0.00004072	0.03453479	0.00368605	0.00896785	0.00260155	0.01374274	0.01114126	0.00281610
CT>GC	0.00025206	0.00013403	0.00005944	0.00007794	0.00007644	0.00007368	0.00006474	0.00007019	0.00007310	0.00006897
CT>GG	0.00001080	0.00008980	0.04035656	0.00503211	0.01031953	0.01383149	0.00319339	0.01456929	0.01358200	0.01375344
CT>TA	0.00781198	0.00338071	0.00389837	0.03194269	0.00599046	0.02207478	0.00003045	0.03182425	0.02856684	0.02676487
CT>TC	0.01050267	0.00003840	0.00911676	0.00726473	0.00087184	0.01221669	0.00529673	0.00612013	0.00336663	0.00661454
CT>TG	0.00224057	0.00039008	0.02846921	0.01660677	0.00644774	0.06979590	0.00002694	0.01651833	0.02183853	0.00833013
GC>AA	0.00158040	0.00508108	0.00002426	0.00003274	0.71001941	0.00002589	0.00001304	0.00001967	0.00002309	0.00002107
GC>AG	0.00010703	0.00032507	0.00606301	0.01610695	0.00612480	0.02748728	0.03999068	0.04733598	0.01295213	0.01715352
GC>AT	0.00004870	0.00095320	0.00002507	0.00002995	0.02230426	0.20599418	0.00002105	0.01109551	0.00002992	0.01582077
GC>CA	0.00005760	0.00106022	0.04617683	0.00503818	0.00510967	0.00479017	0.01408297	0.02792790	0.01044265	0.00387694
GC>CG	0.00000515	0.00006690	0.00005944	0.00007794	0.00007644	0.00007368	0.00006474	0.00007019	0.00007310	0.00006897
GC>TA	0.00000083	0.00073616	0.01585075	0.01297298	0.00357622	0.00144010	0.00500900	0.02409580	0.02152967	0.00940673
TA>AT	0.00050513	0.00275058	0.07272215	0.00833108	0.00487666	0.00363992	0.01778339	0.01449391	0.00004635	0.01117577
TA>CG	0.00000755	0.00001890	0.00005944	0.00007794	0.00007644	0.00007368	0.00006474	0.00007019	0.00007310	0.00006897
TA>CT	0.00070218	0.00028006	0.02103482	0.02857442	0.00003880	0.03095323	0.01737571	0.02751965	0.00004167	0.01718355
TA>GC	0.00002010	0.00008220	0.00005944	0.00007794	0.00007644	0.00007368	0.00006474	0.00007019	0.00007310	0.00006897
TA>GG	0.00007030	0.00007890	0.00005944	0.00007794	0.00007644	0.00007368	0.00006474	0.00007019	0.00007310	0.00006897
TA>GT	0.00115029	0.00130028	0.00005944	0.00007794	0.00007644	0.00007368	0.00006474	0.00007019	0.00007310	0.00006897
TC>AA	0.00001090	0.00145031	0.00001765	0.00002847	0.01798926	0.00002095	0.00927875	0.00001496	0.48174229	0.00002040
TC>AG	0.00000309	0.00020004	0.00004040	0.00002576	0.00888243	0.00002664	0.03524358	0.27815627	0.02506099	0.01008411
TC>AT	0.00246063	0.00000000	0.00465923	0.00003974	0.03206232	0.00002200	0.55668426	0.00004356	0.00002182	0.00001978
TC>CA	0.00000442	0.00068214	0.06926159	0.01355838	0.00467072	0.00835431	0.00952205	0.00188661	0.01573924	0.01814956
TC>CG	0.00003300	0.00000389	0.00785233	0.01927623	0.00515213	0.01336602	0.00480770	0.03608648	0.02274739	0.01644610
TC>CT	0.00190048	0.00335071	0.00002742	0.09203738	0.01284514	0.01773395	0.00002594	0.01031408	0.01465869	0.02415717
TC>GA	0.00006420	0.00088519	0.00002119	0.18336487	0.01279557	0.03615094	0.01758226	0.01461395	0.01108853	0.05114801
TC>GG	0.00041110	0.00000987	0.02605566	0.01599154	0.00005036	0.00337051	0.00412947	0.03183176	0.00600507	0.00655110
TC>GT	0.00510130	0.00008570	0.07202953	0.00727161	0.00476003	0.00004232	0.02984371	0.02490696	0.00293082	0.00240978
TG>AA	0.00137035	0.00296063	0.09679196	0.00792241	0.01130283	0.01297688	0.01549835	0.01687101	0.00869883	0.00611075
TG>AC	0.00023706	0.00022005	0.00005944	0.00007794	0.00007644	0.00007368	0.00006474	0.00007019	0.00007310	0.00006897
TG>AT	0.00241061	0.00429091	0.01599457	0.00003582	0.00445639	0.09180556	0.01083900	0.02086199	0.02816366	0.03288373
TG>CA	0.00027907	0.00014403	0.00528245	0.01010915	0.00613136	0.00349217	0.00228979	0.00294850	0.01083103	0.00455738
TG>CC	0.00010303	0.00005940	0.00340727	0.00866690	0.00324639	0.01310959	0.00120083	0.00721083	0.00096035	0.00412478
TG>CT	0.00185047	0.00307065	0.02623022	0.01777393	0.00114092	0.06169409	0.00345672	0.02223045	0.01165880	0.02345737
TG>GA	0.00040710	0.00147031	0.00546763	0.00006728	0.00006370	0.01058347	0.00289307	0.00909896	0.00149923	0.00162866
TG>GC	0.00008890	0.00027206	0.00005944	0.00007794	0.00007644	0.00007368	0.00006474	0.00007019	0.00007310	0.00006897
TG>GT	0.00190048	0.00640136	0.02358645	0.01920843	0.00335228	0.00434573	0.00838880	0.00868751	0.01501063	0.00414431
TT>AA	0.00549140	0.00431091	0.00005944	0.00007794	0.00007644	0.00007368	0.00006474	0.00007019	0.00007310	0.00006897
TT>AC	0.00072018	0.00034507	0.00377273	0.02405945	0.00454047	0.00662784	0.01347156	0.03212907	0.00503268	0.00374276
TT>AG	0.00041811	0.00021505	0.00525274	0.01017133	0.00308181	0.00891827	0.00362514	0.00490109	0.00224034	0.00367296
TT>CA	0.00072518	0.00000000	0.00005944	0.00007794	0.00007644	0.00007368	0.00006474	0.00007019	0.00007310	0.00006897
TT>CC	0.00542138	0.00000298	0.00005944	0.00007794	0.00007644	0.00007368	0.00006474	0.00007019	0.00007310	0.00006897
TT>CG	0.00008380	0.00001520	0.00005944	0.00007794	0.00007644	0.00007368	0.00006474	0.00007019	0.00007310	0.00006897
TT>GA	0.00186047	0.00004790	0.00498711	0.01187529	0.00297398	0.00708278	0.00306960	0.01156085	0.00095787	0.00229449
TT>GC	0.00106027	0.00000154	0.00005944	0.00007794	0.00007644	0.00007368	0.00006474	0.00007019	0.00007310	0.00006897
TT>GG	0.00161041	0.00000000	0.00783841	0.00875719	0.00091587	0.00946588	0.00439916	0.00610028	0.00409943	0.00432483
