MutationType	SBS96A	SBS96B	SBS96C	SBS96D	SBS96E	SBS96F	SBS96G	SBS96H	SBS96I	SBS96J	SBS96K
A[C>A]A	0.0016256795730441808	0.025287270732223987	0.027368413656949996	0.01829818356782198	0.027434426173567773	0.0169258426874876	0.003792261704802513	0.01322008939459946	0.026680780947208403	0.02118656560778618	0.007876022160053254
A[C>A]C	0.00032004319364214865	0.020272507332265377	0.010559286549693394	0.02000059522688389	0.016759927198290826	0.017602482438087465	0.005550129630972833	0.012994745095766902	0.014270560815930367	0.027931642904877662	0.017442360520362854
A[C>A]G	0.00017874784825835376	0.002400664507877082	0.002659002342261374	0.0007676829351112247	0.0034434480359777806	0.004850134797743521	0.0009344803169400248	0.0014124547597020864	0.003603275667410344	0.002936996938660741	0.003561568050645292
A[C>A]T	0.0004651309922337532	0.020772944018244744	0.01061298867862206	0.01497918665409088	0.01322255777195096	0.022191832959651946	0.004983838927000761	0.007900369945500075	0.013358355849049985	0.025223707035183906	0.007343952041992452
A[C>G]A	0.002297595771960914	0.015578914433717728	0.006138279056176543	0.012586334813386202	0.008738744538277388	0.029851431027054787	0.015674204006791113	0.009141246741637587	0.007211771060246975	0.0071126010876469085	0.008891018293797969
A[C>G]C	0.0007206049049273133	0.011082283779978752	0.005555511789862066	0.009052197448909283	0.007892824603260351	0.01080923192203045	0.008875433634966613	0.00516778496094048	0.005720978486351669	0.007465908769518137	0.0037075178232043983
A[C>G]G	6.907065894674872e-05	1.291244861685234e-12	0.00037572595715653636	0.0019191017607226967	0.004032787424512208	0.014330455660820007	0.00016271316344630384	0.0022241778671741484	0.004654941288754344	0.003807560168206692	0.0013541868640480717
A[C>G]T	0.001969170477241278	0.015162134356796742	0.00467197117395699	0.015324799157679082	0.011252575181424617	0.01786402687430382	0.019085258850827812	0.011125654890201985	0.00672276599911629	0.01233079694211483	0.0027003962110029533
A[C>T]A	0.003972958587110042	0.01957911569625139	0.025787178240716458	0.020624992810189723	0.015102059952914715	0.013627541344612836	0.005567348255499383	0.012650789227336645	0.026812148094177247	0.017600633576512335	0.016940017230808735
A[C>T]C	0.0012942899949848652	0.0055517398668224974	0.015971347875893115	0.011042789462953806	0.005872824415484423	0.007882639905437827	0.010943748615682125	0.007473819609731436	0.009084995510056615	0.010375646129250526	0.006434431417437736
A[C>T]G	0.0016573885222896934	0.001487119465503306	0.08481563478708268	0.019046808313578367	0.0066807012994104294	0.004674625008880185	0.014151920538279229	0.012497358959444682	0.05034921653568745	0.011831849812000427	0.06704840436577797
A[C>T]T	0.0019226408330723643	0.015126914530992509	0.015367637015879154	0.01782654132694006	0.020427851006388664	0.02085502175614238	0.0077404248993843796	0.006469087256118655	0.01219017468392849	0.015260787867009639	0.004488393347374238
A[T>A]A	0.0014124850975349545	0.02125453930348158	0.0037857373815540995	0.010072866703363492	0.0014761998257426967	0.0072321748360991474	0.0051952888094412295	0.005067751485261329	0.006214090110734105	0.007338980911299586	0.02054959870874882
A[T>A]C	0.0005211426061578095	0.010322571080178023	0.009562031831592321	0.007252419693395495	0.010087606310844422	0.004860738292336464	0.007927767653018235	0.004737487342208624	0.007821336947381496	0.005344118783250451	0.010401264950633048
A[T>A]G	0.00042674774394626527	0.012804779596626759	0.006952513381838799	0.010710730217397213	0.015511617064476013	0.008180551533587276	0.002920188801363934	0.0056264434060190535	0.008651684108190238	0.007384974462911487	0.01177345346659422
A[T>A]T	0.00046350533375516534	0.020492275431752204	0.009383551962673663	0.029009887762367726	0.010838620859158255	0.007781722562378984	0.0039225060609169304	0.01649951107101515	0.009130678325891494	0.0024997905013151474	0.03556894473731518
A[T>C]A	0.0005919684423133731	0.024081609770655633	0.016486419178545476	0.020638247765600682	0.023142526112496852	0.005100296736109223	0.01567375659942627	0.014026344711843641	0.009521150682121515	0.017607825063169002	0.032456709817051885
A[T>C]C	0.00015610100664806837	0.007628126444772183	0.006417648540809751	0.0048483376624062656	0.009862444177269936	0.010732197808101774	0.01224781209602952	0.005883888434618711	0.009044040739536286	0.008349198196083308	0.005419833213136988
A[T>C]G	0.0004381050232915129	0.014062445145100355	0.01236046887934208	0.01194878974929452	0.01083820452913642	0.010971137881278991	0.020465484261512755	0.01110012112185359	0.007001219503581524	0.009943616506643594	0.013119518756866455
A[T>C]T	0.0003408674616366625	0.021543687023222447	0.02232047114521265	0.007618803496006877	0.030458668991923333	0.015468226923258045	0.02479523066431284	0.012360297609120607	0.014716565143316984	0.006553660598698388	0.014619040209800005
A[T>G]A	0.0002414465503534302	0.006732893528533168	0.0032630179601255806	0.0026941340921995413	0.005514247249811888	0.007834267476573587	0.0031222530167052563	0.005282890073010549	0.005565864085087924	0.003522582631194382	0.01278125736862421
A[T>G]C	0.00015118340525077656	0.002085800181010731	0.0005993344069035623	0.001010178444659071	0.0012246114037679945	0.004206811841872593	0.00380582083016634	0.002029972829041071	0.00348668044898659	0.002692440594546497	0.006692475266754627
A[T>G]G	0.00015939327131491153	0.006748184282332659	0.0021264863666146995	0.007743312977254391	0.008876668382436037	0.013757355324923993	0.009791666083037854	0.003578951011877507	0.002848586626351319	0.006070595943628554	0.0009957514121197164
A[T>G]T	3.0018264553129603e-05	0.0060602726566397775	0.0059515905100852255	0.0025366176696318106	0.0029123242007699445	0.009284121019300075	0.013263720656702574	0.007858183234930038	0.004362386744561535	0.0033237908501178026	0.007679536007345648
C[C>A]A	0.0014357503969222307	0.027564825490117073	0.012321148440241814	0.018926574662327767	0.016644751653075218	0.02098033968359232	0.012350122909992933	0.012374201696366072	0.010759446118026973	0.020257824286818504	0.010230065882205963
C[C>A]C	0.0008840167080052197	0.021225833520293235	0.00431963037699461	0.014176117721945047	0.015984245017170905	0.01923032272607088	0.007714384328573942	0.004286979803796243	0.008358672074973584	0.020843290351331235	0.002781073335253716
C[C>A]G	0.0001873688248451799	0.0014974245602318416	0.0009774465099902248	0.0029993323609232903	0.0011139075417304863	0.006369972019456327	0.0008936786907725036	0.0012993531650863587	0.0036799626774154603	0.002263710217539483	0.0033232582269231087
C[C>A]T	0.0007674915541429073	0.019026006758213043	0.014269161131232977	0.012504923902451993	0.020429051667451858	0.020499435346573593	0.004747590352781958	0.008960735844448208	0.01494373781606555	0.013094119913876056	0.0018716946485597945
C[C>G]A	0.0027445463463664057	0.006936100893653929	0.0053247085423208775	0.011431891703978181	0.006251765787601471	0.019793520495295525	0.006074134819209575	0.010195345501415431	0.0047802221885149265	0.012581141665577888	0.0013752325243473252
C[C>G]C	0.0005641047260724008	0.010372750740498305	0.005138588696718216	0.007747541181743145	0.008464520517736673	0.010338075738400222	0.007043855311349034	0.00458690881205257	0.0024363333213841543	0.009941455256193877	0.0015180976126430324
C[C>G]G	0.00034611186711117623	0.0007301742275663825	0.0018481975744948156	0.0014721421292051673	0.001872171071088502	0.005417191470041871	0.0035424238769337533	0.0006307882300461643	0.0023333927267238505	0.0058406215161085125	0.003102052502254082
C[C>G]T	0.0029639947693794965	0.012908150667913353	0.010900953214149921	0.013985166884958744	0.011201876122504473	0.012518663268747333	0.010484225614220221	0.013401396665722131	0.0008572476739516332	0.02031247355043888	0.003334556706258886
C[C>T]A	0.009153886511921883	0.01296537946909666	0.015620879270136357	0.012745741847902536	0.00765772998565808	0.006992955561145209	0.008716213165536146	0.015789172239601613	0.022093766927719118	0.020702619664371015	0.016469158604741095
C[C>T]C	0.002186408475972712	0.013324795104563237	0.014001685135735898	0.011937045212835073	0.006217430764809251	0.0013916125037359618	0.010638768220815109	0.011758421431295574	0.013817288354039193	0.013137304480187595	0.012880890164524317
C[C>T]G	0.003485972387716174	0.0032007010678741675	0.042503134533762935	0.0038932020497544073	0.003104023869676955	0.0028182100773847195	0.020738757587969302	0.013046981231309474	0.032374588400125505	0.007974006072618089	0.029396934621036052
C[C>T]T	0.004607197362929583	0.012503385357558728	0.018975280784070493	0.015799000353581505	0.016485472768545152	0.016441399231553078	0.02031182888895273	0.012111868616193533	0.025423657335340976	0.027331212908029555	0.0045171574348501055
C[T>A]A	0.0003784084343351424	0.013948769122362138	0.0015775325591675937	0.009265707340091467	0.005880361178424209	0.013576139137148857	0.005668933389824815	0.005706472997553646	0.002326949022244662	0.0036959923401103877	0.006302910856902599
C[T>A]C	0.0004100997990462929	0.015399473160505295	0.004382720543071627	0.007293466059491038	0.013941715843975544	0.015033947117626668	0.005477665178477764	0.002785765237530313	0.006092829210683703	0.008501398470252752	0.006130956042034086
C[T>A]G	5.34654962393688e-05	0.01260953526943922	0.002954085759284908	0.0063786817554500885	0.012076593190431594	0.01619607489556074	0.010119003045838326	0.006311443308368326	0.007286042362535739	0.010283276904374361	0.0025230742301836527
C[T>A]T	6.815648645535078e-05	0.014302062010392547	0.010144852567464113	0.009791377355577424	0.017659046128392218	0.02480648085474968	0.004190921148983761	0.007871127712037879	0.01070999668299919	0.0085655452683568	0.004142852240023748
C[T>C]A	4.037852486362681e-05	0.009137704037129879	0.005118821887299419	0.016137672960758208	0.006880694255232811	0.010416084714233876	0.007319601506605977	0.006275512045249343	0.0029373686295002697	0.010752331465482712	0.007507596723735332
C[T>C]C	0.0007363868004176766	0.014775227569043637	0.005356937514443416	0.011585197038948536	0.013756947591900826	0.020790310576558113	9.549280637894089e-05	0.0039385754133945735	0.00795627124607563	0.007188793156168665	0.01026629132538801
C[T>C]G	0.0009579037083312869	0.0093379526399076	0.0063830620609223844	0.0129080293700099	0.005736411944963038	0.008445573830977082	0.01263570375740528	0.00759524900931865	0.0058649428266107865	0.008477114513516426	0.007255681324750185
C[T>C]T	0.0004474077170016244	0.01470452044159174	0.011401645001024007	0.008003948349505663	0.01898116134107113	0.00529448932563602	0.0135562963783741	0.01290013745892793	0.004832407180219889	0.009900870267301798	0.0016847603605128988
C[T>G]A	2.7141277887885177e-15	0.0034537918865680693	0.0016914800413360353	0.0027211450971662996	0.0024831760264532932	0.004591325443470851	0.0056596700174850415	0.005122372810728848	0.002185032586567104	0.0061071516973925915	0.003473107860190794
C[T>G]C	0.00018206403910880908	0.005578751536086201	0.0029576038708910347	0.0020620156519861156	0.0056834878489738115	0.005863989019417204	0.0025867293768946586	0.002731331583392915	0.0029260293733386787	0.001823281971206825	0.0030230616917833685
C[T>G]G	2.6003995579970686e-05	0.004551820270717144	0.0041486868724601176	0.007784620020538568	0.011718680709600448	0.0077922693220898506	0.010782042425125838	0.00821137099929956	0.0038726176135241985	0.005543453560676426	0.003315204556565732
C[T>G]T	5.323560108082236e-05	0.015803189668804406	0.012781614996492862	0.0011654221160488708	0.00943687155754418	0.007901313064231995	0.00583438039981825	0.014346932541229762	0.006439620116725564	0.0011254680342972282	0.01048708480084315
G[C>A]A	0.00121946680592373	0.010101057961593463	0.02103787362575531	0.008955398574471474	0.013665399141609668	0.021242574229836463	0.006249378559618834	0.005686311889527284	0.021148261986672877	0.006926728134151306	0.009758461732417345
G[C>A]C	0.0003585105063393712	0.016659572161734103	0.006150054163299501	0.008580805920064449	0.008374930638819934	0.007003821153193712	0.0010178506962217663	0.007587068434804679	0.009233583125978839	0.017650775983929633	0.008632931462489068
G[C>A]G	0.0002434280380839482	0.0011187984724529087	0.004578819696325809	0.001024238602258265	0.0016952362610027194	0.0006890756142689635	0.002904522357231945	0.0007025796570816436	0.0005954577567138349	0.0014440653088968248	0.002815057523548603
G[C>A]T	0.0002972833957755938	0.013275780726689845	0.010805812757462263	0.007336954376660288	0.013316551875323056	0.013578912056982518	0.007383291085716337	0.00838422034867108	0.012991232238709927	0.007821360632078722	0.0027272752195276486
G[C>G]A	0.0007453499361872673	0.006769385095685721	0.0035374152241274713	0.004223304940387607	0.005955166421881586	0.01275296863168478	0.0028368168853319274	0.003458197053987533	0.003039279440417886	0.011331811174750328	0.003399996552616358
G[C>G]C	0.0005426692310720682	0.008144650515168906	0.0028062354307621775	0.007346870773471892	0.003180902964750487	0.008564954437315465	0.005227983137592674	0.004237683396806689	0.004101459076628089	0.00719796831253916	0.00502795420907205
G[C>G]G	0.00013538022321881726	1.337874194291544e-05	0.0006196088346769102	0.0012252076296135784	0.002372922922950238	0.004046784806996584	0.0034970812566243125	0.0006572019192390144	0.00041863330407068136	0.002697148721199483	0.000893464544788003
G[C>G]T	0.0011061987723223865	0.011615090537816286	0.0012137197631091113	0.00808114935643971	0.008659065491519869	0.014878791011869907	0.012462257780134678	0.007140916911885143	0.0032050256156708535	0.01000564033165574	0.003780449996702373
G[C>T]A	0.004681768454611301	0.011919382773339749	0.017495357804000376	0.00896536177093418	0.011900629382580519	0.008463396597653628	0.0030215119498640517	0.010196551494300366	0.016967879422008992	0.0159468038007617	0.015247716940939427
G[C>T]C	0.0016331544611603022	0.008948103990405798	0.014375264011323451	0.008960459381341934	0.009127502702176571	0.005500113419657282	0.007036499585956335	0.008850005688145757	0.014840702712535857	0.012745256163179874	0.010138078685849905
G[C>T]G	0.0024888338521122932	0.0016204569410209174	0.05010529570281506	0.015752815455287297	0.011107603460550309	0.007220208062790334	0.020128332264721393	0.00909059954916831	0.036034153774380684	0.0022578558418969866	0.03521925993263721
G[C>T]T	0.0025296996114775538	0.008967122063040733	0.011694097751751542	0.014370231237262488	0.01362259266898036	0.008433389011770487	0.010880496166646481	0.009951162431389094	0.014329597167670727	0.014800737239420414	0.016290059313178062
G[T>A]A	0.0003610155254136771	0.00705110146664083	0.0014081704663112759	0.0035346351098269222	0.004978028498589993	0.011529738456010819	0.005855249613523484	0.001585013559088111	0.0020499507215534308	0.005764055651127364	0.0019808672077488154
G[T>A]C	0.00014232825778890402	0.007629766780883074	0.0058645237237215046	0.0026722762881945528	0.006674798281528638	0.004819775302894414	0.006234501115977764	0.0021914720404311084	0.001315412141411798	0.005447038495913148	0.0024974644591614346
G[T>A]G	0.00042153442627750336	0.0071107341907918455	0.0014667251030914485	0.007007482089102268	0.005636321241036057	0.0078015061095356945	0.0037815571762621404	0.0011990103052085034	0.003841201914474368	0.0072650017216801645	0.0039850127883255485
G[T>A]T	0.00013597805675544806	0.009738243697211147	0.004081440437585115	0.007674177619628608	0.01335948659107089	0.011437896313145757	0.005213818073025322	0.006002434409856506	0.0020491079427301883	0.012418854329735041	0.005564810335636139
G[T>C]A	0.00036460281125982874	0.013111281581223011	0.008779605380219869	0.007733611203730106	0.0044588703662157055	0.011269553937017918	0.008567562606185675	0.004249561263713985	0.004361018677569911	0.0047007224056869745	0.011741985939443112
G[T>C]C	0.0003362794901477173	0.008919056784361602	0.005557819828391075	0.001882615417707717	0.004405530449018487	0.008007442275993527	0.004639749747911992	0.004098486667498946	0.004771426226943732	0.004949070793868528	0.007917696284130216
G[T>C]G	0.0006366692658048123	0.005587938625831157	0.007406113017350435	0.002606523220311046	0.00852487152442336	0.008622393198311328	0.011003738455474376	0.0029310690837235144	0.002964900125425629	0.0050452701194444675	0.007209428866187475
G[T>C]T	0.0002866196745947569	0.013892872072756291	0.009627645835280418	0.008091152948327362	0.0046642814384540545	0.006488018577868031	0.0047119979943703455	0.009152408567024395	0.005709903966635466	0.006409329269086719	0.022521210834383965
G[T>G]A	0.00016663677379256115	0.004042145190760493	0.0002283558715134859	0.006520443316549063	0.0010345859332843057	0.007435794500634074	0.0040471208281815056	0.0026971709332428875	0.0005734369799029082	0.003066861210390953	0.0035395832732319833
G[T>G]C	0.00020548329775920137	0.004629998374730349	0.0016164421915396687	0.0012200110591948036	0.0019152972847223282	0.0025711272144690158	0.005102350795641542	0.00015750920865684748	0.0016066045267507437	0.004129549534991383	0.001126401365036145
G[T>G]G	0.0010072153992950917	0.008525181002914906	0.002112001832574606	0.0014385354319758612	0.010591622907668352	0.011239383561041904	0.008866438549011946	0.004689287813380361	0.003971709386678413	0.006906872941181063	0.0047501289751380685
G[T>G]T	0.00018694580066949129	0.0064913429319858554	0.005478782090358436	0.0004128885467052666	0.009057412362982992	0.010473385453224182	0.00513614310507743	0.004321282031014562	0.00478673295583576	0.002304147824302541	0.005980241929047825
T[C>A]A	0.028509921208024026	0.014416664419695736	0.02502117082476616	0.039686086028814314	0.017538781091570855	0.011747914837896445	0.00652169563534451	0.009990312391892076	0.02870152462273836	0.021970221772789955	0.01709977798163892
T[C>A]C	0.010018985159695149	0.011094810999929905	0.020968735776841642	0.0198080163449049	0.010398108730400854	0.011480774761639622	0.021379514038562773	0.013958412860483804	0.017277146968990565	0.01811260115355253	0.007323302375152707
T[C>A]G	0.0015422973316162824	0.0013514827354811133	0.0022014722344465554	0.0012751247520250597	0.0028166596544906496	0.0014747108187293633	0.0008881759598580174	0.002077163680223748	0.0035628565587103368	0.0023795497720129786	0.004716639593243599
T[C>A]T	0.013930861651897431	0.014045525342226028	0.03654053434729576	0.03840016052126884	0.032033946737647055	0.013427063636745127	0.007043001815327443	0.027652608416974544	0.021956331096666334	0.01617602463811636	0.022696368210017682
T[C>G]A	0.15488325357437133	0.008347463351674378	0.001829477690188932	0.02571038873575162	0.0015514457269174792	0.0013592909112745133	0.09173985570669174	0.052147381007671356	0.0010059961759075974	0.03773880582157289	0.004331191737787843
T[C>G]C	0.02853929027915001	0.0029157051980867265	0.01564928498119116	0.01724272482097149	0.016663307417184116	0.009375078161247075	0.044020986557006835	0.03404715312644839	0.009256688319146635	0.014977697329595686	0.0031521758064627647
T[C>G]G	0.005125273484736681	9.231922067087783e-11	0.001059006034425458	0.0006981956626987085	3.5478308291203575e-08	0.0069011814892292024	0.007698812615126371	0.0010505821788683533	0.00206469550030306	0.002598136570304632	0.0011082154640462394
T[C>G]T	0.19297299087047576	0.001572150901688474	0.018153076131420677	0.06247638687491417	0.019823632928042657	0.015246069928980432	0.13155074566602706	0.07241553086787463	0.010166578990174457	0.055354884557891636	0.001271553135045167
T[C>T]A	0.2721406877040863	0.02508217430440709	0.004875742260992411	0.006729022978355389	0.036175760254263875	0.00925030066337058	0.01298206833889708	0.07046747310087084	0.05374928861856461	0.012059498456073925	0.04982600100338459
T[C>T]C	0.050761584937572476	0.006423720577824253	0.02263168916106224	0.014565876964479686	0.024927039875183254	0.0020021797841838413	0.011752082512352957	0.04329328089952469	0.03929483368992805	0.01911444552242756	0.020814330294335725
T[C>T]G	0.025794476643204688	0.003106977410398608	0.029513750039041043	0.005140583717766182	6.020226689251111e-08	0.0018835967409095774	0.007521137175589665	0.024950444533169504	0.031253819912672044	0.004379662322789501	0.034527719393372534
T[C>T]T	0.13771838545799256	0.015952800307422875	0.01848126407712698	0.015333249419927596	0.03886429108679294	0.00901204996406892	0.008901865936518493	0.050344364158809184	0.04096878338605166	0.024071901218849234	0.024592560110431805
T[T>A]A	0.0004099348195090613	0.015634906804189087	0.013523317500948906	0.013381969183683395	0.003896589293077568	0.004256488212172787	0.00765536229371655	0.020607140194624663	0.01599574238061905	0.00943780057132244	0.0323684424161911
T[T>A]C	0.0002993293775944039	0.010800770949572325	0.00469222660176456	0.011148620210587979	0.011484763724729419	0.005104800649814933	0.0028538911019344916	0.002435617579612881	0.0011917978525161743	0.0063593061175197365	0.005095241998787969
T[T>A]G	0.00013114635075908154	0.005288541445042938	0.0040046073962002994	0.004799778200685978	0.004562786337919534	0.007959481421858072	0.001972330408170819	0.006188168306834996	0.002715496253222227	0.00567233869805932	0.005942066386342049
T[T>A]T	0.0004688509929110296	0.01691394727677107	0.007502567349001765	0.019899940956383942	0.018444102257490158	0.021868855692446232	0.004862341540068371	0.011413410120082627	0.009118454484269022	0.015393205732107163	0.013684805296361447
T[T>C]A	0.0004154205496888608	0.011589561589062214	0.0076806486118584875	0.012282582744956017	0.010034537548199296	0.006069940855741152	0.007091212414420145	0.007410130533389747	0.006272738706320534	0.007240305026061833	0.0192368907853961
T[T>C]C	0.000297472788952291	0.007467787293717265	0.003658302138728686	0.010292811784893274	0.007151050679385662	0.015549833327531815	0.007007179362699389	0.007402572360863502	0.004791356064379216	0.007881594053469599	0.017091391142457724
T[T>C]G	0.0002769741622614674	0.0052485957923636304	0.0031826359932892955	0.005671773245558143	0.007253530668094754	0.003911049495218322	0.005456370953470469	0.0051317368189188525	0.00793956620618701	0.006629794370383024	0.006094132105499739
T[T>C]T	0.000420867488719523	0.011162196658551693	0.014150157570838928	0.006740455436119142	0.01681274063885212	0.009295237436890601	0.006500985543243587	0.0112846446223557	0.013006643578410148	0.006992555502802133	0.015265080891549588
T[T>G]A	0.00018882052972912788	0.006360858865082264	0.004406318929977715	0.003987415936171601	0.00921377381309867	0.008194800559431314	0.005935917933185176	0.003772020386531949	0.002838930767029524	0.0037750700488686562	0.0019963541567449283
T[T>G]C	0.00015173765204963275	0.004801135050365701	0.002204969443482696	0.0039690734470696045	0.004824412906395991	0.00905774007551372	0.0030449156649410723	0.0016462549064726773	0.005076597584411502	0.005200133752077818	0.00344811393879354
T[T>G]G	0.00021800001268434377	0.01118334410712123	0.0070057429373264314	0.004858824377879552	0.006816735677421093	0.013465460482984781	0.0060137151274830105	0.0024178138235583903	0.004070676968278604	0.006748604355379939	0.008975412044674159
T[T>G]T	0.0004437048046384008	0.011379338505412307	0.008824073243886232	0.010014285422996715	0.009165725312777795	0.017660471983253954	0.016023932676762342	0.010110701574012637	0.018504073657095433	0.010562172485515475	0.009838401526212692
