Samples	SBS96A	SBS96B	SBS96C	SBS96D	SBS96E	SBS96F	SBS96G	SBS96H	SBS96I	SBS96J	SBS96K	SBS96L	SBS96M	SBS96N
TCGA-3C-AAAU-01	0	0	0	16	10	7	0	0	0	0	0	0	0	13
TCGA-3C-AALI-01	192	226	161	22	99	0	108	0	0	0	0	0	0	0
TCGA-3C-AALJ-01	0	3	11	6	0	0	5	6	9	0	7	19	0	0
TCGA-3C-AALK-01	6	5	0	12	3	0	0	10	12	0	5	0	11	0
TCGA-4H-AAAK-01	0	0	0	5	0	0	9	0	9	0	0	0	0	10
TCGA-5L-AAT0-01	60	40	33	0	59	0	33	0	0	0	54	0	0	0
TCGA-5L-AAT1-01	539	415	366	0	335	0	179	0	0	0	152	0	0	0
TCGA-5T-A9QA-01	0	0	0	21	4	0	0	10	9	0	9	0	0	0
TCGA-A1-A0SB-01	0	0	0	0	1	3	1	9	2	0	0	0	0	0
TCGA-A1-A0SD-01	1	0	2	6	0	0	3	16	0	0	0	0	0	12
TCGA-A1-A0SE-01	3	0	0	0	5	0	5	0	8	0	6	0	0	9
TCGA-A1-A0SF-01	22	5	0	9	16	0	0	0	0	0	12	0	0	0
TCGA-A1-A0SG-01	0	1	0	5	4	0	9	6	0	0	0	0	0	10
TCGA-A1-A0SH-01	30	19	20	11	14	0	0	0	0	0	26	0	18	0
TCGA-A1-A0SI-01	62	75	69	0	40	0	19	0	0	0	13	0	0	0
TCGA-A1-A0SJ-01	4	5	0	13	3	0	0	0	8	7	0	0	0	0
TCGA-A1-A0SK-01	0	0	5	6	0	0	6	30	0	25	0	0	12	0
TCGA-A1-A0SM-01	0	0	0	7	0	0	8	0	0	0	0	0	0	17
TCGA-A1-A0SN-01	5	16	3	13	5	0	12	0	0	0	5	17	0	0
TCGA-A1-A0SO-01	9	14	0	0	17	0	9	39	30	67	0	71	97	0
TCGA-A1-A0SP-01	0	0	0	12	0	0	0	0	20	17	21	0	0	0
TCGA-A2-A04N-01	5	0	0	8	0	0	12	6	0	0	0	22	0	0
TCGA-A2-A04R-01	0	7	0	8	8	0	0	9	0	16	0	25	29	0
TCGA-A2-A04U-01	0	0	6	5	0	6	7	20	0	18	5	0	0	0
TCGA-A2-A04W-01	31	29	51	12	23	0	26	0	0	0	15	0	0	0
TCGA-A2-A0CK-01	3	0	0	11	4	0	0	9	0	0	0	0	0	0
TCGA-A2-A0CL-01	47	41	47	21	26	0	18	0	0	0	0	0	0	0
TCGA-A2-A0CR-01	69	50	34	0	25	0	10	0	0	0	22	0	0	0
TCGA-A2-A0CS-01	0	0	0	15	0	0	3	0	9	0	0	0	0	21
TCGA-A2-A0CV-01	0	2	0	9	0	0	7	0	6	0	0	0	0	0
TCGA-A2-A0CW-01	13	12	0	9	3	0	7	15	0	0	10	0	15	0
TCGA-A2-A0D3-01	2	0	0	23	0	0	3	0	0	0	4	0	0	0
TCGA-A2-A0EN-01	1	0	0	3	0	0	5	14	0	0	3	13	0	0
TCGA-A2-A0EP-01	1	3	1	0	1	5	0	3	0	0	2	0	0	0
TCGA-A2-A0ES-01	0	0	0	2	0	0	1	0	4	0	5	0	0	7
TCGA-A2-A0EW-01	0	2	0	5	2	5	1	0	0	5	0	0	0	0
TCGA-A2-A0ST-01	1	2	0	2	3	4	0	11	0	0	0	5	0	0
TCGA-A2-A0SU-01	1	0	3	6	0	0	0	0	8	0	0	17	0	0
TCGA-A2-A0SX-01	4	3	0	7	0	0	0	0	7	0	9	0	11	0
TCGA-A2-A0SY-01	34	46	24	10	20	0	21	0	0	0	22	0	0	0
TCGA-A2-A0T0-01	9	12	0	9	0	29	0	0	19	68	17	0	27	27
TCGA-A2-A0T1-01	0	0	0	2	2	6	5	12	5	0	0	0	0	0
TCGA-A2-A0T3-01	0	0	0	13	0	0	4	0	0	0	0	0	27	0
TCGA-A2-A0T4-01	3	6	0	8	0	0	0	0	5	10	0	0	0	9
TCGA-A2-A0T5-01	2	0	0	4	0	0	2	5	0	0	0	0	0	0
TCGA-A2-A0T6-01	3	0	0	14	0	0	3	8	0	0	0	0	0	0
TCGA-A2-A0T7-01	3	0	0	8	0	3	4	4	0	0	0	7	0	0
TCGA-A2-A0YC-01	4	2	0	9	0	0	0	0	0	10	0	7	0	0
TCGA-A2-A0YD-01	18	11	12	4	3	0	21	11	0	0	7	0	0	0
TCGA-A2-A0YE-01	6	0	0	15	3	0	0	0	0	0	6	0	13	0
TCGA-A2-A0YF-01	1	0	0	8	0	0	0	0	0	0	5	0	16	9
TCGA-A2-A0YG-01	5	0	0	12	6	10	6	10	0	0	9	20	0	0
TCGA-A2-A0YH-01	13	20	11	0	9	0	7	23	11	0	6	0	0	0
TCGA-A2-A0YI-01	0	1	0	0	0	0	2	3	0	0	5	0	0	7
TCGA-A2-A0YJ-01	0	7	0	19	0	0	7	14	14	37	0	0	0	0
TCGA-A2-A0YK-01	130	141	94	0	64	0	27	0	0	0	22	0	0	0
TCGA-A2-A0YL-01	12	10	0	0	0	0	0	8	0	0	13	0	0	0
TCGA-A2-A0YM-01	11	9	16	25	16	9	9	0	0	14	0	0	0	0
TCGA-A2-A0YT-01	11	0	0	18	6	0	17	0	0	21	8	0	0	0
TCGA-A2-A1FV-01	6	0	0	8	0	5	0	15	0	7	9	0	0	0
TCGA-A2-A1FW-01	0	4	0	13	0	0	8	21	13	0	21	0	15	0
TCGA-A2-A1FX-01	0	0	0	6	2	0	3	0	0	0	4	5	8	0
TCGA-A2-A1FZ-01	0	0	2	5	3	5	0	5	0	0	0	0	0	9
TCGA-A2-A1G0-01	2	0	0	0	0	0	3	6	0	0	0	12	0	0
TCGA-A2-A1G1-01	3	0	0	0	2	0	0	12	6	9	0	0	7	0
TCGA-A2-A1G6-01	0	1	0	0	0	0	0	3	3	3	0	0	0	0
TCGA-A2-A259-01	1	0	2	2	5	0	3	5	0	0	4	7	0	0
TCGA-A2-A25A-01	36	31	0	8	24	0	0	12	0	0	18	0	0	0
TCGA-A2-A25B-01	0	0	6	9	9	0	7	0	13	19	11	0	18	36
TCGA-A2-A25C-01	0	0	0	0	0	11	0	0	0	0	8	0	20	0
TCGA-A2-A25D-01	4	4	0	4	3	0	3	7	14	0	4	21	0	0
TCGA-A2-A25E-01	4	0	5	0	3	0	3	6	16	24	0	0	0	0
TCGA-A2-A25F-01	0	0	0	0	0	0	0	0	0	0	0	3	3	0
TCGA-A2-A3KD-01	1	0	0	4	1	3	0	7	0	0	2	0	0	0
TCGA-A2-A3XT-01	5	16	18	0	0	14	0	17	0	28	0	24	0	0
TCGA-A2-A3XU-01	1	0	0	11	0	6	0	4	0	0	0	9	0	0
TCGA-A2-A3XV-01	0	0	0	6	0	6	5	0	11	0	4	16	0	0
TCGA-A2-A3XW-01	1	0	0	3	0	0	4	0	0	0	0	0	0	9
TCGA-A2-A3XX-01	3	0	0	6	0	0	7	8	9	19	0	0	0	0
TCGA-A2-A3XZ-01	7	9	7	7	2	0	9	6	0	0	5	0	0	0
TCGA-A2-A3Y0-01	10	33	10	16	2	30	5	4	10	64	7	36	5	11
TCGA-A2-A4S1-01	4	3	0	20	0	12	0	0	0	16	0	0	43	0
TCGA-A2-A4S2-01	7	0	0	5	0	0	0	7	6	0	0	0	0	18
TCGA-A2-A4S3-01	6	0	13	10	7	9	4	19	17	0	0	0	22	0
TCGA-A7-A0CE-01	3	0	0	7	3	11	0	0	0	25	12	0	0	0
TCGA-A7-A0CH-01	0	0	0	2	2	0	1	0	0	0	2	10	0	0
TCGA-A7-A0D9-01	1	1	0	1	1	0	0	2	0	0	6	0	0	0
TCGA-A7-A0DA-01	8	11	0	12	0	0	9	0	0	74	0	0	25	48
TCGA-A7-A0DB-01	7	9	0	9	6	0	0	6	0	0	0	0	0	16
TCGA-A7-A13D-01	4	6	13	14	5	0	0	11	0	55	11	21	0	0
TCGA-A7-A13E-01	0	4	0	24	4	0	0	28	13	0	7	0	0	0
TCGA-A7-A13F-01	0	0	6	15	5	0	10	0	9	0	0	0	0	0
TCGA-A7-A13G-01	7	2	0	7	0	0	0	0	5	0	0	0	0	11
TCGA-A7-A26E-01	14	3	0	11	6	0	18	15	0	0	0	0	0	0
TCGA-A7-A26F-01	2	0	0	0	3	0	7	25	0	0	0	0	9	0
TCGA-A7-A26G-01	8	3	9	7	0	0	0	0	0	0	8	14	19	0
TCGA-A7-A26H-01	25	32	20	22	19	0	0	17	0	0	15	0	0	0
TCGA-A7-A26I-01	4	1	2	3	1	5	3	4	1	6	7	7	1	1
TCGA-A7-A26J-01	0	0	5	0	8	0	0	16	0	0	0	0	13	0
TCGA-A7-A2KD-01	6	0	0	17	0	0	4	0	0	0	7	11	0	10
TCGA-A7-A3RF-01	3	0	0	0	0	0	0	18	0	0	0	0	0	19
TCGA-A7-A425-01	0	0	0	8	0	0	0	18	0	0	7	0	0	0
TCGA-A7-A4SC-01	1	0	0	10	0	0	5	0	0	0	5	0	9	8
TCGA-A7-A4SD-01	0	0	0	23	0	0	7	11	0	0	0	0	0	21
TCGA-A7-A4SE-01	11	24	9	0	8	0	0	14	25	44	11	0	0	0
TCGA-A7-A56D-01	47	32	23	26	32	0	18	0	27	0	20	0	0	0
TCGA-A7-A5ZV-01	6	19	14	31	8	22	8	0	0	69	10	41	0	40
TCGA-A7-A5ZW-01	5	4	3	0	0	8	5	11	0	0	0	0	0	0
TCGA-A7-A5ZX-01	3	0	0	5	5	0	7	0	0	9	3	0	0	10
TCGA-A7-A6VV-01	0	5	5	12	3	0	0	10	0	0	4	25	0	0
TCGA-A7-A6VW-01	4	3	3	0	0	10	5	16	0	14	5	17	0	15
TCGA-A7-A6VX-01	19	2	18	1	13	7	2	13	14	25	14	12	11	26
TCGA-A7-A6VY-01	4	10	7	7	12	10	6	0	19	61	0	0	0	0
TCGA-A8-A075-01	11	12	0	8	11	0	0	10	0	0	16	32	0	0
TCGA-AC-A23C-01	25	12	16	10	13	15	0	0	16	0	14	0	24	0
TCGA-AC-A23E-01	0	0	0	10	0	0	4	0	0	0	0	0	10	0
TCGA-AC-A23H-01	1773	1712	1548	0	669	0	298	0	0	0	378	0	0	0
TCGA-AC-A2B8-01	33	31	14	0	27	0	8	15	0	0	0	0	0	0
TCGA-AC-A2BK-01	0	0	7	23	0	12	5	0	10	37	0	16	0	0
TCGA-AC-A2BM-01	0	3	0	4	0	0	2	0	10	0	0	7	0	0
TCGA-AC-A2FB-01	2	0	0	2	3	2	0	0	0	0	0	8	0	0
TCGA-AC-A2FF-01	0	3	0	0	4	0	0	3	0	0	1	0	0	0
TCGA-AC-A2FG-01	5	0	4	0	3	0	5	17	5	0	0	0	0	0
TCGA-AC-A2FK-01	0	0	0	0	1	0	0	0	0	0	0	0	0	2
TCGA-AC-A2FO-01	4	5	0	0	9	0	2	7	0	0	0	0	0	0
TCGA-AC-A2QH-01	3	2	0	6	0	0	0	8	8	0	0	0	0	0
TCGA-AC-A3HN-01	2	2	0	5	0	4	0	0	6	0	3	0	0	0
TCGA-AC-A3OD-01	5	0	0	6	3	0	6	0	9	0	0	10	0	0
TCGA-AC-A3QP-01	0	0	2	0	0	5	6	3	0	0	0	8	0	11
TCGA-AC-A3QQ-01	0	2	0	10	4	0	0	0	6	0	0	6	0	8
TCGA-AC-A3W5-01	18	38	0	13	8	0	9	0	25	57	17	26	0	0
TCGA-AC-A3YI-01	0	0	0	3	2	3	3	0	0	0	0	7	0	0
TCGA-AC-A3YJ-01	3	0	0	13	3	0	0	0	0	0	6	13	0	0
TCGA-AC-A4ZE-01	7	0	0	7	0	0	5	13	22	13	7	0	0	0
TCGA-AC-A5EH-01	9	8	10	12	11	13	6	3	11	35	3	24	32	28
TCGA-AC-A5EI-01	7	0	0	6	5	0	5	11	0	0	0	9	0	0
TCGA-AC-A5XS-01	159	133	163	0	119	0	60	0	0	0	81	0	0	0
TCGA-AC-A5XU-01	6	3	6	37	17	3	1	6	9	1	6	4	7	7
TCGA-AC-A62V-01	0	5	0	39	0	0	0	0	23	26	13	0	0	0
TCGA-AC-A62X-01	0	3	0	42	5	9	0	0	0	0	5	0	23	0
TCGA-AC-A62Y-01	11	19	0	12	11	14	0	22	0	0	0	0	0	0
TCGA-AC-A6IV-01	0	0	0	2	1	0	6	4	4	0	0	0	0	10
TCGA-AC-A6IW-01	24	37	43	33	18	0	0	0	0	0	26	50	0	0
TCGA-AC-A6IX-01	18	0	10	8	9	0	0	7	12	0	7	0	0	0
TCGA-AC-A6NO-01	1	0	0	0	0	0	3	18	14	0	7	0	0	0
TCGA-AC-A7VB-01	0	0	0	10	2	0	0	9	14	0	0	0	0	0
TCGA-AC-A7VC-01	0	0	0	4	0	0	6	8	6	0	2	0	0	0
TCGA-AC-A8OP-01	7	11	8	33	9	25	20	15	26	38	14	0	38	0
TCGA-AC-A8OQ-01	15	5	0	12	0	0	18	44	29	0	14	0	0	0
TCGA-AC-A8OR-01	1	0	0	8	0	0	0	0	7	0	0	0	7	9
TCGA-AC-A8OS-01	11	4	0	7	6	12	0	15	0	0	6	18	0	0
TCGA-AN-A0XL-01	0	0	0	7	3	6	3	6	0	0	5	0	10	0
TCGA-AN-A0XN-01	2	9	8	6	4	13	6	8	14	20	9	12	22	42
TCGA-AN-A0XO-01	6	0	0	0	3	10	10	8	0	0	6	0	0	0
TCGA-AN-A0XP-01	4	4	0	7	0	10	0	0	0	0	3	0	6	0
TCGA-AN-A0XR-01	4	2	0	4	0	0	0	6	7	0	0	15	0	0
TCGA-AN-A0XS-01	5	0	0	0	0	0	6	0	12	0	0	0	0	9
TCGA-AN-A0XT-01	0	0	2	5	2	0	0	8	0	0	0	5	0	0
TCGA-AN-A0XU-01	5	14	0	0	0	0	6	24	11	20	0	24	33	0
TCGA-AN-A0XV-01	0	0	10	9	0	8	5	0	0	8	4	0	0	0
TCGA-AN-A0XW-01	118	116	127	0	43	0	0	0	0	0	19	0	0	0
TCGA-AO-A03M-01	283	326	315	0	168	0	58	0	0	0	0	0	0	0
TCGA-AO-A03N-01	24	26	18	12	32	0	9	0	13	0	0	0	0	0
TCGA-AO-A03U-01	0	1	0	0	1	0	0	0	0	0	0	0	0	3
TCGA-AO-A03V-01	5	0	19	0	6	0	6	14	8	0	14	0	0	0
TCGA-AO-A0JG-01	1	0	0	0	0	4	0	0	0	0	5	0	11	0
TCGA-AO-A124-01	1	8	1	10	9	12	8	11	8	49	7	23	26	5
TCGA-AO-A125-01	3	2	0	14	0	0	7	0	0	0	0	19	0	0
TCGA-AO-A126-01	4	0	0	0	0	0	5	16	0	0	0	0	0	0
TCGA-AO-A128-01	0	0	0	304	0	455	44	128	279	0	0	0	0	0
TCGA-AO-A129-01	10	14	10	4	5	16	1	20	6	23	8	17	8	2
TCGA-AO-A12A-01	4	0	0	9	0	0	0	0	0	0	0	0	0	6
TCGA-AO-A12B-01	1	0	0	8	0	0	0	6	0	8	0	0	0	0
TCGA-AO-A12D-01	14	5	5	5	7	0	13	8	0	0	16	0	0	0
TCGA-AO-A12E-01	1	0	0	14	0	0	2	0	0	0	7	0	0	9
TCGA-AO-A12F-01	0	0	0	16	0	0	3	0	10	0	0	0	11	0
TCGA-AO-A12G-01	3	4	0	4	5	0	0	20	6	0	0	0	0	0
TCGA-AO-A12H-01	0	0	0	0	1	0	3	15	7	0	4	0	0	0
TCGA-AO-A1KO-01	0	0	0	0	0	3	2	0	0	5	0	0	0	0
TCGA-AO-A1KR-01	5	4	5	7	0	9	5	7	0	26	0	21	0	0
TCGA-AO-A1KT-01	3	0	0	11	0	16	5	5	0	11	0	0	0	0
TCGA-AQ-A04H-01	3	5	0	27	0	0	8	24	14	0	0	0	0	0
TCGA-AQ-A0Y5-01	8	9	0	18	0	0	9	8	0	12	6	0	0	0
TCGA-AQ-A1H2-01	2	0	0	7	2	0	6	10	7	0	0	0	0	0
TCGA-AQ-A1H3-01	0	0	0	17	0	0	0	10	0	0	0	0	0	0
TCGA-AQ-A54O-01	4	0	0	7	0	0	0	0	0	0	0	0	5	9
TCGA-AQ-A7U7-01	24	20	8	0	7	0	13	10	14	0	0	0	0	0
TCGA-AR-A0TP-01	4	4	0	0	0	11	0	10	0	22	5	15	0	0
TCGA-AR-A0TQ-01	9	0	0	9	7	0	0	0	7	0	7	0	10	0
TCGA-AR-A0TR-01	0	0	0	14	0	12	6	0	0	0	10	0	0	0
TCGA-AR-A0TS-01	5	8	0	17	0	0	0	0	0	15	11	19	0	15
TCGA-AR-A0TT-01	7	6	0	16	5	11	6	0	0	0	0	24	0	0
TCGA-AR-A0TU-01	4	7	0	4	0	0	0	17	8	22	7	0	21	0
TCGA-AR-A0TV-01	3	0	5	11	5	0	0	21	10	0	5	19	0	0
TCGA-AR-A0TW-01	0	0	4	10	0	0	7	17	8	0	0	0	21	0
TCGA-AR-A0TX-01	110	99	85	0	43	0	41	0	0	0	29	0	0	0
TCGA-AR-A0TZ-01	8	12	0	6	3	0	13	7	6	0	0	0	12	0
TCGA-AR-A0U0-01	0	3	8	6	5	0	3	0	5	0	0	11	9	0
TCGA-AR-A0U1-01	0	12	0	5	8	15	0	0	0	25	0	0	19	25
TCGA-AR-A0U2-01	0	0	0	17	3	0	0	0	20	0	0	0	0	16
TCGA-AR-A0U3-01	0	0	0	9	0	0	4	0	11	0	10	0	6	0
TCGA-AR-A0U4-01	12	36	10	14	12	0	0	0	0	54	16	0	47	0
TCGA-AR-A1AH-01	4	7	0	5	0	16	0	9	23	16	0	0	40	0
TCGA-AR-A1AI-01	2	5	16	7	4	0	11	10	14	0	9	11	0	0
TCGA-AR-A1AJ-01	13	8	0	7	5	0	5	15	0	0	0	0	0	0
TCGA-AR-A1AK-01	11	18	0	9	9	0	8	9	0	0	6	12	0	0
TCGA-AR-A1AL-01	3	3	0	6	3	6	0	0	0	0	0	0	0	9
TCGA-AR-A1AN-01	0	1	4	7	3	0	2	14	0	0	0	0	0	0
TCGA-AR-A1AO-01	8	8	10	9	10	6	10	6	2	34	4	2	11	2
TCGA-AR-A1AP-01	3	0	9	13	3	0	6	8	0	0	9	0	0	0
TCGA-AR-A1AQ-01	1	0	2	10	2	0	0	0	9	17	0	0	0	0
TCGA-AR-A1AR-01	2	6	0	12	3	0	0	0	0	0	0	16	9	15
TCGA-AR-A1AS-01	9	0	3	3	7	0	4	0	15	0	0	0	0	0
TCGA-AR-A1AT-01	1	2	0	8	0	0	0	0	0	9	0	12	0	0
TCGA-AR-A1AU-01	0	0	2	5	3	4	0	8	0	0	4	0	0	0
TCGA-AR-A1AV-01	0	0	0	16	6	7	4	9	0	0	7	0	0	0
TCGA-AR-A1AW-01	2	0	0	8	0	0	0	0	14	0	0	0	0	17
TCGA-AR-A1AX-01	0	0	1	3	3	0	6	3	0	0	5	0	0	11
TCGA-AR-A1AY-01	5	3	4	10	7	0	3	12	11	12	5	0	0	0
TCGA-AR-A24H-01	7	13	11	0	0	0	0	22	15	39	10	0	35	0
TCGA-AR-A24K-01	0	0	0	0	0	6	5	11	0	0	0	12	0	0
TCGA-AR-A24L-01	0	4	4	4	3	0	0	0	0	13	0	25	0	0
TCGA-AR-A24M-01	1	0	0	4	0	7	0	4	0	0	0	0	9	0
TCGA-AR-A24N-01	5	0	0	12	0	0	0	6	7	0	10	7	0	0
TCGA-AR-A24O-01	0	1	0	4	0	0	0	7	0	0	3	0	0	7
TCGA-AR-A24P-01	0	0	0	0	0	0	6	7	4	0	2	0	0	0
TCGA-AR-A24Q-01	15	9	20	0	13	0	0	0	41	80	19	0	35	0
TCGA-AR-A24R-01	1	0	0	9	0	6	0	0	0	0	0	10	0	0
TCGA-AR-A24S-01	6	4	0	13	0	11	0	11	0	0	12	0	0	0
TCGA-AR-A24T-01	1	0	2	9	0	0	3	6	0	0	3	0	0	0
TCGA-AR-A24U-01	6	6	5	7	6	0	4	5	0	0	5	0	0	0
TCGA-AR-A24V-01	1	2	3	10	2	4	6	0	0	0	0	0	0	0
TCGA-AR-A24W-01	0	0	0	0	1	0	2	0	4	0	3	0	0	4
TCGA-AR-A24X-01	0	0	0	4	0	5	8	8	5	0	4	0	0	0
TCGA-AR-A24Z-01	3	3	0	12	3	0	3	0	0	10	0	12	0	10
TCGA-AR-A250-01	14	34	24	28	11	0	21	12	0	0	11	0	0	0
TCGA-AR-A251-01	6	27	0	12	0	17	0	0	0	51	17	56	19	0
TCGA-AR-A252-01	0	0	0	9	0	4	0	0	0	0	6	0	0	0
TCGA-AR-A254-01	3	0	0	9	0	0	7	12	0	0	11	0	0	0
TCGA-AR-A255-01	11	10	10	9	0	8	10	0	0	0	8	0	23	0
TCGA-AR-A256-01	9	8	13	7	19	9	6	5	8	54	3	46	13	24
TCGA-AR-A2LE-01	106	70	58	0	96	0	36	0	0	0	28	0	0	0
TCGA-AR-A2LH-01	14	5	14	5	15	0	7	0	0	0	11	0	0	0
TCGA-AR-A2LK-01	3	0	0	15	5	6	0	7	0	0	4	8	0	0
TCGA-AR-A2LL-01	0	0	0	6	0	0	3	20	0	0	0	0	8	0
TCGA-AR-A2LM-01	0	0	0	0	2	0	3	3	0	0	0	0	0	9
TCGA-AR-A2LN-01	9	3	3	7	11	0	6	0	0	0	15	0	0	0
TCGA-AR-A2LO-01	2	0	3	4	0	0	2	0	0	0	2	4	0	0
TCGA-AR-A2LQ-01	0	0	0	4	0	0	0	0	0	0	0	9	0	0
TCGA-AR-A2LR-01	0	0	0	10	0	0	5	7	9	0	4	22	13	0
TCGA-AR-A5QM-01	0	0	0	7	0	0	3	10	0	0	5	11	0	0
TCGA-AR-A5QN-01	4	0	0	17	0	0	6	0	14	0	8	0	0	0
TCGA-AR-A5QP-01	3	0	0	5	0	7	3	11	0	0	5	0	0	0
TCGA-AR-A5QQ-01	4	6	0	9	6	0	0	0	14	24	0	0	0	33
TCGA-B6-A0I1-01	4	0	0	0	3	0	10	45	0	18	0	0	0	0
TCGA-B6-A0IH-01	0	0	0	11	0	0	4	0	11	0	6	0	0	9
TCGA-B6-A0RH-01	7	6	0	0	7	0	3	22	0	0	0	0	0	0
TCGA-B6-A0RL-01	10	5	0	19	4	0	5	0	8	0	0	0	0	18
TCGA-B6-A0RM-01	5	0	0	7	0	0	2	8	10	0	4	0	0	0
TCGA-B6-A0RN-01	1	0	0	9	2	0	3	9	9	0	0	0	0	0
TCGA-B6-A0RO-01	3	0	0	0	0	0	11	0	12	0	0	17	0	0
TCGA-B6-A0RP-01	0	0	0	7	0	0	0	0	0	0	6	17	0	0
TCGA-B6-A0RQ-01	7	3	0	6	11	6	3	5	0	0	5	10	0	0
TCGA-B6-A0RT-01	3	6	18	8	0	0	0	0	0	15	0	22	0	0
TCGA-B6-A0RU-01	3	0	0	9	6	9	9	0	0	10	0	0	0	12
TCGA-B6-A0RV-01	17	12	12	0	8	0	4	14	0	0	0	0	0	0
TCGA-B6-A0WS-01	1	1	0	2	1	6	0	0	0	0	0	0	0	7
TCGA-B6-A0WT-01	0	0	0	5	2	6	5	0	0	0	0	0	4	0
TCGA-B6-A0WV-01	0	4	0	0	3	0	0	8	10	0	3	0	0	9
TCGA-B6-A0WW-01	5	4	0	10	5	6	4	0	0	0	0	0	13	0
TCGA-B6-A0WX-01	0	2	0	7	0	8	6	10	0	0	0	0	12	0
TCGA-B6-A0WY-01	5	2	0	5	0	0	6	0	17	0	0	0	0	0
TCGA-B6-A0WZ-01	34	11	17	0	18	0	7	0	0	0	8	0	0	0
TCGA-B6-A0X0-01	1	0	0	3	1	0	3	0	0	0	0	0	7	10
TCGA-B6-A0X1-01	2	10	4	0	7	12	9	0	9	12	7	20	0	0
TCGA-B6-A0X4-01	0	0	0	3	0	0	8	0	0	0	4	0	7	0
TCGA-B6-A0X5-01	2	0	0	0	3	8	12	0	0	0	0	0	23	0
TCGA-B6-A0X7-01	2	1	0	2	3	0	3	8	4	0	0	0	0	0
TCGA-B6-A1KN-01	0	3	0	8	3	0	0	8	11	0	12	0	27	0
TCGA-B6-A2IU-01	11	0	0	9	0	0	15	0	10	0	9	0	0	0
TCGA-B6-A401-01	0	1	0	5	0	0	3	0	8	0	0	6	0	5
TCGA-B6-A409-01	3	0	5	12	0	0	4	10	0	0	7	15	0	0
TCGA-B6-A40B-01	9	0	7	10	3	0	0	0	7	0	14	16	0	0
TCGA-B6-A40C-01	2	0	0	10	3	0	0	25	0	0	4	0	10	0
TCGA-BH-A0AU-01	1	0	4	3	0	0	0	7	6	0	2	0	0	0
TCGA-BH-A0AV-01	3	8	4	0	3	8	0	0	11	14	8	28	0	0
TCGA-BH-A0AY-01	4	0	3	4	0	0	10	12	0	0	0	0	13	0
TCGA-BH-A0AZ-01	11	0	11	0	0	0	0	0	0	0	9	0	15	24
TCGA-BH-A0B0-01	30	16	6	5	24	0	18	0	0	0	0	0	0	0
TCGA-BH-A0B3-01	1	1	0	6	1	0	0	0	0	5	0	0	4	0
TCGA-BH-A0B6-01	355	261	281	0	191	0	94	0	0	0	108	0	0	0
TCGA-BH-A0B7-01	3	6	0	10	0	0	9	0	0	0	4	10	0	0
TCGA-BH-A0B8-01	3	0	0	0	7	0	0	6	10	0	0	0	8	0
TCGA-BH-A0BA-01	4	3	0	3	0	0	0	3	6	0	2	0	0	8
TCGA-BH-A0BC-01	5	3	0	8	6	0	4	8	0	0	0	0	0	11
TCGA-BH-A0BF-01	1	7	0	5	0	0	4	4	5	0	0	7	0	0
TCGA-BH-A0BG-01	5	3	0	7	0	0	0	0	0	15	0	15	0	0
TCGA-BH-A0BJ-01	0	0	0	0	2	0	2	4	3	0	0	0	6	0
TCGA-BH-A0BL-01	0	3	0	9	0	0	6	10	0	20	0	0	21	0
TCGA-BH-A0BM-01	2	0	0	2	0	0	0	0	0	0	3	6	6	0
TCGA-BH-A0BO-01	0	0	6	3	0	10	4	4	4	0	0	0	0	0
TCGA-BH-A0BP-01	14	28	0	22	10	0	22	13	14	22	27	24	0	0
TCGA-BH-A0BQ-01	3	0	0	6	0	0	3	3	5	0	0	0	10	0
TCGA-BH-A0BS-01	1	0	0	4	0	0	0	0	0	0	2	10	0	6
TCGA-BH-A0BT-01	3	0	0	13	5	0	4	0	0	0	4	0	0	19
TCGA-BH-A0BV-01	2	0	2	2	0	0	0	5	0	0	9	4	0	0
TCGA-BH-A0BW-01	8	0	10	0	0	0	6	16	18	15	0	0	0	30
TCGA-BH-A0BZ-01	10	26	2	11	9	14	2	6	37	75	14	33	52	5
TCGA-BH-A0C0-01	3	0	0	6	0	11	3	0	0	19	6	0	0	0
TCGA-BH-A0C1-01	6	0	0	11	3	0	0	0	22	0	0	8	0	0
TCGA-BH-A0C3-01	0	0	0	0	0	6	2	10	0	0	0	0	0	0
TCGA-BH-A0C7-01	0	4	0	6	0	0	6	26	16	0	0	0	0	0
TCGA-BH-A0DD-01	3	3	0	12	3	7	4	5	0	0	0	0	0	0
TCGA-BH-A0DE-01	1	0	0	0	3	0	0	10	0	0	4	15	0	0
TCGA-BH-A0DG-01	5	8	4	0	4	0	13	0	13	0	0	0	0	0
TCGA-BH-A0DH-01	9	0	4	10	0	0	5	8	8	0	8	0	0	0
TCGA-BH-A0DI-01	8	7	6	10	4	0	0	5	0	13	9	0	0	0
TCGA-BH-A0DK-01	3	2	0	5	0	6	0	9	0	0	4	0	24	0
TCGA-BH-A0DL-01	11	0	7	17	0	0	4	0	11	0	0	0	0	15
TCGA-BH-A0DO-01	3	4	0	4	0	0	7	0	6	0	0	6	0	0
TCGA-BH-A0DP-01	2	0	0	2	3	0	1	0	0	7	0	0	0	4
TCGA-BH-A0DQ-01	1	0	0	9	0	0	0	0	6	0	0	19	0	0
TCGA-BH-A0DT-01	3	0	0	2	0	0	0	6	2	0	2	0	0	0
TCGA-BH-A0DV-01	2	0	0	0	0	0	0	0	2	0	2	9	0	0
TCGA-BH-A0DX-01	21	10	7	0	6	0	7	21	0	0	5	0	0	0
TCGA-BH-A0DZ-01	51	60	46	0	42	0	18	0	0	0	0	0	0	0
TCGA-BH-A0E0-01	0	2	0	10	2	0	4	6	0	0	0	0	0	0
TCGA-BH-A0E1-01	1	4	0	0	1	0	4	9	0	0	0	0	0	0
TCGA-BH-A0E9-01	1	0	0	13	0	0	0	0	0	0	6	0	0	8
TCGA-BH-A0EA-01	2	1	0	2	0	0	4	3	12	0	3	0	0	5
TCGA-BH-A0EI-01	0	0	0	7	3	4	0	0	0	0	0	10	0	0
TCGA-BH-A0H3-01	1	0	0	0	0	0	0	8	0	0	3	0	0	5
TCGA-BH-A0H5-01	42	35	28	0	31	0	19	0	0	0	14	0	0	0
TCGA-BH-A0H7-01	1	1	3	0	0	3	1	7	0	0	1	0	0	0
TCGA-BH-A0H9-01	3	0	0	0	0	4	2	3	0	7	4	0	0	0
TCGA-BH-A0HA-01	14	12	0	70	15	121	12	59	79	0	0	0	0	0
TCGA-BH-A0HI-01	4	1	0	7	3	0	3	6	0	0	0	0	11	0
TCGA-BH-A0HK-01	15	8	0	9	16	0	7	0	8	0	0	0	0	0
TCGA-BH-A0HN-01	3	0	2	9	3	0	6	4	0	0	0	7	0	0
TCGA-BH-A0HP-01	88	83	81	0	89	0	16	0	0	0	0	0	0	0
TCGA-BH-A0RX-01	3	0	0	25	0	0	12	9	0	0	0	0	0	0
TCGA-BH-A0W3-01	2	2	0	4	0	0	0	0	0	0	0	10	5	0
TCGA-BH-A0W4-01	4	2	0	0	0	6	10	10	0	0	7	0	0	0
TCGA-BH-A0W5-01	0	0	2	10	0	6	3	0	0	0	0	0	8	0
TCGA-BH-A0W7-01	76	64	65	0	40	0	16	0	0	0	0	0	0	0
TCGA-BH-A0WA-01	7	7	0	9	14	0	0	0	0	34	10	0	0	32
TCGA-BH-A18F-01	10	0	0	5	12	0	10	19	0	0	0	0	11	0
TCGA-BH-A18G-01	0	0	0	301	0	612	54	107	594	0	0	0	0	0
TCGA-BH-A18H-01	4	3	3	0	6	6	2	6	16	0	8	0	0	0
TCGA-BH-A18I-01	2	2	0	11	3	0	5	0	0	0	0	0	0	8
TCGA-BH-A18J-01	42	20	18	7	11	0	0	0	13	0	0	0	0	0
TCGA-BH-A18K-01	12	6	10	5	0	0	6	0	0	0	14	0	0	15
TCGA-BH-A18L-01	0	5	0	19	0	0	5	12	13	0	11	0	0	0
TCGA-BH-A18M-01	2	2	2	7	2	0	0	0	0	0	3	0	0	0
TCGA-BH-A18N-01	0	0	2	11	0	9	2	4	0	0	0	0	0	15
TCGA-BH-A18P-01	119	101	61	0	73	0	41	0	0	0	43	0	0	0
TCGA-BH-A18Q-01	0	5	6	0	6	0	0	9	11	22	0	22	0	26
TCGA-BH-A18R-01	3	0	4	0	5	0	0	6	0	14	0	0	0	10
TCGA-BH-A18S-01	0	4	0	0	0	9	5	0	8	0	0	0	11	0
TCGA-BH-A18T-01	5	5	10	0	0	0	0	10	19	45	8	0	0	0
TCGA-BH-A18U-01	33	19	13	19	24	3	6	8	6	7	2	3	2	33
TCGA-BH-A18V-01	22	41	40	0	20	0	0	0	0	63	16	0	48	0
TCGA-BH-A1EO-01	5	0	0	18	0	0	5	9	0	0	0	13	0	0
TCGA-BH-A1ET-01	1	0	0	8	0	5	0	0	6	0	0	0	13	0
TCGA-BH-A1EU-01	0	1	0	0	5	5	0	13	0	0	0	0	0	10
TCGA-BH-A1EV-01	22	23	19	19	16	0	18	0	0	0	12	0	0	0
TCGA-BH-A1EW-01	1	0	0	0	6	0	3	3	4	0	4	0	0	0
TCGA-BH-A1EX-01	0	0	0	6	2	6	8	0	0	7	0	0	0	6
TCGA-BH-A1EY-01	4	4	10	6	0	8	9	6	0	8	0	0	0	0
TCGA-BH-A1F0-01	0	7	15	8	5	0	6	0	0	0	11	0	13	30
TCGA-BH-A1F2-01	7	3	6	21	7	0	0	0	0	0	0	17	10	0
TCGA-BH-A1F5-01	3	0	0	10	4	0	6	7	0	0	0	14	0	0
TCGA-BH-A1F6-01	3	0	4	9	0	0	0	6	8	9	4	0	0	10
TCGA-BH-A1F8-01	58	32	28	15	33	0	13	0	0	0	13	0	0	0
TCGA-BH-A1FC-01	12	18	5	11	8	0	7	23	17	21	8	0	0	0
TCGA-BH-A1FE-01	3	0	2	3	3	0	3	0	0	0	0	12	0	0
TCGA-BH-A1FG-01	0	0	3	4	2	0	0	5	7	0	0	0	0	0
TCGA-BH-A1FH-01	1	0	0	0	5	0	0	21	0	0	6	0	0	0
TCGA-BH-A1FJ-01	0	0	0	8	6	0	0	15	0	0	0	16	0	0
TCGA-BH-A1FL-01	1	0	0	7	2	3	3	0	0	0	0	10	0	0
TCGA-BH-A1FM-01	9	5	6	12	5	0	14	11	0	0	0	0	0	0
TCGA-BH-A1FN-01	30	28	21	7	0	0	0	0	0	0	12	31	17	0
TCGA-BH-A1FR-01	0	1	0	4	2	0	1	0	3	6	0	0	0	0
TCGA-BH-A1FU-01	4	9	9	6	4	17	9	6	8	12	7	9	1	17
TCGA-BH-A201-01	1	0	0	3	3	8	3	0	0	0	0	0	9	0
TCGA-BH-A202-01	3	0	0	7	0	5	0	0	0	0	0	0	13	0
TCGA-BH-A203-01	11	12	0	22	0	0	19	21	14	0	0	0	0	0
TCGA-BH-A204-01	0	5	0	9	3	5	4	0	0	0	3	23	0	0
TCGA-BH-A208-01	12	15	7	11	6	0	4	0	0	0	10	17	0	0
TCGA-BH-A209-01	25	31	35	0	16	0	12	0	0	0	0	0	0	0
TCGA-BH-A28Q-01	2	2	0	11	2	0	0	0	9	0	0	0	0	0
TCGA-BH-A2L8-01	190	151	121	0	79	0	28	0	0	0	59	0	0	0
TCGA-BH-A42U-01	7	3	0	0	3	0	5	7	0	0	7	0	0	0
TCGA-BH-A42V-01	17	13	4	5	9	0	7	0	0	0	0	0	0	0
TCGA-BH-A5IZ-01	4	0	8	9	6	0	0	19	0	18	15	0	17	0
TCGA-BH-A5J0-01	24	6	12	13	21	0	14	0	0	0	0	12	0	0
TCGA-BH-A6R8-01	1	2	0	6	5	0	5	12	6	0	0	0	0	0
TCGA-BH-A6R9-01	0	0	0	5	0	0	4	0	0	11	5	0	0	0
TCGA-BH-A8FY-01	0	5	0	4	5	0	0	0	10	9	11	0	0	12
TCGA-BH-A8FZ-01	7	5	0	10	0	8	0	0	11	20	0	0	13	17
TCGA-BH-A8G0-01	0	0	0	6	2	5	4	0	0	0	0	0	0	0
TCGA-BH-AB28-01	4	0	0	11	0	0	0	0	14	0	4	0	0	10
TCGA-C8-A12K-01	11	38	9	0	11	13	0	18	0	40	8	25	0	0
TCGA-C8-A12L-01	3	4	0	0	0	0	6	11	22	20	0	23	0	0
TCGA-C8-A12M-01	0	0	0	12	0	0	14	14	18	14	10	0	0	0
TCGA-C8-A12N-01	1	3	0	8	0	4	0	4	0	0	0	0	7	0
TCGA-C8-A12O-01	0	0	0	16	4	0	7	17	0	0	5	0	0	0
TCGA-C8-A12P-01	43	44	28	24	29	0	21	0	0	0	13	0	0	0
TCGA-C8-A12Q-01	28	18	29	6	15	10	20	0	0	0	13	0	0	0
TCGA-C8-A12T-01	50	54	40	0	21	0	9	23	0	0	17	0	0	0
TCGA-C8-A12U-01	5	3	4	19	0	0	0	6	0	0	0	24	0	0
TCGA-C8-A12V-01	0	0	5	0	0	0	4	13	8	12	0	0	0	10
TCGA-C8-A12W-01	0	4	0	25	0	0	14	34	0	0	0	0	0	0
TCGA-C8-A12X-01	0	0	4	23	0	0	5	0	0	0	7	14	0	12
TCGA-C8-A12Y-01	2	0	0	14	0	9	0	6	15	0	0	0	0	0
TCGA-C8-A12Z-01	6	8	5	11	6	0	3	5	6	0	11	0	0	0
TCGA-C8-A130-01	3	4	0	15	0	9	10	13	0	0	0	0	0	0
TCGA-C8-A131-01	5	0	0	8	4	0	12	0	17	0	7	21	0	0
TCGA-C8-A132-01	7	14	12	0	6	0	0	20	0	0	0	0	0	25
TCGA-C8-A133-01	4	0	0	0	0	0	3	3	0	0	7	0	7	9
TCGA-C8-A134-01	0	7	0	0	0	0	5	12	17	37	0	0	39	0
TCGA-C8-A135-01	4	4	4	23	0	0	8	14	20	0	0	0	0	0
TCGA-C8-A137-01	6	8	8	0	9	0	11	16	0	0	4	0	0	0
TCGA-C8-A138-01	0	0	0	9	0	5	0	9	0	0	12	0	17	0
TCGA-C8-A1HE-01	13	6	2	6	5	0	3	0	0	0	4	0	0	15
TCGA-C8-A1HF-01	6	3	4	6	3	0	3	0	0	0	4	0	0	10
TCGA-C8-A1HG-01	3	4	0	23	5	11	5	0	0	11	7	0	0	0
TCGA-C8-A1HI-01	7	7	0	0	5	0	0	39	14	0	0	0	0	0
TCGA-C8-A1HJ-01	0	9	6	12	0	19	0	0	0	51	0	0	27	0
TCGA-C8-A1HK-01	6	14	12	6	0	0	11	0	13	0	0	11	0	0
TCGA-C8-A1HL-01	0	0	0	7	2	0	0	0	11	0	0	17	0	0
TCGA-C8-A1HM-01	80	140	101	19	61	0	23	0	0	0	24	0	0	0
TCGA-C8-A1HN-01	3	0	0	16	3	8	0	15	0	15	10	0	0	0
TCGA-C8-A1HO-01	7	0	4	3	5	0	2	12	0	0	0	0	16	0
TCGA-C8-A26V-01	17	21	16	11	0	0	12	0	0	0	0	0	0	19
TCGA-C8-A26W-01	11	5	13	5	7	7	12	0	0	0	9	0	0	0
TCGA-C8-A26X-01	3	0	0	21	0	0	8	0	0	0	0	25	18	0
TCGA-C8-A26Y-01	254	232	188	0	126	0	61	0	0	0	55	0	0	0
TCGA-C8-A26Z-01	0	0	0	17	0	0	4	0	0	10	8	0	10	0
TCGA-C8-A273-01	0	2	0	0	0	0	4	13	5	0	0	0	0	0
TCGA-C8-A274-01	95	55	48	12	28	0	20	0	23	0	0	0	0	0
TCGA-C8-A275-01	24	29	36	7	12	0	13	0	0	0	21	0	0	0
TCGA-C8-A278-01	5	3	6	5	3	0	7	14	0	10	0	0	0	0
TCGA-C8-A27A-01	5	3	0	6	0	0	7	0	0	0	3	7	9	0
TCGA-C8-A27B-01	9	56	19	9	12	0	0	0	0	57	0	0	0	0
TCGA-C8-A3M7-01	60	15	36	21	49	0	24	0	0	0	16	0	0	0
TCGA-C8-A3M8-01	4	0	12	7	0	10	4	7	0	0	0	18	0	0
TCGA-C8-A8HP-01	68	59	59	11	39	0	37	0	0	0	0	0	0	0
TCGA-C8-A8HQ-01	104	74	72	0	43	0	53	26	0	0	0	0	0	0
TCGA-C8-A8HR-01	0	0	0	14	0	8	0	0	0	10	9	0	0	19
TCGA-C8-A9FZ-01	2	3	0	11	0	0	0	0	10	0	3	0	0	0
TCGA-D8-A13Y-01	8	0	14	8	6	12	0	8	0	0	15	11	0	0
TCGA-D8-A13Z-01	3	11	5	21	4	0	6	0	0	34	0	19	0	0
TCGA-D8-A140-01	16	0	6	13	18	0	7	23	36	0	15	0	0	0
TCGA-D8-A141-01	0	0	0	6	0	0	0	0	0	0	3	5	0	7
TCGA-D8-A142-01	0	6	15	26	5	0	11	39	0	28	13	23	0	0
TCGA-D8-A143-01	3	0	0	12	0	0	0	9	0	14	7	16	0	0
TCGA-D8-A145-01	0	3	0	15	0	0	0	0	8	0	0	0	0	21
TCGA-D8-A146-01	3	0	0	9	5	9	7	5	0	0	3	0	0	0
TCGA-D8-A147-01	11	29	22	0	12	0	8	16	0	60	18	0	0	24
TCGA-D8-A1J8-01	180	141	164	50	93	0	77	0	204	0	52	0	0	0
TCGA-D8-A1J9-01	74	54	65	0	23	0	40	0	0	0	22	0	0	0
TCGA-D8-A1JB-01	4	4	0	6	0	7	3	0	0	0	8	31	0	0
TCGA-D8-A1JC-01	20	17	21	0	18	0	13	25	0	0	8	0	0	0
TCGA-D8-A1JD-01	8	12	0	0	6	0	6	11	26	17	0	23	13	0
TCGA-D8-A1JE-01	2	0	0	4	0	0	0	14	9	0	0	0	11	0
TCGA-D8-A1JF-01	3	3	0	0	0	0	4	16	23	0	0	0	0	0
TCGA-D8-A1JG-01	0	8	0	17	0	0	28	15	0	0	14	0	87	0
TCGA-D8-A1JH-01	1	0	0	4	2	0	0	0	0	0	0	0	0	17
TCGA-D8-A1JI-01	0	0	0	0	5	0	3	8	12	0	4	10	0	0
TCGA-D8-A1JJ-01	22	8	12	12	8	0	12	0	0	0	0	0	0	24
TCGA-D8-A1JK-01	11	10	0	9	18	20	0	0	21	0	16	47	41	56
TCGA-D8-A1JL-01	3	5	10	0	0	20	7	18	0	21	8	35	0	0
TCGA-D8-A1JM-01	0	0	0	9	0	0	9	12	0	0	7	0	16	0
TCGA-D8-A1JN-01	57	25	34	11	31	0	36	0	0	0	14	0	0	0
TCGA-D8-A1JP-01	0	6	11	0	11	15	0	0	0	23	0	44	0	25
TCGA-D8-A1JS-01	1	0	0	4	0	4	0	7	0	0	8	0	5	0
TCGA-D8-A1JT-01	0	0	0	9	0	0	0	9	0	0	5	18	0	0
TCGA-D8-A1JU-01	1	0	0	2	0	6	2	9	0	0	0	0	0	0
TCGA-D8-A1X5-01	2	4	0	14	3	10	0	5	0	0	4	0	24	0
TCGA-D8-A1X6-01	3	0	0	19	0	0	0	0	0	9	0	0	11	0
TCGA-D8-A1X7-01	0	2	0	0	4	0	4	10	5	0	7	0	0	0
TCGA-D8-A1X9-01	0	5	5	0	0	11	0	15	10	0	0	20	36	0
TCGA-D8-A1XA-01	0	0	0	7	4	6	3	0	0	0	0	8	0	0
TCGA-D8-A1XB-01	6	2	0	13	0	0	7	0	8	0	0	0	0	14
TCGA-D8-A1XC-01	0	0	0	11	6	0	0	0	7	0	0	0	10	0
TCGA-D8-A1XF-01	0	3	0	17	6	0	11	0	7	0	0	0	7	0
TCGA-D8-A1XG-01	1	0	0	0	0	4	4	0	13	5	0	0	0	0
TCGA-D8-A1XK-01	0	0	0	105	0	921	0	0	0	0	0	0	0	274
TCGA-D8-A1XL-01	4	6	0	6	0	18	7	11	0	32	0	0	26	0
TCGA-D8-A1XM-01	9	3	6	5	13	0	12	16	0	0	0	0	0	0
TCGA-D8-A1XO-01	5	5	0	4	0	0	0	4	0	0	0	0	0	11
TCGA-D8-A1XQ-01	19	27	0	119	0	372	48	130	201	115	0	0	0	0
TCGA-D8-A1XR-01	1	0	0	7	4	0	0	0	11	0	0	0	0	9
TCGA-D8-A1XS-01	3	2	0	3	3	0	7	4	4	0	0	0	0	0
TCGA-D8-A1XT-01	0	0	3	15	7	0	0	0	0	0	7	0	0	13
TCGA-D8-A1XU-01	8	0	2	6	0	0	0	0	0	0	7	0	0	12
TCGA-D8-A1XV-01	1	0	5	8	0	0	0	18	0	0	4	0	0	0
TCGA-D8-A1XW-01	7	6	6	0	0	0	6	21	0	38	7	0	0	31
TCGA-D8-A1XY-01	4	0	0	22	8	0	3	7	10	0	5	0	0	0
TCGA-D8-A1XZ-01	0	5	11	24	0	0	12	23	21	0	0	0	0	0
TCGA-D8-A1Y0-01	4	6	8	0	0	8	0	16	9	0	12	0	18	0
TCGA-D8-A1Y1-01	13	0	0	87	10	21	11	91	0	0	0	0	0	0
TCGA-D8-A1Y2-01	6	3	0	4	0	0	2	7	0	0	0	0	0	0
TCGA-D8-A1Y3-01	3	0	0	27	0	0	5	7	0	0	0	25	0	0
TCGA-D8-A27E-01	0	0	0	0	2	0	2	0	3	4	0	0	0	0
TCGA-D8-A27F-01	3	6	6	0	0	7	0	11	0	10	0	14	13	0
TCGA-D8-A27G-01	342	310	182	0	187	0	73	0	0	0	82	0	0	0
TCGA-D8-A27H-01	9	37	7	0	11	11	0	19	0	58	8	0	0	0
TCGA-D8-A27I-01	4	4	0	4	0	0	3	11	0	0	0	0	0	10
TCGA-D8-A27K-01	0	2	0	6	0	0	1	3	0	0	0	0	0	9
TCGA-D8-A27L-01	9	0	10	8	11	0	7	0	0	0	8	0	0	0
TCGA-D8-A27M-01	3	7	8	9	0	0	8	0	0	22	0	0	33	0
TCGA-D8-A27N-01	0	0	0	20	4	0	7	11	0	0	4	0	14	0
TCGA-D8-A27P-01	1	0	0	6	2	0	0	0	9	0	0	0	0	12
TCGA-D8-A27R-01	1	4	0	3	2	0	5	0	6	0	0	14	0	0
TCGA-D8-A27T-01	3	0	0	15	5	0	0	0	0	0	0	8	0	0
TCGA-D8-A27V-01	48	44	60	0	24	0	28	0	0	0	31	0	0	0
TCGA-D8-A27W-01	3	0	5	21	0	0	6	13	7	0	0	0	0	0
TCGA-D8-A3Z6-01	5	2	0	9	0	4	0	0	6	0	0	11	0	0
TCGA-D8-A4Z1-01	19	4	3	2	0	0	9	0	0	0	9	0	0	0
TCGA-D8-A73U-01	70	19	33	13	44	0	9	0	0	0	19	0	0	0
TCGA-D8-A73W-01	3	0	0	18	0	0	0	0	17	0	0	0	0	14
TCGA-D8-A73X-01	6	0	0	10	0	12	7	17	0	0	0	0	0	0
TCGA-E2-A105-01	4	0	5	18	8	9	0	0	0	0	0	23	0	0
TCGA-E2-A107-01	5	0	0	5	0	7	5	10	0	0	4	0	0	0
TCGA-E2-A108-01	43	53	28	0	23	0	0	13	0	0	0	0	0	26
TCGA-E2-A109-01	0	0	0	18	8	0	4	0	14	0	0	19	21	0
TCGA-E2-A10A-01	3	3	0	3	4	0	0	0	5	0	0	10	0	0
TCGA-E2-A10B-01	12	8	7	8	9	7	5	0	0	0	0	0	0	17
TCGA-E2-A10C-01	160	116	81	0	94	0	43	0	0	0	25	0	0	0
TCGA-E2-A10F-01	3	2	0	10	1	4	2	3	0	0	5	0	0	0
TCGA-E2-A14N-01	7	11	4	7	0	0	8	0	0	27	8	18	0	19
TCGA-E2-A14O-01	1	0	0	12	0	0	11	0	0	0	0	12	0	0
TCGA-E2-A14P-01	13	5	6	23	11	12	12	0	0	0	13	0	17	0
TCGA-E2-A14Q-01	4	0	0	15	0	0	0	0	0	0	0	12	9	0
TCGA-E2-A14R-01	1	9	12	3	6	12	7	11	13	32	2	17	13	5
TCGA-E2-A14T-01	4	4	0	6	0	0	7	8	6	0	0	0	0	8
TCGA-E2-A14V-01	20	22	24	15	7	0	20	26	0	0	7	0	0	0
TCGA-E2-A14W-01	0	5	11	0	0	0	8	0	11	27	13	0	0	27
TCGA-E2-A14X-01	4	2	0	15	3	0	6	7	0	0	0	0	0	0
TCGA-E2-A14Y-01	14	10	9	10	7	0	0	0	0	0	0	0	0	0
TCGA-E2-A14Z-01	16	0	10	10	12	0	12	0	0	0	0	18	17	0
TCGA-E2-A150-01	4	4	0	14	0	0	7	0	27	0	0	0	35	0
TCGA-E2-A152-01	36	29	46	0	26	0	34	0	0	0	0	0	0	0
TCGA-E2-A153-01	5	0	0	7	0	0	2	8	0	0	4	0	0	0
TCGA-E2-A154-01	0	0	0	11	0	0	12	14	0	0	0	0	21	0
TCGA-E2-A155-01	9	4	0	14	0	0	6	0	11	0	5	0	13	19
TCGA-E2-A156-01	3	0	2	3	3	0	0	4	0	0	0	10	0	0
TCGA-E2-A158-01	0	0	9	0	0	0	6	17	11	40	0	0	0	14
TCGA-E2-A159-01	45	28	74	14	20	0	0	0	0	0	20	0	0	0
TCGA-E2-A15A-01	0	0	3	10	7	0	0	8	9	0	0	0	25	0
TCGA-E2-A15C-01	2	0	0	17	0	0	0	0	10	0	6	15	0	0
TCGA-E2-A15D-01	0	1	0	6	0	4	2	10	6	0	0	0	5	0
TCGA-E2-A15E-01	1	5	0	6	0	10	0	11	0	0	0	7	0	0
TCGA-E2-A15F-01	0	2	0	9	0	0	0	7	0	0	10	0	0	0
TCGA-E2-A15G-01	6	0	0	8	0	9	8	16	0	0	8	18	0	0
TCGA-E2-A15H-01	0	0	2	11	0	0	3	0	11	0	6	0	0	0
TCGA-E2-A15I-01	3	0	0	11	5	0	0	10	0	0	4	0	10	0
TCGA-E2-A15J-01	0	0	0	9	2	0	0	0	0	0	3	8	0	0
TCGA-E2-A15K-01	0	0	3	12	0	0	0	12	9	0	17	0	0	0
TCGA-E2-A15L-01	0	4	0	8	2	4	3	11	0	0	2	0	0	0
TCGA-E2-A15M-01	14	6	16	25	6	8	0	0	0	0	10	23	0	0
TCGA-E2-A15O-01	1	0	0	0	2	0	4	21	6	0	0	0	0	0
TCGA-E2-A15P-01	1	0	0	8	0	6	0	0	0	0	6	7	0	0
TCGA-E2-A15R-01	3	0	0	16	0	0	8	0	0	0	9	11	0	0
TCGA-E2-A15S-01	7	0	5	0	0	12	0	18	0	11	4	11	0	0
TCGA-E2-A15T-01	1	2	0	5	0	0	2	19	0	0	4	0	0	7
TCGA-E2-A1AZ-01	7	7	19	0	0	0	19	0	10	0	0	17	0	0
TCGA-E2-A1B0-01	4	4	0	12	0	11	11	0	0	0	7	0	0	11
TCGA-E2-A1B1-01	8	13	4	6	16	0	0	10	0	0	9	0	0	0
TCGA-E2-A1B4-01	3	0	3	0	7	0	5	0	11	0	0	0	0	13
TCGA-E2-A1B5-01	12	4	5	8	0	0	8	0	0	0	0	0	0	9
TCGA-E2-A1B6-01	0	0	3	5	0	0	0	12	9	27	0	0	0	0
TCGA-E2-A1BC-01	0	0	7	8	0	0	0	0	9	0	5	12	0	0
TCGA-E2-A1BD-01	0	0	0	21	0	0	5	0	0	0	0	0	17	0
TCGA-E2-A1IE-01	0	0	0	7	0	0	0	6	0	0	4	13	0	0
TCGA-E2-A1IF-01	0	0	0	2	0	6	2	5	0	0	0	9	0	0
TCGA-E2-A1IG-01	5	0	0	4	10	0	11	22	0	0	5	0	0	0
TCGA-E2-A1IH-01	13	12	12	6	6	15	0	12	0	0	9	0	0	0
TCGA-E2-A1II-01	0	2	0	9	0	0	0	0	0	12	0	0	0	11
TCGA-E2-A1IJ-01	0	0	0	2	0	0	0	10	0	0	2	0	4	0
TCGA-E2-A1IK-01	0	2	0	0	0	0	9	6	0	0	0	0	0	0
TCGA-E2-A1IL-01	0	0	0	9	0	0	6	0	0	0	5	11	0	0
TCGA-E2-A1IN-01	68	69	45	16	37	0	13	0	0	0	0	0	0	0
TCGA-E2-A1IO-01	1	0	0	4	0	0	3	8	0	0	0	0	0	0
TCGA-E2-A1IU-01	4	1	0	2	0	0	12	0	0	12	0	0	0	0
TCGA-E2-A1L6-01	1	0	0	0	0	4	10	0	7	6	0	0	0	0
TCGA-E2-A1L7-01	0	3	0	0	3	10	0	26	0	0	4	16	19	0
TCGA-E2-A1L8-01	3	3	0	0	0	7	0	16	0	0	9	0	0	0
TCGA-E2-A1L9-01	3	0	0	6	0	0	3	0	5	9	2	0	0	0
TCGA-E2-A1LA-01	3	0	10	10	0	12	0	0	0	43	0	0	0	29
TCGA-E2-A1LB-01	6	5	12	0	14	0	3	9	6	0	0	0	0	0
TCGA-E2-A1LG-01	31	62	56	0	31	0	20	0	0	0	19	0	0	0
TCGA-E2-A1LH-01	11	32	17	8	15	22	0	18	0	67	10	0	31	0
TCGA-E2-A1LI-01	5	7	0	0	0	0	5	0	5	15	0	0	0	0
TCGA-E2-A1LK-01	0	4	0	36	0	0	14	0	0	0	0	0	0	0
TCGA-E2-A1LL-01	0	7	0	10	0	0	0	0	6	11	0	11	0	16
TCGA-E2-A2P6-01	52	32	0	17	49	0	21	0	15	0	0	0	0	0
TCGA-E2-A56Z-01	0	0	0	0	0	7	7	24	16	0	6	0	0	0
TCGA-E2-A570-01	0	1	0	10	0	0	0	0	0	0	11	0	0	8
TCGA-E2-A572-01	1	0	3	6	2	0	0	17	0	0	0	0	0	0
TCGA-E2-A573-01	0	0	6	11	4	0	0	0	14	13	0	0	11	13
TCGA-E2-A574-01	21	20	16	22	17	0	20	0	0	19	21	0	0	0
TCGA-E2-A576-01	0	0	0	16	0	0	7	22	13	0	12	0	0	0
TCGA-E2-A9RU-01	4	9	0	34	18	11	12	0	0	0	0	0	19	0
TCGA-E9-A1N3-01	1	2	0	0	0	0	0	6	8	0	0	8	6	0
TCGA-E9-A1N4-01	2	5	3	0	5	0	7	12	0	0	0	0	0	0
TCGA-E9-A1N5-01	8	5	0	0	0	0	0	0	13	0	0	0	0	13
TCGA-E9-A1N8-01	3	5	3	0	0	9	8	0	0	0	0	0	8	0
TCGA-E9-A1N9-01	7	0	0	16	0	0	0	0	0	20	0	0	11	12
TCGA-E9-A1NA-01	5	8	12	6	0	0	8	8	10	19	22	0	19	0
TCGA-E9-A1NE-01	3	3	0	3	0	0	0	0	11	24	4	0	14	0
TCGA-E9-A1NF-01	13	0	5	4	0	0	8	7	0	0	13	11	0	0
TCGA-E9-A1NG-01	1	0	0	3	0	0	1	4	4	0	0	8	0	0
TCGA-E9-A1NH-01	1	0	2	5	2	4	0	9	0	0	0	0	0	14
TCGA-E9-A1QZ-01	0	0	0	2	0	4	2	5	0	0	0	10	0	0
TCGA-E9-A1R0-01	3	3	4	13	3	0	6	0	0	0	3	0	0	0
TCGA-E9-A1R2-01	2	13	0	6	0	14	3	0	0	0	0	28	0	0
TCGA-E9-A1R3-01	3	0	0	4	0	4	3	3	0	8	0	0	0	0
TCGA-E9-A1R4-01	34	12	38	12	26	0	10	0	0	0	0	0	21	0
TCGA-E9-A1R5-01	2	0	4	0	0	6	5	28	0	0	6	0	0	0
TCGA-E9-A1R6-01	0	0	0	9	3	0	9	7	0	0	0	0	8	0
TCGA-E9-A1R7-01	6	0	4	7	0	0	0	0	8	0	7	17	0	14
TCGA-E9-A1RA-01	4	0	0	4	0	0	0	4	0	0	5	8	0	0
TCGA-E9-A1RB-01	0	0	0	9	0	11	0	0	0	0	0	10	8	0
TCGA-E9-A1RC-01	0	0	0	15	0	8	7	9	0	0	5	0	0	11
TCGA-E9-A1RD-01	4	0	2	5	1	0	0	0	4	4	3	0	0	0
TCGA-E9-A1RE-01	0	0	0	17	4	0	6	12	23	0	4	0	0	0
TCGA-E9-A1RF-01	4	11	9	15	7	0	7	19	19	47	0	0	32	0
TCGA-E9-A1RG-01	3	4	0	4	3	0	0	8	0	0	5	0	0	14
TCGA-E9-A1RH-01	5	9	0	17	4	11	7	8	0	22	10	0	18	0
TCGA-E9-A1RI-01	4	0	0	3	0	0	0	6	6	0	4	0	6	0
TCGA-E9-A226-01	10	21	7	10	18	0	13	0	0	0	0	0	0	0
TCGA-E9-A227-01	0	1	2	2	5	0	0	0	0	9	0	0	0	0
TCGA-E9-A228-01	4	6	0	26	9	0	0	0	0	0	7	0	0	0
TCGA-E9-A229-01	1	5	0	11	3	0	0	0	0	0	0	0	0	10
TCGA-E9-A22A-01	3	4	0	3	6	0	0	9	0	11	0	0	0	0
TCGA-E9-A22B-01	5	4	0	15	9	0	5	11	0	0	5	0	0	22
TCGA-E9-A22D-01	0	3	0	10	3	0	10	14	0	0	0	0	0	0
TCGA-E9-A22E-01	8	15	14	7	10	0	0	15	0	28	8	0	16	23
TCGA-E9-A22G-01	0	7	0	6	0	30	0	0	0	23	6	28	17	0
TCGA-E9-A22H-01	1	0	0	10	2	4	3	0	0	6	0	0	0	0
TCGA-E9-A243-01	4	7	8	0	5	10	0	15	11	22	7	0	0	0
TCGA-E9-A244-01	4	4	0	13	0	0	0	22	20	27	0	0	31	0
TCGA-E9-A245-01	0	0	0	0	2	0	2	4	0	0	0	0	15	0
TCGA-E9-A247-01	0	0	0	24	0	0	3	0	12	8	0	0	0	0
TCGA-E9-A248-01	5	2	0	12	0	0	0	0	6	0	3	0	0	0
TCGA-E9-A249-01	1	0	0	9	0	0	3	5	7	0	0	0	0	0
TCGA-E9-A24A-01	0	0	0	6	0	0	4	0	0	0	0	0	12	0
TCGA-E9-A295-01	0	0	0	20	5	0	7	26	0	0	0	0	51	0
TCGA-E9-A2JS-01	3	0	0	33	0	0	11	0	0	0	0	22	20	0
TCGA-E9-A2JT-01	12	6	10	0	0	0	0	0	0	0	0	0	0	0
TCGA-E9-A3HO-01	3	6	0	0	0	0	3	10	9	15	6	20	0	0
TCGA-E9-A3QA-01	7	8	9	0	0	0	3	0	0	13	4	0	0	18
TCGA-E9-A3X8-01	0	5	0	8	3	0	0	0	0	0	5	16	0	0
TCGA-E9-A54Y-01	10	0	7	17	11	0	3	0	0	0	0	0	10	0
TCGA-E9-A5FK-01	1	2	0	6	0	0	0	5	7	0	6	0	0	12
TCGA-E9-A5FL-01	6	11	10	7	0	0	9	0	18	17	0	0	19	36
TCGA-E9-A5UO-01	0	0	2	10	2	0	0	0	6	0	0	9	0	9
TCGA-E9-A6HE-01	0	0	0	9	4	0	3	0	6	0	0	0	0	0
TCGA-EW-A1IW-01	36	18	7	19	9	0	0	0	0	0	0	0	17	21
TCGA-EW-A1IX-01	9	8	8	0	5	0	0	0	7	0	5	0	0	0
TCGA-EW-A1IY-01	7	0	4	0	7	4	11	0	0	0	5	0	0	0
TCGA-EW-A1IZ-01	0	0	0	97	0	95	43	69	131	0	0	0	0	0
TCGA-EW-A1J1-01	0	0	0	9	0	0	4	0	0	7	3	0	0	0
TCGA-EW-A1J3-01	0	0	0	6	8	4	0	0	0	0	0	12	0	0
TCGA-EW-A1J5-01	172	119	94	0	103	0	29	0	0	0	23	0	0	0
TCGA-EW-A1J6-01	2	0	0	6	0	0	0	13	0	0	0	16	7	0
TCGA-EW-A1OV-01	49	26	11	0	26	0	13	15	0	0	0	0	0	0
TCGA-EW-A1OX-01	2	4	0	3	5	0	0	0	7	0	0	0	0	0
TCGA-EW-A1OZ-01	6	5	0	29	0	0	5	0	0	0	13	18	0	0
TCGA-EW-A1P0-01	0	0	2	0	0	4	2	6	4	0	0	10	0	0
TCGA-EW-A1P1-01	0	0	0	0	0	0	0	3	0	0	0	0	0	0
TCGA-EW-A1P3-01	1	0	0	7	3	0	0	0	0	0	0	7	0	10
TCGA-EW-A1P4-01	0	8	0	0	0	0	6	17	15	13	0	0	0	18
TCGA-EW-A1P5-01	0	1	0	10	0	0	0	0	5	0	0	0	4	0
TCGA-EW-A1P6-01	0	0	0	3	3	0	0	9	0	0	0	0	0	11
TCGA-EW-A1P7-01	0	0	0	0	0	0	0	0	8	11	0	0	0	0
TCGA-EW-A1P8-01	0	0	0	5	0	0	3	0	9	15	7	0	0	0
TCGA-EW-A1PA-01	0	4	0	6	4	0	10	0	0	14	3	0	0	0
TCGA-EW-A1PB-01	18	42	22	0	24	0	0	11	0	34	10	0	21	0
TCGA-EW-A1PD-01	6	9	6	0	0	0	0	0	19	30	23	0	0	0
TCGA-EW-A1PE-01	5	0	0	6	0	0	3	0	11	8	5	0	0	0
TCGA-EW-A1PG-01	0	0	0	2	2	3	4	0	0	0	0	0	0	0
TCGA-EW-A1PH-01	2	0	6	18	0	7	8	0	0	12	9	0	0	0
TCGA-EW-A2FR-01	4	8	0	11	5	0	0	0	0	0	10	0	0	16
TCGA-EW-A2FS-01	0	0	0	12	0	12	0	10	0	0	11	0	0	0
TCGA-EW-A2FV-01	1	0	0	0	0	0	8	8	0	0	4	0	0	11
TCGA-EW-A2FW-01	3	0	0	14	0	0	0	0	0	0	2	0	7	0
TCGA-EW-A423-01	8	11	0	23	8	0	0	0	0	0	14	0	0	24
TCGA-EW-A6S9-01	3	0	0	8	0	0	3	4	5	0	0	0	8	0
TCGA-EW-A6SA-01	8	8	0	9	0	0	12	19	31	0	18	0	18	0
TCGA-EW-A6SB-01	0	6	0	15	4	12	10	0	0	13	6	0	0	15
TCGA-EW-A6SC-01	6	0	0	0	0	6	0	6	16	0	5	0	0	0
TCGA-EW-A6SD-01	16	9	10	12	4	11	0	0	0	0	6	0	0	0
TCGA-GI-A2C8-01	8	12	7	20	0	0	0	0	16	36	0	27	22	0
TCGA-GM-A2D9-01	185	117	121	0	143	0	29	0	0	0	50	0	0	0
TCGA-GM-A2DA-01	2	7	0	3	3	0	7	17	6	0	0	0	0	0
TCGA-GM-A2DB-01	0	5	6	12	7	0	6	23	0	0	6	0	25	38
TCGA-GM-A2DC-01	0	0	0	11	0	0	0	5	0	0	0	11	0	0
TCGA-GM-A2DD-01	3	4	0	7	0	9	5	0	16	19	5	0	0	0
TCGA-GM-A2DF-01	0	3	4	12	4	0	4	7	0	0	0	19	0	0
TCGA-GM-A2DH-01	28	45	44	0	12	0	13	14	17	0	0	59	0	0
TCGA-GM-A2DI-01	22	19	11	0	7	0	13	7	0	0	12	0	0	0
TCGA-GM-A2DK-01	3	0	0	7	4	7	5	0	0	0	0	0	0	11
TCGA-GM-A2DL-01	5	3	0	6	2	0	4	4	0	0	7	0	18	0
TCGA-GM-A2DM-01	2	0	0	0	3	4	3	0	0	0	0	0	6	9
TCGA-GM-A2DN-01	1	0	0	4	1	0	0	0	0	0	4	0	0	9
TCGA-GM-A2DO-01	55	48	37	0	46	0	34	0	0	0	0	0	0	0
TCGA-GM-A3NW-01	14	14	21	16	12	0	4	0	0	0	14	0	0	0
TCGA-GM-A3XL-01	8	23	16	9	7	0	6	0	0	36	0	0	0	39
TCGA-GM-A4E0-01	0	0	0	7	2	0	5	9	0	0	0	0	0	11
TCGA-GM-A5PV-01	5	0	2	0	2	5	4	9	0	7	3	0	0	10
TCGA-GM-A5PX-01	5	4	0	9	0	6	4	0	0	0	0	14	0	0
TCGA-HN-A2NL-01	3	7	0	5	0	11	0	21	0	0	9	17	18	0
TCGA-HN-A2OB-01	2	0	2	0	0	0	1	9	5	0	0	0	0	0
TCGA-JL-A3YX-01	13	3	4	11	6	0	0	0	9	0	3	0	0	0
TCGA-LD-A66U-01	2	0	0	10	0	0	0	0	23	0	0	0	9	0
TCGA-LD-A74U-01	101	41	73	19	61	0	24	0	0	0	33	0	0	0
TCGA-LD-A7W5-01	7	4	6	10	3	0	6	13	16	0	0	0	0	0
TCGA-LD-A7W6-01	0	0	3	6	4	0	0	17	10	0	6	0	0	0
TCGA-LD-A9QF-01	1	2	0	9	0	0	5	17	0	0	5	0	0	0
TCGA-LL-A440-01	1	0	0	2	0	0	1	0	0	0	0	2	0	0
TCGA-LL-A50Y-01	1	0	0	7	5	6	0	15	0	0	0	0	0	9
TCGA-LL-A5YL-01	16	6	8	12	17	0	18	10	0	0	6	0	0	0
TCGA-LL-A5YM-01	0	3	0	6	6	0	0	7	10	0	8	0	0	0
TCGA-LL-A5YN-01	0	0	0	8	0	6	5	5	0	0	7	12	0	0
TCGA-LL-A5YO-01	3	7	8	0	0	0	0	0	12	15	5	0	0	11
TCGA-LL-A5YP-01	5	3	8	0	4	0	0	6	20	15	10	19	15	0
TCGA-LL-A6FP-01	9	4	0	4	4	0	10	0	15	0	14	15	0	0
TCGA-LL-A6FQ-01	3	0	0	27	3	8	4	0	0	0	9	15	0	0
TCGA-LL-A6FR-01	0	0	0	7	0	8	7	19	0	18	4	0	0	0
TCGA-LL-A73Y-01	27	50	58	0	16	0	20	0	22	0	0	0	0	0
TCGA-LL-A73Z-01	0	0	0	8	4	0	0	9	9	0	0	0	0	18
TCGA-LL-A740-01	4	0	0	13	3	8	0	0	11	0	11	18	0	0
TCGA-LL-A7SZ-01	6	0	0	11	4	9	14	14	17	0	0	0	0	0
TCGA-LL-A7T0-01	6	6	0	18	7	0	10	16	14	0	0	0	0	0
TCGA-LL-A8F5-01	1	7	15	8	14	20	4	20	4	37	6	28	6	30
TCGA-LL-A9Q3-01	7	0	0	17	3	0	8	0	9	0	0	0	0	24
TCGA-OK-A5Q2-01	4	2	0	4	0	0	15	18	0	0	0	0	0	0
TCGA-OL-A5D6-01	4	0	0	4	3	0	7	21	0	0	7	0	0	11
TCGA-OL-A5D7-01	5	5	6	14	3	0	0	0	0	22	5	0	0	20
TCGA-OL-A5D8-01	3	2	0	14	0	6	0	0	0	0	0	14	0	0
TCGA-OL-A5DA-01	21	23	15	10	10	0	25	0	0	0	10	0	0	0
TCGA-OL-A5RU-01	0	0	0	16	0	0	0	0	5	0	14	0	0	11
TCGA-OL-A5RV-01	0	0	0	2	0	0	1	11	3	0	0	0	0	0
TCGA-OL-A5RW-01	26	48	44	0	22	0	11	0	31	46	0	25	0	0
TCGA-OL-A5RX-01	1	2	0	10	0	0	5	0	6	0	0	0	0	11
TCGA-OL-A5RY-01	1	2	0	4	0	0	0	0	6	0	0	0	0	0
TCGA-OL-A5RZ-01	10	9	0	45	0	0	13	0	0	0	15	35	25	0
TCGA-OL-A5S0-01	3	0	3	15	4	0	5	7	7	0	0	0	0	0
TCGA-OL-A66H-01	0	0	0	5	2	0	0	0	7	10	3	0	0	0
TCGA-OL-A66I-01	0	3	0	8	3	0	4	12	0	11	15	0	0	0
TCGA-OL-A66J-01	5	0	5	13	7	10	0	15	0	0	0	13	0	0
TCGA-OL-A66K-01	0	0	0	16	5	0	0	0	12	0	4	0	0	10
TCGA-OL-A66L-01	29	17	8	12	19	0	9	0	0	0	0	0	0	0
TCGA-OL-A66N-01	0	0	0	16	0	0	6	18	10	0	8	0	0	0
TCGA-OL-A66O-01	2	0	0	10	0	0	0	14	0	0	0	12	0	0
TCGA-OL-A66P-01	0	0	0	10	6	0	10	0	14	0	0	0	39	44
TCGA-OL-A6VO-01	1	0	2	14	0	0	0	0	0	0	5	0	6	10
TCGA-OL-A6VQ-01	23	12	7	11	11	0	7	0	11	0	0	0	0	0
TCGA-OL-A6VR-01	1	0	0	3	0	0	1	0	12	0	0	0	0	0
TCGA-OL-A97C-01	0	0	0	10	0	0	0	0	23	0	10	0	0	27
TCGA-PE-A5DC-01	8	4	10	16	10	13	4	8	6	35	7	20	7	6
TCGA-PE-A5DD-01	15	9	9	15	16	0	7	0	0	0	0	14	0	0
TCGA-PE-A5DE-01	204	98	121	0	130	0	94	0	0	0	42	0	0	0
TCGA-PL-A8LV-01	11	7	30	6	7	14	2	11	3	19	9	11	20	5
TCGA-PL-A8LX-01	0	0	0	8	0	0	0	8	22	11	0	0	0	0
TCGA-PL-A8LY-01	0	0	0	0	0	2	0	3	2	0	0	0	0	0
TCGA-PL-A8LZ-01	8	0	0	8	15	0	8	0	13	17	11	37	19	0
TCGA-S3-A6ZF-01	3	4	0	25	0	0	0	0	0	0	0	20	0	0
TCGA-S3-A6ZG-01	0	0	0	8	5	0	16	13	0	0	0	0	0	18
TCGA-S3-A6ZH-01	0	0	0	11	6	0	7	0	10	11	0	0	0	0
TCGA-S3-AA0Z-01	10	7	0	20	0	0	0	0	0	0	0	23	17	0
TCGA-S3-AA10-01	7	10	7	0	6	0	0	13	18	51	12	26	0	0
TCGA-S3-AA11-01	0	0	0	0	5	0	8	0	22	0	13	0	28	20
TCGA-S3-AA12-01	3	3	0	9	4	0	4	11	0	0	0	26	0	0
TCGA-S3-AA14-01	2	3	0	8	1	0	0	6	0	4	0	0	0	0
TCGA-S3-AA15-01	10	10	17	6	11	0	6	0	0	0	0	0	0	0
TCGA-S3-AA17-01	6	8	7	0	0	0	11	17	21	23	0	0	0	48
TCGA-UL-AAZ6-01	8	12	0	0	0	0	7	19	38	0	9	0	22	25
TCGA-UU-A93S-01	5	6	10	22	14	0	0	0	27	30	9	37	36	0
TCGA-V7-A7HQ-01	2	0	5	8	0	0	0	0	0	0	0	16	0	0
TCGA-W8-A86G-01	1	1	0	0	2	0	0	20	11	0	0	0	0	0
TCGA-WT-AB41-01	16	0	0	4	7	0	5	14	11	0	5	0	0	0
TCGA-WT-AB44-01	0	0	0	17	4	0	0	0	12	0	0	0	11	16
TCGA-XX-A899-01	14	8	0	0	8	0	15	8	0	0	7	0	0	0
TCGA-XX-A89A-01	41	59	80	12	20	0	22	0	0	0	31	0	0	0
TCGA-Z7-A8R5-01	0	0	0	20	0	0	0	14	0	0	0	0	0	0
TCGA-Z7-A8R6-01	25	14	9	11	12	0	12	0	17	0	7	0	0	0
