MutationType	DBS78A	DBS78B	DBS78C	DBS78D	DBS78E	DBS78F	DBS78G	DBS78H	DBS78I	DBS78J	DBS78K
AC>CA	5.28E-06	2.19E-06	7.05E-06	4.55E-02	1.33E-05	1.57E-05	1.08E-05	7.33E-06	1.30E-05	9.73E-06	6.27E-06
AC>CG	6.26E-06	5.37E-06	4.56E-06	2.09E-06	1.40E-05	1.42E-05	8.61E-06	4.98E-06	9.63E-06	5.50E-06	4.78E-06
AC>CT	6.26E-06	5.37E-06	4.56E-06	2.09E-06	1.40E-05	1.42E-05	8.61E-06	4.98E-06	9.63E-06	5.50E-06	4.78E-06
AC>GA	6.26E-06	5.37E-06	4.56E-06	2.09E-06	1.40E-05	1.42E-05	8.61E-06	4.98E-06	9.63E-06	5.50E-06	4.78E-06
AC>GG	8.49E-06	1.17E-06	8.25E-06	4.24E-06	1.70E-05	1.97E-05	1.76E-05	1.65E-01	1.57E-05	1.56E-05	1.19E-05
AC>GT	6.26E-06	5.37E-06	4.56E-06	2.09E-06	1.40E-05	1.42E-05	8.61E-06	4.98E-06	9.63E-06	5.50E-06	4.78E-06
AC>TA	6.26E-06	5.37E-06	4.56E-06	2.09E-06	1.40E-05	1.42E-05	8.61E-06	4.98E-06	9.63E-06	5.50E-06	4.78E-06
AC>TG	6.26E-06	5.37E-06	4.56E-06	2.09E-06	1.40E-05	1.42E-05	8.61E-06	4.98E-06	9.63E-06	5.50E-06	4.78E-06
AC>TT	7.57E-06	2.93E-07	1.03E-05	4.68E-06	1.72E-05	2.28E-05	2.07E-05	9.70E-06	2.10E-01	2.27E-05	1.02E-05
AT>CA	6.26E-06	5.37E-06	4.56E-06	2.09E-06	1.40E-05	1.42E-05	8.61E-06	4.98E-06	9.63E-06	5.50E-06	4.78E-06
AT>CC	6.26E-06	5.37E-06	4.56E-06	2.09E-06	1.40E-05	1.42E-05	8.61E-06	4.98E-06	9.63E-06	5.50E-06	4.78E-06
AT>CG	6.26E-06	5.37E-06	4.56E-06	2.09E-06	1.40E-05	1.42E-05	8.61E-06	4.98E-06	9.63E-06	5.50E-06	4.78E-06
AT>GA	6.26E-06	5.37E-06	4.56E-06	2.09E-06	1.40E-05	1.42E-05	8.61E-06	4.98E-06	9.63E-06	5.50E-06	4.78E-06
AT>GC	6.26E-06	5.37E-06	4.56E-06	2.09E-06	1.40E-05	1.42E-05	8.61E-06	4.98E-06	9.63E-06	5.50E-06	4.78E-06
AT>TA	6.26E-06	5.37E-06	4.56E-06	2.09E-06	1.40E-05	1.42E-05	8.61E-06	4.98E-06	9.63E-06	5.50E-06	4.78E-06
CC>AA	1.18E-01	2.66E-06	2.50E-02	2.85E-02	3.99E-02	1.83E-05	1.09E-05	9.46E-06	1.49E-01	1.17E-05	1.66E-01
CC>AG	3.74E-06	3.00E-06	9.82E-06	3.64E-06	1.66E-05	4.60E-06	1.19E-01	9.01E-06	1.00E-05	1.18E-05	7.58E-06
CC>AT	4.39E-02	5.55E-07	2.50E-02	2.79E-06	2.17E-05	1.27E-05	9.43E-06	2.50E-02	1.00E-05	1.02E-05	4.18E-06
CC>GA	6.26E-06	5.37E-06	4.56E-06	2.09E-06	1.40E-05	1.42E-05	8.61E-06	4.98E-06	9.63E-06	5.50E-06	4.78E-06
CC>GG	6.26E-06	5.37E-06	4.56E-06	2.09E-06	1.40E-05	1.42E-05	8.61E-06	4.98E-06	9.63E-06	5.50E-06	4.78E-06
CC>GT	3.60E-06	1.26E-06	9.35E-06	4.24E-06	1.45E-05	1.72E-05	1.13E-05	1.10E-05	2.03E-01	3.98E-02	8.67E-06
CC>TA	6.85E-06	1.83E-02	4.94E-06	6.09E-02	1.48E-05	1.26E-05	1.48E-05	6.56E-06	1.61E-05	9.49E-06	5.38E-06
CC>TG	1.31E-05	1.17E-06	8.10E-06	1.83E-06	7.98E-02	4.99E-02	3.98E-02	8.03E-06	1.21E-05	1.22E-05	4.27E-06
CC>TT	4.95E-06	1.08E-01	4.69E-06	4.88E-06	1.72E-05	1.99E-01	1.92E-05	9.97E-06	1.97E-05	2.11E-05	1.04E-05
CG>AT	6.26E-06	5.37E-06	4.56E-06	2.09E-06	1.40E-05	1.42E-05	8.61E-06	4.98E-06	9.63E-06	5.50E-06	4.78E-06
CG>GC	6.26E-06	5.37E-06	4.56E-06	2.09E-06	1.40E-05	1.42E-05	8.61E-06	4.98E-06	9.63E-06	5.50E-06	4.78E-06
CG>GT	6.26E-06	5.37E-06	4.56E-06	2.09E-06	1.40E-05	1.42E-05	8.61E-06	4.98E-06	9.63E-06	5.50E-06	4.78E-06
CG>TA	6.26E-06	5.37E-06	4.56E-06	2.09E-06	1.40E-05	1.42E-05	8.61E-06	4.98E-06	9.63E-06	5.50E-06	4.78E-06
CG>TC	6.26E-06	5.37E-06	4.56E-06	2.09E-06	1.40E-05	1.42E-05	8.61E-06	4.98E-06	9.63E-06	5.50E-06	4.78E-06
CG>TT	6.26E-06	5.37E-06	4.56E-06	2.09E-06	1.40E-05	1.42E-05	8.61E-06	4.98E-06	9.63E-06	5.50E-06	4.78E-06
CT>AA	3.73E-06	2.76E-06	1.09E-05	7.19E-02	1.76E-05	1.40E-06	2.18E-05	1.20E-05	1.61E-05	7.96E-06	1.05E-01
CT>AC	2.00E-02	1.80E-06	2.50E-02	3.95E-06	2.24E-05	1.96E-05	1.14E-05	7.49E-02	1.32E-05	1.83E-05	3.37E-06
CT>AG	6.26E-06	5.37E-06	4.56E-06	2.09E-06	1.40E-05	1.42E-05	8.61E-06	4.98E-06	9.63E-06	5.50E-06	4.78E-06
CT>GA	6.26E-06	5.37E-06	4.56E-06	2.09E-06	1.40E-05	1.42E-05	8.61E-06	4.98E-06	9.63E-06	5.50E-06	4.78E-06
CT>GC	6.05E-06	2.19E-06	2.89E-06	2.85E-02	6.83E-02	9.40E-06	1.63E-05	7.64E-06	8.41E-06	5.54E-02	8.46E-06
CT>GG	6.26E-06	5.37E-06	4.56E-06	2.09E-06	1.40E-05	1.42E-05	8.61E-06	4.98E-06	9.63E-06	5.50E-06	4.78E-06
CT>TA	6.26E-06	5.37E-06	4.56E-06	2.09E-06	1.40E-05	1.42E-05	8.61E-06	4.98E-06	9.63E-06	5.50E-06	4.78E-06
CT>TC	6.26E-06	5.37E-06	4.56E-06	2.09E-06	1.40E-05	1.42E-05	8.61E-06	4.98E-06	9.63E-06	5.50E-06	4.78E-06
CT>TG	6.26E-06	5.37E-06	4.56E-06	2.09E-06	1.40E-05	1.42E-05	8.61E-06	4.98E-06	9.63E-06	5.50E-06	4.78E-06
GC>AA	6.65E-02	3.92E-02	7.98E-02	2.62E-06	1.56E-05	1.50E-05	1.88E-05	1.12E-05	1.38E-05	9.95E-06	3.33E-02
GC>AG	6.26E-06	5.37E-06	4.56E-06	2.09E-06	1.40E-05	1.42E-05	8.61E-06	4.98E-06	9.63E-06	5.50E-06	4.78E-06
GC>AT	6.26E-06	5.37E-06	4.56E-06	2.09E-06	1.40E-05	1.42E-05	8.61E-06	4.98E-06	9.63E-06	5.50E-06	4.78E-06
GC>CA	6.26E-06	5.37E-06	4.56E-06	2.09E-06	1.40E-05	1.42E-05	8.61E-06	4.98E-06	9.63E-06	5.50E-06	4.78E-06
GC>CG	6.26E-06	5.37E-06	4.56E-06	2.09E-06	1.40E-05	1.42E-05	8.61E-06	4.98E-06	9.63E-06	5.50E-06	4.78E-06
GC>TA	6.26E-06	5.37E-06	4.56E-06	2.09E-06	1.40E-05	1.42E-05	8.61E-06	4.98E-06	9.63E-06	5.50E-06	4.78E-06
TA>AT	7.88E-06	2.18E-08	8.90E-06	4.48E-06	1.80E-05	2.08E-05	1.88E-05	1.86E-01	1.93E-05	2.16E-05	1.32E-05
TA>CG	6.26E-06	5.37E-06	4.56E-06	2.09E-06	1.40E-05	1.42E-05	8.61E-06	4.98E-06	9.63E-06	5.50E-06	4.78E-06
TA>CT	6.26E-06	5.37E-06	4.56E-06	2.09E-06	1.40E-05	1.42E-05	8.61E-06	4.98E-06	9.63E-06	5.50E-06	4.78E-06
TA>GC	6.26E-06	5.37E-06	4.56E-06	2.09E-06	1.40E-05	1.42E-05	8.61E-06	4.98E-06	9.63E-06	5.50E-06	4.78E-06
TA>GG	6.26E-06	5.37E-06	4.56E-06	2.09E-06	1.40E-05	1.42E-05	8.61E-06	4.98E-06	9.63E-06	5.50E-06	4.78E-06
TA>GT	5.90E-06	2.20E-06	6.92E-06	8.35E-02	1.40E-05	1.96E-05	2.04E-05	1.15E-05	1.49E-05	1.07E-05	1.02E-05
TC>AA	2.00E-02	1.42E-07	1.07E-05	5.00E-06	7.98E-02	9.98E-02	2.20E-05	9.62E-06	1.58E-05	2.00E-05	6.43E-06
TC>AG	6.26E-06	5.37E-06	4.56E-06	2.09E-06	1.40E-05	1.42E-05	8.61E-06	4.98E-06	9.63E-06	5.50E-06	4.78E-06
TC>AT	6.72E-02	6.27E-02	1.62E-01	3.43E-06	2.17E-05	1.65E-05	1.94E-05	4.99E-02	1.07E-05	1.38E-05	8.86E-06
TC>CA	6.26E-06	5.37E-06	4.56E-06	2.09E-06	1.40E-05	1.42E-05	8.61E-06	4.98E-06	9.63E-06	5.50E-06	4.78E-06
TC>CG	6.26E-06	5.37E-06	4.56E-06	2.09E-06	1.40E-05	1.42E-05	8.61E-06	4.98E-06	9.63E-06	5.50E-06	4.78E-06
TC>CT	6.26E-06	5.37E-06	4.56E-06	2.09E-06	1.40E-05	1.42E-05	8.61E-06	4.98E-06	9.63E-06	5.50E-06	4.78E-06
TC>GA	6.26E-06	5.37E-06	4.56E-06	2.09E-06	1.40E-05	1.42E-05	8.61E-06	4.98E-06	9.63E-06	5.50E-06	4.78E-06
TC>GG	6.26E-06	5.37E-06	4.56E-06	2.09E-06	1.40E-05	1.42E-05	8.61E-06	4.98E-06	9.63E-06	5.50E-06	4.78E-06
TC>GT	2.21E-06	2.91E-06	4.98E-06	3.86E-06	2.07E-01	9.44E-06	2.15E-05	1.01E-05	1.02E-05	9.30E-06	6.64E-02
TG>AA	6.26E-06	5.37E-06	4.56E-06	2.09E-06	1.40E-05	1.42E-05	8.61E-06	4.98E-06	9.63E-06	5.50E-06	4.78E-06
TG>AC	6.26E-06	5.37E-06	4.56E-06	2.09E-06	1.40E-05	1.42E-05	8.61E-06	4.98E-06	9.63E-06	5.50E-06	4.78E-06
TG>AT	2.00E-02	3.00E-06	7.99E-06	2.07E-06	3.99E-02	4.99E-02	7.97E-02	8.13E-06	1.64E-05	1.14E-05	8.86E-06
TG>CA	6.26E-06	5.37E-06	4.56E-06	2.09E-06	1.40E-05	1.42E-05	8.61E-06	4.98E-06	9.63E-06	5.50E-06	4.78E-06
TG>CC	6.32E-06	3.27E-06	1.00E-07	3.12E-06	1.68E-05	5.45E-07	2.12E-05	8.20E-06	8.76E-06	1.35E-01	1.16E-05
TG>CT	6.05E-06	2.19E-06	2.89E-06	2.85E-02	6.83E-02	9.40E-06	1.63E-05	7.64E-06	8.41E-06	5.54E-02	8.46E-06
TG>GA	2.18E-06	1.86E-12	9.71E-06	5.70E-06	1.83E-05	1.53E-05	9.40E-06	7.73E-06	1.24E-05	1.51E-05	1.94E-01
TG>GC	8.36E-06	5.43E-06	1.88E-01	5.26E-06	1.97E-05	1.35E-05	2.03E-05	6.64E-06	1.24E-05	1.17E-05	1.03E-05
TG>GT	6.26E-06	5.37E-06	4.56E-06	2.09E-06	1.40E-05	1.42E-05	8.61E-06	4.98E-06	9.63E-06	5.50E-06	4.78E-06
TT>AA	5.78E-06	2.98E-02	4.81E-06	2.41E-06	1.61E-05	1.53E-05	8.56E-06	6.56E-06	1.29E-05	7.78E-06	3.18E-06
TT>AC	6.26E-06	5.37E-06	4.56E-06	2.09E-06	1.40E-05	1.42E-05	8.61E-06	4.98E-06	9.63E-06	5.50E-06	4.78E-06
TT>AG	6.26E-06	5.37E-06	4.56E-06	2.09E-06	1.40E-05	1.42E-05	8.61E-06	4.98E-06	9.63E-06	5.50E-06	4.78E-06
TT>CA	6.26E-06	5.37E-06	4.56E-06	2.09E-06	1.40E-05	1.42E-05	8.61E-06	4.98E-06	9.63E-06	5.50E-06	4.78E-06
TT>CC	6.26E-06	5.37E-06	4.56E-06	2.09E-06	1.40E-05	1.42E-05	8.61E-06	4.98E-06	9.63E-06	5.50E-06	4.78E-06
TT>CG	6.26E-06	5.37E-06	4.56E-06	2.09E-06	1.40E-05	1.42E-05	8.61E-06	4.98E-06	9.63E-06	5.50E-06	4.78E-06
TT>GA	6.26E-06	5.37E-06	4.56E-06	2.09E-06	1.40E-05	1.42E-05	8.61E-06	4.98E-06	9.63E-06	5.50E-06	4.78E-06
TT>GC	6.26E-06	5.37E-06	4.56E-06	2.09E-06	1.40E-05	1.42E-05	8.61E-06	4.98E-06	9.63E-06	5.50E-06	4.78E-06
TT>GG	6.26E-06	5.37E-06	4.56E-06	2.09E-06	1.40E-05	1.42E-05	8.61E-06	4.98E-06	9.63E-06	5.50E-06	4.78E-06
