MutationType	SBS96A	SBS96B	SBS96C	SBS96D	SBS96E	SBS96F	SBS96G	SBS96H	SBS96I
A[C>A]A	0.00157703	0.02765632	0.00988879	0.02542790	0.01832898	0.00653303	0.02008841	0.02680088	0.01486615
A[C>A]C	0.00013297	0.03096539	0.00757629	0.01485090	0.01863870	0.00976452	0.01441128	0.01158675	0.02386503
A[C>A]G	0.00032091	0.00157320	0.00424214	0.00142390	0.00541736	0.00032869	0.00221298	0.00252293	0.00270379
A[C>A]T	0.00029768	0.02890782	0.01109741	0.01298096	0.02473330	0.01111723	0.00724155	0.01167506	0.01388805
A[C>G]A	0.00225561	0.01032048	0.02826320	0.00296066	0.01751340	0.01414849	0.00511237	0.00847527	0.01152147
A[C>G]C	0.00067323	0.00762632	0.00856249	0.00367962	0.01277628	0.00720924	0.00674507	0.00973992	0.00656974
A[C>G]G	0.00014036	0.00086086	0.00734416	0.00311273	0.01095676	0.00227816	0.00122464	0.00015227	0.00114445
A[C>G]T	0.00167872	0.01372211	0.01843684	0.00389850	0.01486489	0.02007031	0.00370187	0.01112788	0.01249449
A[C>T]A	0.00351547	0.02533551	0.00337079	0.02271694	0.02198771	0.01294699	0.02194932	0.01602841	0.02471808
A[C>T]C	0.00133511	0.01187944	0.00948681	0.00451906	0.00404842	0.01245747	0.01716999	0.00914390	0.00542858
A[C>T]G	0.00089685	0.00447098	0.01704831	0.03339189	0.01364320	0.01703145	0.09025188	0.03948597	0.02503848
A[C>T]T	0.00154026	0.02060178	0.00620348	0.01544072	0.02519354	0.02000315	0.00713182	0.01071781	0.00784719
A[T>A]A	0.00101595	0.00890501	0.00913626	0.00731083	0.00161814	0.00184297	0.00735006	0.01178822	0.02747001
A[T>A]C	0.00079264	0.00804310	0.00909306	0.00374697	0.00474046	0.00370295	0.01211089	0.01291962	0.00953177
A[T>A]G	0.00057482	0.01229787	0.00840159	0.00583137	0.01024914	0.00085529	0.00895514	0.01184738	0.01270367
A[T>A]T	0.00027349	0.01072485	0.01734354	0.01370884	0.01219577	0.00390546	0.01467940	0.01339236	0.03701037
A[T>C]A	0.00039542	0.02222841	0.01402910	0.01626993	0.01335687	0.01318130	0.01992294	0.01658901	0.02967600
A[T>C]C	0.00016084	0.00603991	0.00973668	0.00426231	0.01650599	0.00415697	0.00961209	0.00834580	0.00843369
A[T>C]G	0.00080700	0.01135739	0.01539497	0.00582023	0.01082384	0.00983811	0.01378921	0.01982833	0.01161086
A[T>C]T	0.00046476	0.01289740	0.02172782	0.01214830	0.01924715	0.00952267	0.02121260	0.02812965	0.01381675
A[T>G]A	0.00020826	0.00120067	0.01296973	0.00677031	0.00498374	0.00200655	0.00464534	0.00392213	0.01050629
A[T>G]C	0.00028032	0.00151272	0.00587773	0.00114784	0.00172000	0.00033022	0.00248432	0.00328251	0.00865816
A[T>G]G	0.00014806	0.00554867	0.01107875	0.00140952	0.01193336	0.00640992	0.00053057	0.00448403	0.00407629
A[T>G]T	0.00013456	0.00294511	0.01314432	0.00430949	0.00179116	0.00668457	0.00625619	0.00418860	0.01045153
C[C>A]A	0.00120081	0.02707235	0.01313504	0.01124752	0.02063091	0.01526451	0.01070454	0.01843461	0.02224860
C[C>A]C	0.00086636	0.02216611	0.00818677	0.00910036	0.01783439	0.00790774	0.00296672	0.01625631	0.01282407
C[C>A]G	0.00023523	0.00092987	0.00368176	0.00127891	0.00446380	0.00000000	0.00261229	0.00235492	0.00442038
C[C>A]T	0.00059948	0.01733866	0.00632730	0.01806359	0.02558166	0.00828071	0.00702832	0.01417817	0.00712889
C[C>G]A	0.00267833	0.01367227	0.01319881	0.00208979	0.01222187	0.01391525	0.00039045	0.00607773	0.00493049
C[C>G]C	0.00084138	0.01236460	0.00583586	0.00464900	0.00832300	0.00710398	0.00218401	0.00646042	0.00461739
C[C>G]G	0.00047541	0.00206466	0.00476155	0.00101677	0.00599456	0.00181788	0.00221955	0.00256556	0.00090073
C[C>G]T	0.00284649	0.01942315	0.01417181	0.00477129	0.01082917	0.02341315	0.00253534	0.00841872	0.00666815
C[C>T]A	0.00913760	0.01933463	0.00680653	0.01640779	0.01011929	0.00813324	0.02484714	0.01446973	0.01442321
C[C>T]C	0.00240111	0.01375838	0.00175977	0.01358872	0.00299505	0.00769830	0.01903336	0.01594520	0.01407699
C[C>T]G	0.00371268	0.00274443	0.00731875	0.01587581	0.00727999	0.01209090	0.05075658	0.02577001	0.01147868
C[C>T]T	0.00454673	0.02322348	0.00866685	0.01839716	0.01848364	0.01857018	0.01862141	0.01779756	0.01388471
C[T>A]A	0.00045698	0.00663020	0.01039750	0.00332369	0.01008266	0.00229871	0.00151483	0.00921360	0.01141713
C[T>A]C	0.00046579	0.01304238	0.01035521	0.00624533	0.01274266	0.00219036	0.00206904	0.00965727	0.00981561
C[T>A]G	0.00025890	0.01118151	0.01138833	0.00643605	0.01089686	0.00405301	0.00006746	0.01056065	0.00845760
C[T>A]T	0.00004223	0.01411555	0.01567273	0.01117456	0.02559240	0.00494628	0.00219524	0.00845692	0.00552639
C[T>C]A	0.00006958	0.00798069	0.01281007	0.00388427	0.00973688	0.01041368	0.00651485	0.00662256	0.01299428
C[T>C]C	0.00065618	0.01093883	0.00976751	0.00645574	0.02542503	0.00280662	0.00643213	0.00582294	0.00984040
C[T>C]G	0.00102037	0.00644624	0.01418848	0.00358753	0.00540533	0.01000134	0.00953256	0.00812917	0.01092280
C[T>C]T	0.00040255	0.01531222	0.00732452	0.01050737	0.00884659	0.01312833	0.00649509	0.01166245	0.00449125
C[T>G]A	0.00000000	0.00225271	0.00572812	0.00352522	0.00597633	0.00426486	0.00177172	0.00180448	0.00358738
C[T>G]C	0.00022388	0.00365153	0.00680235	0.00416985	0.00380075	0.00266006	0.00226536	0.00374718	0.00290150
C[T>G]G	0.00005722	0.00654766	0.01186226	0.00443052	0.00724118	0.01266895	0.00160045	0.00576897	0.00156638
C[T>G]T	0.00017050	0.00715550	0.01411995	0.00682169	0.00487888	0.00416742	0.00868606	0.01214931	0.00567184
G[C>A]A	0.00102789	0.01183173	0.00831360	0.01182488	0.02769672	0.00322924	0.02191264	0.01365177	0.00738601
G[C>A]C	0.00034342	0.01891037	0.00227519	0.01074279	0.00672235	0.00485552	0.00560967	0.01207932	0.01205490
G[C>A]G	0.00018187	0.00169609	0.00044396	0.00068194	0.00199210	0.00126906	0.00473727	0.00317591	0.00202427
G[C>A]T	0.00033779	0.01072551	0.00660189	0.00899435	0.01575272	0.00625471	0.01111209	0.01328694	0.00466309
G[C>G]A	0.00076955	0.00930315	0.00751778	0.00329099	0.00568397	0.00610466	0.00323275	0.00505843	0.00660635
G[C>G]C	0.00056613	0.00848808	0.00517087	0.00296002	0.00663622	0.00153856	0.00285995	0.00774916	0.00825086
G[C>G]G	0.00020282	0.00093142	0.00352462	0.00000008	0.00349007	0.00122986	0.00132740	0.00079468	0.00139387
G[C>G]T	0.00118421	0.00936074	0.01484097	0.00259558	0.01079076	0.01116022	0.00228456	0.00882130	0.00845689
G[C>T]A	0.00450349	0.01945662	0.00814208	0.01835517	0.00356779	0.00755843	0.01961286	0.01122536	0.01103364
G[C>T]C	0.00180043	0.01767629	0.00226852	0.01228806	0.00352202	0.01208499	0.01898438	0.00983389	0.00539214
G[C>T]G	0.00251121	0.00066396	0.01854842	0.02078920	0.01093366	0.00759207	0.05357520	0.02339393	0.02143690
G[C>T]T	0.00283705	0.01417459	0.00911527	0.01174168	0.01072020	0.00857964	0.01642950	0.01236484	0.01775688
G[T>A]A	0.00041395	0.00483137	0.00618198	0.00135542	0.01160324	0.00057758	0.00151547	0.00609607	0.00540672
G[T>A]C	0.00019935	0.00692204	0.00660951	0.00328871	0.00208422	0.00206306	0.00316060	0.00718319	0.00476203
G[T>A]G	0.00039738	0.00713828	0.00623077	0.00263226	0.00832095	0.00537235	0.00210998	0.00546599	0.00500140
G[T>A]T	0.00025531	0.01111060	0.00856220	0.00368658	0.01398687	0.00458978	0.00416249	0.00626244	0.00350661
G[T>C]A	0.00034442	0.00465408	0.01261855	0.00450431	0.00912708	0.00522237	0.00834402	0.00954314	0.01546135
G[T>C]C	0.00025334	0.00475532	0.00777606	0.00567903	0.00737252	0.00213590	0.00511723	0.00572127	0.00852309
G[T>C]G	0.00063843	0.00307133	0.00996978	0.00106941	0.00903871	0.00237850	0.00849419	0.00881240	0.00715922
G[T>C]T	0.00027287	0.00704575	0.01159117	0.00944354	0.00502854	0.00226782	0.01182180	0.01291811	0.01794836
G[T>G]A	0.00018112	0.00613200	0.00595692	0.00023264	0.00277280	0.00231841	0.00014257	0.00287442	0.00430649
G[T>G]C	0.00020153	0.00363785	0.00303393	0.00010993	0.00319281	0.00200357	0.00239482	0.00292278	0.00194293
G[T>G]G	0.00110027	0.00682772	0.01362775	0.00403259	0.00848427	0.00292687	0.00158097	0.00603638	0.00626978
G[T>G]T	0.00033603	0.00497473	0.01041923	0.00493034	0.00619385	0.00411425	0.00329489	0.00436877	0.00421637
T[C>A]A	0.02713282	0.02231732	0.00432335	0.03059016	0.01098250	0.02418032	0.02029042	0.02239791	0.01919167
T[C>A]C	0.00979784	0.01727354	0.01360498	0.01467984	0.01145199	0.02460854	0.01686652	0.01434656	0.01072593
T[C>A]G	0.00152147	0.00031454	0.00147185	0.00577693	0.00184270	0.00093935	0.00377713	0.00214004	0.00271821
T[C>A]T	0.01372431	0.02179776	0.00816065	0.02827447	0.02010239	0.03556025	0.02768349	0.02796293	0.01813804
T[C>G]A	0.15513089	0.00849130	0.04135660	0.00183648	0.00363332	0.07849205	0.00226207	0.01336002	0.00314977
T[C>G]C	0.03038687	0.01307547	0.02510607	0.00142686	0.01285595	0.04365703	0.00904998	0.01129048	0.00354867
T[C>G]G	0.00475973	0.00069722	0.00364445	0.00000000	0.00373436	0.00352387	0.00107811	0.00391151	0.00121986
T[C>G]T	0.19186185	0.02267512	0.06114532	0.00779706	0.00856129	0.14018780	0.00525379	0.02229705	0.00929291
T[C>T]A	0.27354206	0.00406769	0.00411180	0.10703739	0.01136348	0.01797033	0.00857036	0.00454508	0.01943974
T[C>T]C	0.05110779	0.01608897	0.00083581	0.04880633	0.00596675	0.03237885	0.02336998	0.01048437	0.01640271
T[C>T]G	0.02687423	0.00172129	0.00730692	0.01758860	0.00605489	0.00379830	0.04630972	0.01631064	0.01570900
T[C>T]T	0.13718103	0.01322127	0.00303928	0.07409346	0.02513399	0.03047722	0.01521141	0.00825257	0.01128633
T[T>A]A	0.00017907	0.01032551	0.01591213	0.02056537	0.00256912	0.00418821	0.01724432	0.01474560	0.02671240
T[T>A]C	0.00012670	0.01277567	0.00443343	0.00374335	0.00742531	0.00250880	0.00353613	0.00791138	0.00880430
T[T>A]G	0.00007042	0.00733107	0.00525712	0.00483517	0.00844643	0.00561291	0.00389123	0.00227062	0.00412994
T[T>A]T	0.00019918	0.01544822	0.01600876	0.01255851	0.02798182	0.00989680	0.00647452	0.00923667	0.01670657
T[T>C]A	0.00019464	0.00960413	0.01107672	0.01165325	0.00445601	0.00311434	0.00922425	0.01252064	0.01529525
T[T>C]C	0.00057870	0.00329059	0.01426966	0.00676276	0.01281527	0.00676352	0.00709508	0.00832786	0.01888832
T[T>C]G	0.00030903	0.00457977	0.00399255	0.00730135	0.00709295	0.00341453	0.00534839	0.00721400	0.00607100
T[T>C]T	0.00029797	0.01043846	0.00885599	0.01565692	0.01134589	0.00768753	0.01395700	0.01140769	0.01008684
T[T>G]A	0.00015611	0.00537507	0.01039084	0.00414933	0.00340890	0.00441617	0.00363381	0.00569402	0.00822787
T[T>G]C	0.00011961	0.00246850	0.00605782	0.00373489	0.00585984	0.00351422	0.00490780	0.00460636	0.00455280
T[T>G]G	0.00019448	0.00674956	0.01525265	0.00328926	0.00857413	0.00504824	0.00466587	0.00593791	0.00847976
T[T>G]T	0.00070721	0.00858337	0.02132218	0.00842456	0.01097509	0.00651223	0.01464686	0.01468844	0.01143638
