MutationType	DBS78A	DBS78B	DBS78C
AC>CA	0.020862325031339425	0.024961197840639215	0.014288845351620694
AC>CG	3.945525422750506e-05	3.3846958103822544e-05	5.5192509898915886e-05
AC>CT	3.945525422750506e-05	3.3846958103822544e-05	5.5192509898915886e-05
AC>GA	3.945525422750506e-05	3.3846958103822544e-05	5.5192509898915886e-05
AC>GG	2.1266087873073048e-05	0.010518273569960001	0.060745673399287624
AC>GT	3.945525422750506e-05	3.3846958103822544e-05	5.5192509898915886e-05
AC>TA	3.945525422750506e-05	3.3846958103822544e-05	5.5192509898915886e-05
AC>TG	3.945525422750506e-05	3.3846958103822544e-05	5.5192509898915886e-05
AC>TT	0.027241615996899782	2.7286855765851214e-05	4.985022424079944e-05
AT>CA	3.945525422750506e-05	3.3846958103822544e-05	5.5192509898915886e-05
AT>CC	3.945525422750506e-05	3.3846958103822544e-05	5.5192509898915886e-05
AT>CG	3.945525422750506e-05	3.3846958103822544e-05	5.5192509898915886e-05
AT>GA	3.945525422750506e-05	3.3846958103822544e-05	5.5192509898915886e-05
AT>GC	3.945525422750506e-05	3.3846958103822544e-05	5.5192509898915886e-05
AT>TA	3.945525422750506e-05	3.3846958103822544e-05	5.5192509898915886e-05
CC>AA	0.3180058360099792	1.373144253751235e-05	0.044409372660811644
CC>AG	0.02217461468774786	4.978812626177387e-06	0.15918091266976261
CC>AT	0.03831992893246934	0.01176370267457969	0.014158345622126945
CC>GA	3.945525422750506e-05	3.3846958103822544e-05	5.5192509898915886e-05
CC>GG	3.945525422750506e-05	3.3846958103822544e-05	5.5192509898915886e-05
CC>GT	0.04330158065422438	0.010514371825229319	0.03317114287347067
CC>TA	0.029902303502785797	0.06838851400032837	0.08907703977638448
CC>TG	0.06981353632072569	1.745276022120379e-05	3.629614542645723e-05
CC>TT	2.8764873832153903e-06	0.3528302043676376	2.436855836904783e-05
CG>AT	3.945525422750506e-05	3.3846958103822544e-05	5.5192509898915886e-05
CG>GC	3.945525422750506e-05	3.3846958103822544e-05	5.5192509898915886e-05
CG>GT	3.945525422750506e-05	3.3846958103822544e-05	5.5192509898915886e-05
CG>TA	3.945525422750506e-05	3.3846958103822544e-05	5.5192509898915886e-05
CG>TC	3.945525422750506e-05	3.3846958103822544e-05	5.5192509898915886e-05
CG>TT	3.945525422750506e-05	3.3846958103822544e-05	5.5192509898915886e-05
CT>AA	0.054038104234348336	1.834973895853409e-05	0.10332056186173944
CT>AC	0.058472506690304724	0.01176029711496085	0.014155240464242524
CT>AG	3.945525422750506e-05	3.3846958103822544e-05	5.5192509898915886e-05
CT>GA	3.945525422750506e-05	3.3846958103822544e-05	5.5192509898915886e-05
CT>GC	0.011110013391953544	0.04493367213617603	0.03317576652370917
CT>GG	3.945525422750506e-05	3.3846958103822544e-05	5.5192509898915886e-05
CT>TA	3.945525422750506e-05	3.3846958103822544e-05	5.5192509898915886e-05
CT>TC	3.945525422750506e-05	3.3846958103822544e-05	5.5192509898915886e-05
CT>TG	3.945525422750506e-05	3.3846958103822544e-05	5.5192509898915886e-05
GC>AA	0.01342045406199759	0.03047453382631602	0.036238791443611265
GC>AG	3.945525422750506e-05	3.3846958103822544e-05	5.5192509898915886e-05
GC>AT	3.945525422750506e-05	3.3846958103822544e-05	5.5192509898915886e-05
GC>CA	3.945525422750506e-05	3.3846958103822544e-05	5.5192509898915886e-05
GC>CG	3.945525422750506e-05	3.3846958103822544e-05	5.5192509898915886e-05
GC>TA	3.945525422750506e-05	3.3846958103822544e-05	5.5192509898915886e-05
TA>AT	2.8137696790508927e-05	0.03398715406974588	0.03225830557239533
TA>CG	3.945525422750506e-05	3.3846958103822544e-05	5.5192509898915886e-05
TA>CT	3.945525422750506e-05	3.3846958103822544e-05	5.5192509898915886e-05
TA>GC	3.945525422750506e-05	3.3846958103822544e-05	5.5192509898915886e-05
TA>GG	3.945525422750506e-05	3.3846958103822544e-05	5.5192509898915886e-05
TA>GT	0.023506904321038746	3.059231557926978e-05	4.906376198050566e-05
TC>AA	0.020185900173652273	2.117514031851897e-05	0.028535548156287404
TC>AG	3.945525422750506e-05	3.3846958103822544e-05	5.5192509898915886e-05
TC>AT	0.054423952185565394	0.3333779454231262	0.07057464715799142
TC>CA	3.945525422750506e-05	3.3846958103822544e-05	5.5192509898915886e-05
TC>CG	3.945525422750506e-05	3.3846958103822544e-05	5.5192509898915886e-05
TC>CT	3.945525422750506e-05	3.3846958103822544e-05	5.5192509898915886e-05
TC>GA	3.945525422750506e-05	3.3846958103822544e-05	5.5192509898915886e-05
TC>GG	3.945525422750506e-05	3.3846958103822544e-05	5.5192509898915886e-05
TC>GT	0.011759153386992693	1.2581022747326643e-05	0.08647611330379731
TG>AA	3.945525422750506e-05	3.3846958103822544e-05	5.5192509898915886e-05
TG>AC	3.945525422750506e-05	3.3846958103822544e-05	5.5192509898915886e-05
TG>AT	0.04798614902611007	1.9683750542753843e-05	0.014285243273116066
TG>CA	3.945525422750506e-05	3.3846958103822544e-05	5.5192509898915886e-05
TG>CC	0.06308403773091413	0.04447573979769004	0.03621652995278317
TG>CT	0.011112422766564123	1.856959245287726e-05	0.06936516641653726
TG>GA	0.03690324910530762	0.019974647249364354	0.024978689705312716
TG>GC	0.02219250096968608	2.760196693998296e-05	0.03224789748201147
TG>GT	3.945525422750506e-05	3.3846958103822544e-05	5.5192509898915886e-05
TT>AA	3.945525422750506e-05	3.3846958103822544e-05	5.5192509898915886e-05
TT>AC	3.945525422750506e-05	3.3846958103822544e-05	5.5192509898915886e-05
TT>AG	3.945525422750506e-05	3.3846958103822544e-05	5.5192509898915886e-05
TT>CA	3.945525422750506e-05	3.3846958103822544e-05	5.5192509898915886e-05
TT>CC	3.945525422750506e-05	3.3846958103822544e-05	5.5192509898915886e-05
TT>CG	3.945525422750506e-05	3.3846958103822544e-05	5.5192509898915886e-05
TT>GA	3.945525422750506e-05	3.3846958103822544e-05	5.5192509898915886e-05
TT>GC	3.945525422750506e-05	3.3846958103822544e-05	5.5192509898915886e-05
TT>GG	3.945525422750506e-05	3.3846958103822544e-05	5.5192509898915886e-05
