Samples	SBS96A	SBS96B	SBS96C	SBS96D	SBS96E	SBS96F	SBS96G	SBS96H	SBS96I	SBS96J	SBS96K	SBS96L	SBS96M	SBS96N
TCGA-3C-AAAU-01	1	2	0	13	8	5	1	0	4	2	0	2	0	8
TCGA-3C-AALI-01	183	214	152	16	92	8	100	10	0	14	19	0	0	0
TCGA-3C-AALJ-01	1	3	11	6	0	0	5	6	7	0	7	14	0	6
TCGA-3C-AALK-01	5	5	1	8	3	2	2	8	9	3	4	0	8	6
TCGA-4H-AAAK-01	0	0	0	4	0	1	8	2	9	0	0	2	0	7
TCGA-5L-AAT0-01	57	39	31	4	56	0	31	2	7	0	52	0	0	0
TCGA-5L-AAT1-01	538	414	365	8	334	0	176	0	0	0	151	0	0	0
TCGA-5T-A9QA-01	1	0	0	17	3	3	0	8	5	2	8	6	0	0
TCGA-A1-A0SB-01	0	0	0	0	1	3	1	9	2	0	0	0	0	0
TCGA-A1-A0SD-01	1	0	2	6	1	1	3	14	0	0	0	3	0	9
TCGA-A1-A0SE-01	3	0	1	1	5	2	5	0	6	0	6	1	1	5
TCGA-A1-A0SF-01	21	4	2	6	15	0	2	0	4	0	10	0	0	0
TCGA-A1-A0SG-01	0	1	0	4	4	1	9	6	2	0	0	0	0	8
TCGA-A1-A0SH-01	28	18	19	9	13	5	0	0	3	5	24	0	14	0
TCGA-A1-A0SI-01	60	72	67	4	39	3	18	2	0	0	13	0	0	0
TCGA-A1-A0SJ-01	4	5	0	12	3	0	0	0	7	6	1	0	0	2
TCGA-A1-A0SK-01	1	0	5	6	1	1	5	29	0	22	3	2	9	0
TCGA-A1-A0SM-01	0	0	0	6	0	3	7	0	0	0	1	0	4	11
TCGA-A1-A0SN-01	5	14	3	10	4	0	11	0	4	6	4	8	0	7
TCGA-A1-A0SO-01	9	12	8	2	16	14	8	35	23	64	3	68	91	0
TCGA-A1-A0SP-01	1	0	1	11	0	2	0	0	16	11	18	6	0	4
TCGA-A2-A04N-01	4	1	0	7	1	2	10	5	0	0	2	16	0	5
TCGA-A2-A04R-01	1	6	2	5	7	5	4	8	6	13	0	19	26	0
TCGA-A2-A04U-01	0	0	6	5	1	6	7	19	0	17	4	0	0	2
TCGA-A2-A04W-01	29	27	48	10	21	10	24	0	3	2	13	0	0	0
TCGA-A2-A0CK-01	3	0	0	10	3	1	0	7	0	0	1	0	0	2
TCGA-A2-A0CL-01	46	39	45	17	24	1	17	10	0	0	1	0	0	0
TCGA-A2-A0CR-01	65	48	33	2	24	3	9	5	0	0	21	0	0	0
TCGA-A2-A0CS-01	1	0	0	12	0	0	2	4	8	3	0	0	2	16
TCGA-A2-A0CV-01	0	2	0	7	0	1	5	0	3	0	0	3	2	1
TCGA-A2-A0CW-01	13	11	0	9	3	0	7	14	0	4	9	1	13	0
TCGA-A2-A0D3-01	1	0	0	18	0	0	2	0	0	0	3	3	2	3
TCGA-A2-A0EN-01	1	0	0	2	0	3	4	15	0	0	3	11	0	0
TCGA-A2-A0EP-01	1	3	1	0	1	3	0	2	1	0	2	1	0	1
TCGA-A2-A0ES-01	0	0	0	1	0	0	1	2	4	0	4	2	0	5
TCGA-A2-A0EW-01	0	1	0	4	2	7	1	0	0	3	0	2	0	0
TCGA-A2-A0ST-01	1	1	1	2	3	4	1	10	1	0	0	4	0	0
TCGA-A2-A0SU-01	1	0	2	6	0	1	0	0	7	5	2	11	0	0
TCGA-A2-A0SX-01	3	3	0	6	0	3	0	0	5	0	9	0	8	4
TCGA-A2-A0SY-01	33	44	23	6	19	1	21	9	0	0	21	0	0	0
TCGA-A2-A0T0-01	9	11	6	7	0	29	6	2	18	63	15	6	23	22
TCGA-A2-A0T1-01	0	0	0	2	2	5	5	9	4	0	1	1	0	3
TCGA-A2-A0T3-01	1	0	2	11	0	0	3	0	2	0	2	3	20	0
TCGA-A2-A0T4-01	3	6	0	8	0	2	0	0	5	9	0	0	0	8
TCGA-A2-A0T5-01	1	0	0	5	0	0	1	3	0	2	0	1	0	0
TCGA-A2-A0T6-01	3	0	0	9	0	0	3	7	2	2	2	0	0	0
TCGA-A2-A0T7-01	2	0	0	8	1	3	4	3	0	4	0	4	0	0
TCGA-A2-A0YC-01	4	1	0	8	0	1	1	0	1	8	2	5	1	0
TCGA-A2-A0YD-01	18	11	12	4	3	0	21	11	0	0	7	0	0	0
TCGA-A2-A0YE-01	5	0	1	14	3	1	2	0	1	0	4	2	10	0
TCGA-A2-A0YF-01	1	0	0	7	1	0	1	0	1	0	4	0	15	9
TCGA-A2-A0YG-01	5	1	0	11	6	6	5	8	3	4	8	12	0	9
TCGA-A2-A0YH-01	12	19	11	2	8	0	6	20	8	4	6	4	0	0
TCGA-A2-A0YI-01	0	1	0	1	0	0	2	3	0	0	5	0	0	6
TCGA-A2-A0YJ-01	1	6	0	17	2	7	6	10	8	24	0	7	6	4
TCGA-A2-A0YK-01	128	139	93	0	63	0	27	6	0	0	22	0	0	0
TCGA-A2-A0YL-01	10	8	1	2	1	1	0	5	1	0	11	3	0	0
TCGA-A2-A0YM-01	10	9	16	22	15	9	9	4	0	12	0	3	0	0
TCGA-A2-A0YT-01	10	2	0	15	5	4	16	0	5	17	7	0	0	0
TCGA-A2-A1FV-01	6	0	0	7	0	5	2	14	1	6	8	0	0	1
TCGA-A2-A1FW-01	1	3	4	12	0	5	7	19	11	0	19	0	14	0
TCGA-A2-A1FX-01	0	0	0	6	1	1	3	0	0	0	4	4	9	0
TCGA-A2-A1FZ-01	0	0	2	5	3	5	0	5	1	0	0	0	0	8
TCGA-A2-A1G0-01	2	0	0	0	0	0	3	6	0	0	1	11	0	0
TCGA-A2-A1G1-01	3	0	0	1	1	1	1	10	4	7	2	4	5	0
TCGA-A2-A1G6-01	0	1	0	1	0	0	0	2	3	3	0	0	0	0
TCGA-A2-A259-01	1	0	2	2	5	0	3	4	2	2	4	4	0	0
TCGA-A2-A25A-01	30	27	3	7	21	2	0	9	2	6	15	0	7	0
TCGA-A2-A25B-01	2	1	6	9	8	0	7	0	12	18	10	4	17	34
TCGA-A2-A25C-01	1	1	0	0	1	9	0	2	1	0	6	0	18	0
TCGA-A2-A25D-01	4	3	2	4	3	3	3	6	12	0	4	20	0	0
TCGA-A2-A25E-01	4	0	4	1	3	3	3	5	13	18	0	0	2	5
TCGA-A2-A25F-01	0	0	0	0	0	0	0	0	0	2	0	2	2	0
TCGA-A2-A3KD-01	1	0	0	4	1	2	0	6	0	0	2	2	0	0
TCGA-A2-A3XT-01	5	15	17	0	1	9	0	13	6	22	1	14	7	12
TCGA-A2-A3XU-01	1	0	0	9	0	6	1	4	0	3	0	7	0	0
TCGA-A2-A3XV-01	0	0	0	6	0	6	5	1	11	0	4	15	0	0
TCGA-A2-A3XW-01	1	0	0	3	0	2	3	0	0	3	1	0	0	4
TCGA-A2-A3XX-01	2	0	2	6	1	2	6	7	8	18	0	0	0	0
TCGA-A2-A3XZ-01	6	9	6	6	2	2	8	5	1	2	5	0	0	0
TCGA-A2-A3Y0-01	10	33	10	16	2	30	5	4	10	64	7	36	5	11
TCGA-A2-A4S1-01	4	3	0	18	1	10	0	0	5	12	1	6	38	0
TCGA-A2-A4S2-01	6	0	0	5	0	3	0	6	4	0	1	5	2	11
TCGA-A2-A4S3-01	5	2	11	10	6	8	3	17	13	7	2	10	13	0
TCGA-A7-A0CE-01	3	1	2	4	3	7	0	3	5	16	10	2	2	3
TCGA-A7-A0CH-01	0	0	0	2	2	1	1	0	0	0	2	9	0	0
TCGA-A7-A0D9-01	1	1	0	1	1	1	0	2	0	0	5	0	0	0
TCGA-A7-A0DA-01	7	11	0	10	2	5	8	1	2	66	5	18	18	34
TCGA-A7-A0DB-01	7	9	0	8	6	1	1	6	1	0	0	0	1	13
TCGA-A7-A13D-01	4	6	12	12	4	7	3	10	3	50	10	17	0	2
TCGA-A7-A13E-01	0	3	3	21	3	1	2	25	10	7	5	0	0	0
TCGA-A7-A13F-01	0	1	4	12	4	3	8	1	5	0	0	3	2	2
TCGA-A7-A13G-01	6	2	0	7	1	0	0	0	5	2	0	0	3	6
TCGA-A7-A26E-01	12	3	0	9	5	4	14	13	2	2	3	0	0	0
TCGA-A7-A26F-01	2	0	2	2	3	0	6	22	0	0	0	0	9	0
TCGA-A7-A26G-01	7	3	8	5	0	3	2	0	5	4	6	7	14	4
TCGA-A7-A26H-01	24	31	19	20	18	0	4	16	0	0	12	0	6	0
TCGA-A7-A26I-01	4	1	2	3	1	5	3	4	1	6	7	7	1	1
TCGA-A7-A26J-01	0	0	4	1	7	0	0	14	0	4	1	0	9	2
TCGA-A7-A2KD-01	5	1	2	16	1	0	3	0	2	2	6	9	0	8
TCGA-A7-A3RF-01	2	0	1	1	0	2	0	15	2	0	0	4	2	11
TCGA-A7-A425-01	0	0	0	6	1	1	0	15	0	0	4	0	2	4
TCGA-A7-A4SC-01	1	0	0	10	1	0	5	0	0	0	4	4	7	6
TCGA-A7-A4SD-01	1	0	2	19	0	5	6	9	0	4	0	0	5	11
TCGA-A7-A4SE-01	10	22	8	0	7	7	0	11	19	33	9	8	7	5
TCGA-A7-A56D-01	42	29	20	22	28	0	16	6	20	15	16	0	3	8
TCGA-A7-A5ZV-01	6	19	14	31	7	22	8	0	0	64	9	37	13	38
TCGA-A7-A5ZW-01	4	4	3	1	0	6	4	11	2	0	0	0	1	0
TCGA-A7-A5ZX-01	2	0	0	4	5	3	6	0	1	8	2	0	4	7
TCGA-A7-A6VV-01	1	4	5	11	3	4	0	9	0	0	3	24	0	0
TCGA-A7-A6VW-01	4	3	3	3	0	10	5	14	0	14	5	16	0	15
TCGA-A7-A6VX-01	19	2	18	1	13	7	2	13	14	25	14	12	11	26
TCGA-A7-A6VY-01	4	9	6	5	10	9	6	5	16	49	3	8	6	0
TCGA-A8-A075-01	10	11	0	7	10	3	0	9	0	12	14	24	0	0
TCGA-AC-A23C-01	24	11	15	9	12	13	4	0	14	0	12	7	19	5
TCGA-AC-A23E-01	0	0	0	8	0	0	3	0	0	2	0	1	6	4
TCGA-AC-A23H-01	1773	1712	1548	0	669	0	298	0	0	0	378	0	0	0
TCGA-AC-A2B8-01	28	29	13	5	26	0	7	9	4	3	0	1	3	0
TCGA-AC-A2BK-01	0	1	6	22	0	12	5	0	10	35	3	14	2	0
TCGA-AC-A2BM-01	0	3	0	4	0	0	2	0	8	3	0	3	0	3
TCGA-AC-A2FB-01	2	0	0	2	3	2	0	0	0	0	0	8	0	0
TCGA-AC-A2FF-01	0	3	0	0	4	0	0	3	0	0	1	0	0	0
TCGA-AC-A2FG-01	5	0	4	1	3	2	5	13	3	1	1	0	0	1
TCGA-AC-A2FK-01	0	0	0	0	1	0	0	0	0	0	0	0	0	2
TCGA-AC-A2FO-01	3	4	0	0	10	0	2	6	0	0	0	1	1	0
TCGA-AC-A2QH-01	2	1	0	5	0	0	0	6	8	2	0	0	3	0
TCGA-AC-A3HN-01	1	1	0	6	0	2	1	0	5	2	2	0	0	2
TCGA-AC-A3OD-01	5	0	0	5	3	0	6	1	8	0	0	7	3	1
TCGA-AC-A3QP-01	0	0	2	1	0	5	5	2	0	0	0	6	4	10
TCGA-AC-A3QQ-01	0	1	0	10	3	0	0	0	6	0	2	6	0	8
TCGA-AC-A3W5-01	17	36	4	13	7	4	9	1	22	56	16	24	0	2
TCGA-AC-A3YI-01	0	0	0	3	1	3	3	0	0	0	0	7	1	0
TCGA-AC-A3YJ-01	2	1	0	11	3	3	0	2	0	0	5	11	0	0
TCGA-AC-A4ZE-01	6	0	0	7	1	6	4	11	18	7	5	4	5	0
TCGA-AC-A5EH-01	9	8	10	12	11	13	6	3	11	35	3	24	32	28
TCGA-AC-A5EI-01	7	1	0	5	5	5	4	9	0	1	0	6	0	0
TCGA-AC-A5XS-01	159	133	163	0	119	0	60	0	0	0	81	0	0	0
TCGA-AC-A5XU-01	6	3	6	37	17	3	1	6	9	1	6	4	7	7
TCGA-AC-A62V-01	2	4	3	33	2	2	2	0	20	19	10	0	9	0
TCGA-AC-A62X-01	0	3	0	41	5	8	0	3	0	0	4	2	21	0
TCGA-AC-A62Y-01	10	16	0	10	9	9	2	16	2	5	0	4	0	6
TCGA-AC-A6IV-01	0	0	0	2	1	0	6	4	3	0	0	2	0	9
TCGA-AC-A6IW-01	21	33	40	27	16	6	4	0	8	16	21	29	0	10
TCGA-AC-A6IX-01	17	2	8	8	8	6	0	6	9	1	6	0	0	0
TCGA-AC-A6NO-01	1	0	2	2	1	3	3	15	10	0	6	0	0	0
TCGA-AC-A7VB-01	0	0	0	9	2	1	0	8	11	0	0	4	0	0
TCGA-AC-A7VC-01	0	0	0	4	0	2	5	6	4	0	2	1	0	2
TCGA-AC-A8OP-01	7	11	8	33	9	25	20	15	26	38	14	0	38	0
TCGA-AC-A8OQ-01	13	4	2	11	3	0	15	36	22	10	10	11	0	0
TCGA-AC-A8OR-01	1	0	0	8	0	0	0	0	6	0	0	6	5	6
TCGA-AC-A8OS-01	10	3	3	7	5	10	1	13	0	8	5	11	0	3
TCGA-AN-A0XL-01	0	0	0	6	3	5	2	6	0	0	5	1	12	0
TCGA-AN-A0XN-01	2	9	8	6	4	13	6	8	14	20	9	12	22	42
TCGA-AN-A0XO-01	5	1	1	1	2	8	8	5	1	4	5	0	0	2
TCGA-AN-A0XP-01	4	3	0	5	0	8	1	0	3	2	2	2	3	1
TCGA-AN-A0XR-01	3	1	1	4	1	0	0	6	6	1	2	13	0	0
TCGA-AN-A0XS-01	5	0	0	2	0	0	5	1	9	0	0	2	1	7
TCGA-AN-A0XT-01	0	0	2	5	1	1	1	7	1	0	0	4	0	0
TCGA-AN-A0XU-01	5	14	0	1	2	6	6	22	8	19	0	23	31	0
TCGA-AN-A0XV-01	0	0	9	8	0	6	5	0	4	7	4	0	0	1
TCGA-AN-A0XW-01	116	115	125	4	42	0	3	0	0	0	18	0	0	0
TCGA-AO-A03M-01	276	317	305	0	159	0	51	0	0	0	42	0	0	0
TCGA-AO-A03N-01	23	25	17	10	30	0	8	6	12	0	0	0	3	0
TCGA-AO-A03U-01	0	1	0	0	1	0	0	0	0	0	0	0	0	3
TCGA-AO-A03V-01	5	0	16	3	6	1	5	11	5	0	12	2	6	0
TCGA-AO-A0JG-01	1	0	0	0	0	3	0	0	2	2	5	0	7	1
TCGA-AO-A124-01	1	8	1	10	9	12	8	11	8	49	7	23	26	5
TCGA-AO-A125-01	2	2	0	11	1	2	6	2	2	1	0	14	2	0
TCGA-AO-A126-01	3	0	0	0	0	0	4	15	0	0	0	0	0	3
TCGA-AO-A128-01	13	11	5	295	13	442	39	123	269	0	0	0	0	0
TCGA-AO-A129-01	10	14	10	4	5	16	1	20	6	23	8	17	8	2
TCGA-AO-A12A-01	4	0	0	9	1	0	0	0	0	0	0	0	0	5
TCGA-AO-A12B-01	1	0	0	7	0	2	0	5	0	6	0	0	1	1
TCGA-AO-A12D-01	14	5	5	5	7	0	13	8	0	0	16	0	0	0
TCGA-AO-A12E-01	1	0	2	9	0	0	2	3	2	2	6	1	0	5
TCGA-AO-A12F-01	0	0	0	13	0	0	3	0	7	3	0	0	7	7
TCGA-AO-A12G-01	2	3	1	4	4	4	0	19	4	0	1	0	0	0
TCGA-AO-A12H-01	0	0	0	2	1	1	2	13	4	0	3	0	0	4
TCGA-AO-A1KO-01	0	0	0	0	0	3	2	0	0	3	0	0	0	2
TCGA-AO-A1KR-01	5	4	5	7	1	7	5	5	0	20	0	15	5	10
TCGA-AO-A1KT-01	3	0	0	10	2	14	5	4	0	6	0	4	3	0
TCGA-AQ-A04H-01	2	4	0	25	0	6	6	20	9	0	3	0	6	0
TCGA-AQ-A0Y5-01	7	8	2	16	2	5	8	7	0	10	5	0	0	0
TCGA-AQ-A1H2-01	1	0	0	6	2	2	5	8	4	3	0	0	0	3
TCGA-AQ-A1H3-01	0	0	0	14	0	1	0	8	0	2	0	2	0	0
TCGA-AQ-A54O-01	3	0	0	6	0	0	0	0	1	0	0	3	4	8
TCGA-AQ-A7U7-01	23	19	8	2	7	0	12	9	12	0	2	0	0	2
TCGA-AR-A0TP-01	4	4	0	0	0	11	1	10	1	19	4	13	4	0
TCGA-AR-A0TQ-01	8	2	0	8	6	0	2	1	6	2	6	1	7	0
TCGA-AR-A0TR-01	1	0	2	11	0	8	5	0	4	1	7	3	0	0
TCGA-AR-A0TS-01	5	7	1	16	0	3	0	0	0	12	10	17	8	11
TCGA-AR-A0TT-01	7	5	1	14	5	9	5	0	6	4	2	17	0	0
TCGA-AR-A0TU-01	4	6	3	4	0	4	0	16	7	21	6	0	19	0
TCGA-AR-A0TV-01	2	1	4	10	5	1	1	21	8	1	4	15	0	6
TCGA-AR-A0TW-01	1	0	4	9	1	2	6	15	6	1	1	0	21	0
TCGA-AR-A0TX-01	110	98	85	1	43	0	41	1	0	0	28	0	0	0
TCGA-AR-A0TZ-01	8	12	0	6	3	1	12	7	6	0	0	0	12	0
TCGA-AR-A0U0-01	1	3	7	5	5	0	2	0	4	0	0	9	8	6
TCGA-AR-A0U1-01	0	11	1	4	7	15	0	0	0	26	4	4	16	21
TCGA-AR-A0U2-01	0	0	0	15	2	0	2	1	17	0	1	4	4	10
TCGA-AR-A0U3-01	0	0	0	8	0	1	4	0	10	0	9	0	6	2
TCGA-AR-A0U4-01	11	34	9	10	11	10	4	0	1	41	13	12	38	7
TCGA-AR-A1AH-01	4	6	0	5	0	15	2	8	22	13	0	6	39	0
TCGA-AR-A1AI-01	2	5	15	7	4	4	11	9	13	0	9	10	0	0
TCGA-AR-A1AJ-01	12	7	0	6	5	3	5	13	2	0	0	0	0	0
TCGA-AR-A1AK-01	11	14	3	9	8	3	8	8	0	0	6	10	2	0
TCGA-AR-A1AL-01	2	3	0	5	3	6	1	0	0	0	1	3	0	6
TCGA-AR-A1AN-01	0	1	3	6	3	2	2	12	1	1	0	0	0	0
TCGA-AR-A1AO-01	8	8	10	9	10	6	10	6	2	34	4	2	11	2
TCGA-AR-A1AP-01	3	1	8	11	3	1	5	7	4	0	8	0	0	0
TCGA-AR-A1AQ-01	1	1	1	8	1	4	1	0	6	11	2	5	0	0
TCGA-AR-A1AR-01	2	6	0	12	3	0	0	0	0	0	1	15	9	15
TCGA-AR-A1AS-01	8	1	2	3	6	0	4	0	11	3	0	0	1	2
TCGA-AR-A1AT-01	1	1	0	7	0	2	1	0	1	8	0	11	0	0
TCGA-AR-A1AU-01	0	0	1	5	3	4	0	6	0	3	4	0	0	0
TCGA-AR-A1AV-01	1	1	0	14	5	4	3	7	3	1	5	0	3	2
TCGA-AR-A1AW-01	1	1	0	7	1	2	0	0	12	0	2	5	2	8
TCGA-AR-A1AX-01	0	0	1	2	3	0	6	3	1	0	5	0	0	11
TCGA-AR-A1AY-01	5	3	4	9	6	5	3	12	7	7	4	4	3	0
TCGA-AR-A24H-01	6	13	10	6	4	3	0	16	8	35	8	13	30	0
TCGA-AR-A24K-01	0	0	0	1	0	4	4	7	2	4	2	7	0	3
TCGA-AR-A24L-01	1	3	4	3	2	2	0	0	4	9	1	18	4	2
TCGA-AR-A24M-01	1	0	0	3	0	6	0	3	2	1	0	0	7	2
TCGA-AR-A24N-01	5	0	0	11	0	3	0	6	6	0	9	6	1	0
TCGA-AR-A24O-01	0	1	0	3	0	0	0	7	2	0	3	0	1	5
TCGA-AR-A24P-01	0	0	0	2	0	2	6	5	2	0	2	0	0	0
TCGA-AR-A24Q-01	14	8	18	2	11	11	4	2	30	71	17	17	27	0
TCGA-AR-A24R-01	1	0	0	9	0	5	1	0	0	0	0	10	0	0
TCGA-AR-A24S-01	5	3	1	12	1	10	1	9	0	5	10	0	0	0
TCGA-AR-A24T-01	1	0	2	6	0	0	3	5	0	0	3	1	2	1
TCGA-AR-A24U-01	6	6	5	5	6	0	4	5	2	0	5	0	0	0
TCGA-AR-A24V-01	1	1	2	9	2	4	5	0	0	3	0	0	1	0
TCGA-AR-A24W-01	0	0	0	0	1	0	2	0	4	0	2	2	0	3
TCGA-AR-A24X-01	0	0	0	4	0	3	7	7	4	0	4	1	0	4
TCGA-AR-A24Z-01	3	3	0	10	3	0	3	4	4	9	0	9	1	7
TCGA-AR-A250-01	12	29	22	24	10	3	19	9	8	0	9	10	0	0
TCGA-AR-A251-01	6	26	4	10	3	14	0	3	0	48	15	50	16	10
TCGA-AR-A252-01	0	0	0	8	0	3	0	0	2	0	5	0	0	1
TCGA-AR-A254-01	2	1	0	7	1	0	6	12	3	0	10	0	0	0
TCGA-AR-A255-01	11	10	10	8	0	6	10	0	3	0	7	0	21	3
TCGA-AR-A256-01	9	8	13	7	19	9	6	5	8	54	3	46	13	24
TCGA-AR-A2LE-01	106	69	57	3	95	0	35	2	0	0	27	0	0	0
TCGA-AR-A2LH-01	14	5	14	4	14	2	6	2	0	0	10	0	0	0
TCGA-AR-A2LK-01	3	0	0	14	5	5	1	6	0	0	4	6	0	4
TCGA-AR-A2LL-01	0	0	0	6	1	0	2	19	0	0	2	0	7	0
TCGA-AR-A2LM-01	0	0	0	0	1	0	3	3	0	2	0	1	0	7
TCGA-AR-A2LN-01	8	2	3	6	10	5	5	1	0	0	14	0	0	0
TCGA-AR-A2LO-01	1	0	2	5	0	0	1	1	0	2	2	2	0	1
TCGA-AR-A2LQ-01	0	0	0	3	0	1	0	0	0	0	0	7	0	2
TCGA-AR-A2LR-01	1	2	0	9	1	0	4	6	7	0	3	18	10	9
TCGA-AR-A5QM-01	0	0	0	6	0	2	3	8	0	0	5	8	0	4
TCGA-AR-A5QN-01	4	0	0	15	1	3	5	0	10	0	6	5	0	0
TCGA-AR-A5QP-01	2	0	0	4	1	5	3	10	3	0	4	2	0	0
TCGA-AR-A5QQ-01	4	5	3	8	5	10	0	0	9	17	0	8	8	19
TCGA-B6-A0I1-01	4	0	3	4	3	1	8	37	0	15	2	0	1	2
TCGA-B6-A0IH-01	1	0	0	10	0	1	4	0	11	0	6	0	0	8
TCGA-B6-A0RH-01	6	5	1	0	6	1	2	19	1	2	1	0	0	1
TCGA-B6-A0RL-01	10	4	0	16	4	0	4	0	6	0	1	6	7	11
TCGA-B6-A0RM-01	5	0	0	6	0	2	2	7	6	0	4	4	0	0
TCGA-B6-A0RN-01	1	0	0	6	2	3	3	7	6	2	0	0	0	3
TCGA-B6-A0RO-01	2	1	0	1	0	3	9	0	8	5	1	10	0	3
TCGA-B6-A0RP-01	0	0	0	6	1	1	0	0	1	0	5	16	0	0
TCGA-B6-A0RQ-01	7	3	1	6	10	5	3	5	0	0	4	8	1	3
TCGA-B6-A0RT-01	2	5	17	6	1	3	3	0	0	11	0	18	6	0
TCGA-B6-A0RU-01	3	2	0	8	5	8	9	0	3	6	0	0	5	9
TCGA-B6-A0RV-01	18	12	12	1	8	0	3	13	0	0	0	0	0	0
TCGA-B6-A0WS-01	1	1	0	2	1	5	0	0	1	0	0	0	2	5
TCGA-B6-A0WT-01	0	0	0	6	2	6	4	0	0	0	1	0	3	0
TCGA-B6-A0WV-01	0	4	0	0	3	0	0	8	11	0	3	0	0	8
TCGA-B6-A0WW-01	5	3	0	8	4	4	4	0	0	3	0	4	7	5
TCGA-B6-A0WX-01	0	2	0	6	0	6	5	9	3	5	0	0	9	0
TCGA-B6-A0WY-01	4	1	1	3	1	3	5	2	11	4	0	0	0	0
TCGA-B6-A0WZ-01	32	10	15	2	17	0	6	1	3	0	7	1	1	0
TCGA-B6-A0X0-01	1	0	0	3	1	0	3	1	0	0	0	0	7	9
TCGA-B6-A0X1-01	2	10	4	2	7	12	8	1	7	12	7	20	0	0
TCGA-B6-A0X4-01	0	0	0	3	0	0	9	0	0	0	4	0	6	0
TCGA-B6-A0X5-01	2	1	0	1	3	8	11	1	1	0	0	0	20	0
TCGA-B6-A0X7-01	2	1	0	2	3	0	3	7	4	0	0	1	0	0
TCGA-B6-A1KN-01	1	3	0	7	3	6	0	7	8	0	10	2	22	3
TCGA-B6-A2IU-01	10	0	2	9	0	4	12	0	8	0	9	0	0	0
TCGA-B6-A401-01	0	1	0	5	0	0	3	1	6	0	2	5	0	5
TCGA-B6-A409-01	2	1	4	10	1	4	4	9	1	2	6	12	0	0
TCGA-B6-A40B-01	9	1	6	10	3	3	0	0	6	4	12	12	0	0
TCGA-B6-A40C-01	2	1	0	10	3	1	0	24	0	0	4	0	9	0
TCGA-BH-A0AU-01	1	0	4	3	0	0	0	6	5	0	2	0	2	0
TCGA-BH-A0AV-01	2	7	4	1	3	8	2	1	10	14	7	28	0	0
TCGA-BH-A0AY-01	4	0	2	4	1	1	9	10	0	0	1	4	9	1
TCGA-BH-A0AZ-01	10	2	9	1	0	1	1	1	4	11	7	0	9	14
TCGA-BH-A0B0-01	28	16	6	4	24	0	18	0	2	0	0	0	0	1
TCGA-BH-A0B3-01	1	1	0	5	1	0	1	0	0	5	0	0	4	0
TCGA-BH-A0B6-01	354	260	278	11	190	0	91	0	0	0	106	0	0	0
TCGA-BH-A0B7-01	2	5	1	9	1	1	8	0	0	2	3	7	0	3
TCGA-BH-A0B8-01	2	0	0	0	6	0	1	5	7	0	2	2	5	4
TCGA-BH-A0BA-01	3	3	0	3	1	1	1	3	5	3	1	0	0	5
TCGA-BH-A0BC-01	5	3	0	7	6	0	4	8	2	0	0	0	0	10
TCGA-BH-A0BF-01	1	7	0	4	0	2	3	4	4	1	0	5	0	2
TCGA-BH-A0BG-01	5	3	0	6	0	2	0	0	2	13	0	14	0	0
TCGA-BH-A0BJ-01	0	0	0	0	2	1	2	3	2	0	0	0	6	1
TCGA-BH-A0BL-01	0	3	0	8	2	0	5	8	0	15	0	8	16	4
TCGA-BH-A0BM-01	2	0	0	2	0	1	0	0	1	0	3	5	5	0
TCGA-BH-A0BO-01	0	1	5	3	0	9	3	4	3	0	1	0	0	2
TCGA-BH-A0BP-01	13	26	5	22	9	2	22	12	13	18	25	20	9	0
TCGA-BH-A0BQ-01	2	0	0	6	0	0	3	3	4	0	0	4	7	1
TCGA-BH-A0BS-01	1	0	0	3	0	2	0	0	0	0	2	10	0	5
TCGA-BH-A0BT-01	2	1	0	12	5	3	3	0	2	1	3	2	0	14
TCGA-BH-A0BV-01	2	0	2	1	0	0	1	5	2	0	8	3	0	0
TCGA-BH-A0BW-01	8	1	9	3	0	9	5	13	12	11	3	1	8	20
TCGA-BH-A0BZ-01	10	26	2	11	9	14	2	6	37	75	14	33	52	5
TCGA-BH-A0C0-01	3	0	2	4	1	8	3	0	5	12	4	1	2	3
TCGA-BH-A0C1-01	6	0	0	9	2	0	2	3	22	0	0	6	0	0
TCGA-BH-A0C3-01	0	0	0	0	0	6	2	9	0	0	0	1	0	0
TCGA-BH-A0C7-01	1	3	0	6	1	0	4	22	11	0	0	6	0	4
TCGA-BH-A0DD-01	2	3	0	11	3	5	4	4	3	1	1	0	0	0
TCGA-BH-A0DE-01	1	0	0	0	3	1	1	9	1	0	4	11	2	0
TCGA-BH-A0DG-01	4	6	3	0	3	4	10	2	8	3	0	2	2	0
TCGA-BH-A0DH-01	9	0	4	9	0	2	5	8	7	0	8	0	0	0
TCGA-BH-A0DI-01	7	7	5	10	4	3	0	5	0	13	8	0	0	0
TCGA-BH-A0DK-01	3	2	2	5	1	6	0	9	0	0	4	0	21	0
TCGA-BH-A0DL-01	10	1	6	15	0	3	3	0	9	1	3	1	3	10
TCGA-BH-A0DO-01	3	3	0	3	0	1	6	0	5	2	1	3	0	3
TCGA-BH-A0DP-01	2	0	0	2	3	1	1	0	0	6	0	1	0	3
TCGA-BH-A0DQ-01	1	1	0	8	0	2	1	0	5	0	0	17	0	0
TCGA-BH-A0DT-01	2	0	0	2	0	0	0	5	2	2	2	0	0	0
TCGA-BH-A0DV-01	2	0	0	0	0	0	0	0	2	0	2	7	0	2
TCGA-BH-A0DX-01	20	9	6	4	5	0	6	16	0	0	5	0	6	0
TCGA-BH-A0DZ-01	50	59	45	1	41	0	17	2	0	0	2	0	0	0
TCGA-BH-A0E0-01	0	1	0	7	2	1	3	4	0	3	2	0	0	1
TCGA-BH-A0E1-01	1	3	0	1	1	0	4	9	0	0	0	0	0	0
TCGA-BH-A0E9-01	1	0	0	11	0	1	0	0	2	4	5	0	0	4
TCGA-BH-A0EA-01	2	1	0	2	0	0	4	3	11	0	3	1	0	5
TCGA-BH-A0EI-01	0	0	0	7	3	4	0	1	0	0	0	9	0	0
TCGA-BH-A0H3-01	1	0	0	0	0	0	0	8	0	0	3	0	0	5
TCGA-BH-A0H5-01	42	35	28	0	30	0	19	1	0	0	14	0	0	0
TCGA-BH-A0H7-01	1	1	3	1	0	3	1	6	0	0	1	0	0	0
TCGA-BH-A0H9-01	3	0	0	1	0	3	1	2	0	5	4	1	0	3
TCGA-BH-A0HA-01	14	11	5	70	15	119	12	58	78	0	0	0	0	0
TCGA-BH-A0HI-01	4	1	0	6	3	2	2	5	0	0	1	0	9	2
TCGA-BH-A0HK-01	13	6	3	7	14	0	6	3	6	1	2	0	0	2
TCGA-BH-A0HN-01	2	0	2	8	3	0	6	4	0	2	0	5	0	2
TCGA-BH-A0HP-01	86	81	78	6	85	0	14	3	0	0	4	0	0	0
TCGA-BH-A0RX-01	2	1	0	20	1	4	9	6	0	3	0	0	0	3
TCGA-BH-A0W3-01	2	2	0	3	0	1	0	1	0	0	0	7	4	3
TCGA-BH-A0W4-01	4	1	2	1	1	4	7	8	0	1	6	0	0	4
TCGA-BH-A0W5-01	0	0	2	8	0	4	3	1	1	0	0	0	6	4
TCGA-BH-A0W7-01	75	61	62	1	38	2	15	0	0	0	0	7	0	0
TCGA-BH-A0WA-01	6	7	0	5	13	6	0	6	5	25	9	10	5	16
TCGA-BH-A18F-01	9	2	0	4	12	0	9	18	1	0	0	4	8	0
TCGA-BH-A18G-01	11	7	0	297	5	600	48	104	581	0	15	0	0	0
TCGA-BH-A18H-01	4	3	3	0	6	5	2	5	13	0	7	3	0	3
TCGA-BH-A18I-01	2	2	0	10	3	0	5	0	1	0	0	0	0	8
TCGA-BH-A18J-01	38	17	15	6	9	5	1	0	7	1	3	0	9	0
TCGA-BH-A18K-01	11	6	9	4	0	5	5	0	0	3	12	5	0	8
TCGA-BH-A18L-01	0	3	0	18	2	5	4	8	7	6	7	0	3	2
TCGA-BH-A18M-01	1	1	2	7	2	0	1	0	1	1	2	0	0	0
TCGA-BH-A18N-01	0	0	2	10	0	8	2	4	1	4	0	0	0	12
TCGA-BH-A18P-01	116	98	59	8	71	0	38	7	0	0	41	0	0	0
TCGA-BH-A18Q-01	1	4	5	0	5	0	1	8	10	18	3	18	9	25
TCGA-BH-A18R-01	2	0	4	0	4	2	1	5	0	15	2	0	0	7
TCGA-BH-A18S-01	0	3	0	1	0	9	4	1	5	4	2	0	7	1
TCGA-BH-A18T-01	5	5	9	2	1	4	3	7	14	42	6	2	2	0
TCGA-BH-A18U-01	33	19	13	19	24	3	6	8	6	7	2	3	2	33
TCGA-BH-A18V-01	20	38	37	0	18	11	2	7	0	52	14	0	40	11
TCGA-BH-A1EO-01	5	0	0	19	1	0	5	8	0	0	0	12	0	0
TCGA-BH-A1ET-01	1	0	0	6	0	4	1	2	5	0	0	4	10	0
TCGA-BH-A1EU-01	0	1	0	1	5	5	1	10	0	0	0	1	0	10
TCGA-BH-A1EV-01	20	19	17	17	14	7	16	0	0	7	10	1	0	1
TCGA-BH-A1EW-01	1	0	0	0	6	2	3	2	2	0	3	2	0	0
TCGA-BH-A1EX-01	0	0	0	6	1	6	9	1	0	6	0	1	0	5
TCGA-BH-A1EY-01	4	4	8	5	1	7	9	5	4	6	2	0	0	0
TCGA-BH-A1F0-01	1	7	15	7	5	2	6	0	0	0	11	9	10	22
TCGA-BH-A1F2-01	6	3	5	20	6	4	2	0	0	0	2	15	8	0
TCGA-BH-A1F5-01	3	0	0	8	4	0	5	6	0	0	1	8	6	3
TCGA-BH-A1F6-01	3	1	4	9	1	1	0	6	7	8	4	0	0	9
TCGA-BH-A1F8-01	51	29	25	10	30	1	12	9	0	0	11	0	14	0
TCGA-BH-A1FC-01	12	17	5	11	7	9	6	20	13	16	7	1	6	0
TCGA-BH-A1FE-01	2	0	2	3	3	0	3	0	1	0	0	9	3	0
TCGA-BH-A1FG-01	0	0	2	3	2	1	1	4	4	2	0	0	0	2
TCGA-BH-A1FH-01	1	1	0	1	4	0	0	20	1	0	5	0	0	0
TCGA-BH-A1FJ-01	1	0	0	8	6	0	0	14	1	0	1	14	0	0
TCGA-BH-A1FL-01	1	0	0	6	2	3	3	0	1	0	2	7	0	1
TCGA-BH-A1FM-01	7	4	5	10	4	1	13	9	2	4	1	0	1	1
TCGA-BH-A1FN-01	29	26	19	5	0	4	0	2	0	4	11	22	14	10
TCGA-BH-A1FR-01	0	1	0	4	2	1	1	0	2	4	0	0	0	2
TCGA-BH-A1FU-01	4	9	9	6	4	17	9	6	8	12	7	9	1	17
TCGA-BH-A201-01	1	0	0	2	3	8	3	0	1	0	0	0	9	0
TCGA-BH-A202-01	2	0	0	5	0	4	1	2	0	4	0	0	10	0
TCGA-BH-A203-01	10	10	2	20	2	3	16	18	9	2	4	3	0	0
TCGA-BH-A204-01	1	4	0	7	3	3	4	3	3	0	3	18	3	0
TCGA-BH-A208-01	11	13	6	9	6	2	4	6	0	2	9	10	0	4
TCGA-BH-A209-01	23	29	32	2	15	0	11	2	0	0	5	0	0	0
TCGA-BH-A28Q-01	1	1	0	10	1	0	1	0	7	1	0	3	0	1
TCGA-BH-A2L8-01	189	149	119	0	78	0	27	8	0	0	58	0	0	0
TCGA-BH-A42U-01	7	3	0	0	3	0	5	7	0	0	7	0	0	0
TCGA-BH-A42V-01	15	12	3	3	8	1	6	4	0	0	0	3	0	0
TCGA-BH-A5IZ-01	4	2	7	8	6	7	0	14	0	14	14	6	14	0
TCGA-BH-A5J0-01	24	6	11	11	19	5	13	1	2	0	1	9	0	0
TCGA-BH-A6R8-01	1	1	1	5	5	1	4	12	4	3	0	0	0	0
TCGA-BH-A6R9-01	0	0	0	4	0	0	3	0	0	8	5	0	3	2
TCGA-BH-A8FY-01	1	4	0	3	4	1	0	3	9	7	11	6	0	7
TCGA-BH-A8FZ-01	6	5	0	9	3	8	2	1	11	20	0	0	11	15
TCGA-BH-A8G0-01	0	0	0	6	2	3	3	0	0	0	0	0	0	3
TCGA-BH-AB28-01	4	0	0	10	1	0	2	1	13	0	3	0	0	9
TCGA-C8-A12K-01	11	38	9	3	11	10	0	14	6	40	7	24	0	0
TCGA-C8-A12L-01	2	3	2	3	1	0	5	9	20	18	1	21	3	1
TCGA-C8-A12M-01	0	1	2	11	0	4	13	13	15	12	9	0	0	2
TCGA-C8-A12N-01	1	3	0	9	0	4	0	4	0	0	0	0	6	0
TCGA-C8-A12O-01	1	1	0	14	3	0	6	14	0	0	4	0	3	3
TCGA-C8-A12P-01	36	38	23	16	24	9	18	6	2	7	9	0	10	4
TCGA-C8-A12Q-01	27	17	26	5	15	9	20	0	3	0	12	0	5	0
TCGA-C8-A12T-01	49	54	39	2	21	0	9	19	5	0	16	0	0	0
TCGA-C8-A12U-01	4	3	4	16	1	0	0	6	1	5	2	17	0	2
TCGA-C8-A12V-01	1	1	4	0	1	4	3	14	6	9	0	4	0	5
TCGA-C8-A12W-01	1	3	1	20	1	6	11	26	0	2	0	6	0	0
TCGA-C8-A12X-01	0	0	4	21	2	4	5	0	1	0	6	13	0	9
TCGA-C8-A12Y-01	1	0	2	12	1	8	2	5	15	0	0	0	0	0
TCGA-C8-A12Z-01	6	7	4	11	5	2	2	4	4	3	13	0	0	0
TCGA-C8-A130-01	2	3	1	16	1	8	9	12	0	2	0	0	0	0
TCGA-C8-A131-01	5	0	0	7	4	4	11	0	14	3	6	15	5	0
TCGA-C8-A132-01	7	13	11	1	5	0	2	17	4	3	2	0	0	19
TCGA-C8-A133-01	3	0	0	0	0	3	3	3	1	0	6	3	6	5
TCGA-C8-A134-01	1	6	1	3	1	6	3	8	10	30	0	12	32	4
TCGA-C8-A135-01	4	3	4	20	0	4	7	11	15	1	0	0	6	2
TCGA-C8-A137-01	6	8	8	0	9	1	10	16	0	0	4	0	0	0
TCGA-C8-A138-01	0	0	0	9	0	5	2	9	0	0	11	0	16	0
TCGA-C8-A1HE-01	13	6	2	5	4	0	3	0	0	0	4	5	0	12
TCGA-C8-A1HF-01	5	3	4	5	3	1	3	0	4	2	3	0	0	6
TCGA-C8-A1HG-01	2	3	0	25	5	9	4	0	1	7	6	6	1	0
TCGA-C8-A1HI-01	6	6	3	1	4	0	2	34	11	2	3	0	0	0
TCGA-C8-A1HJ-01	2	8	5	7	1	14	2	3	7	46	0	0	21	8
TCGA-C8-A1HK-01	6	13	11	6	0	2	10	0	11	5	0	7	2	0
TCGA-C8-A1HL-01	0	0	0	6	1	1	1	0	10	0	2	13	3	0
TCGA-C8-A1HM-01	77	133	96	15	59	2	23	7	6	6	22	2	0	0
TCGA-C8-A1HN-01	3	2	0	13	3	6	1	13	1	8	8	7	5	0
TCGA-C8-A1HO-01	6	1	3	2	4	2	2	10	3	0	0	5	11	0
TCGA-C8-A26V-01	16	19	15	10	1	5	11	0	0	1	3	5	0	10
TCGA-C8-A26W-01	10	5	11	3	7	5	10	3	2	2	8	3	0	0
TCGA-C8-A26X-01	3	1	2	18	1	5	6	0	0	2	4	19	12	2
TCGA-C8-A26Y-01	231	209	168	5	114	19	53	5	0	0	43	0	69	0
TCGA-C8-A26Z-01	1	0	0	16	0	0	4	0	0	9	7	0	8	4
TCGA-C8-A273-01	0	1	0	1	0	0	3	11	3	1	0	0	3	1
TCGA-C8-A274-01	88	52	44	11	25	5	18	2	17	3	4	5	7	0
TCGA-C8-A275-01	23	28	34	4	12	0	13	4	5	0	19	0	0	0
TCGA-C8-A278-01	5	3	6	4	3	1	7	12	3	8	0	0	1	0
TCGA-C8-A27A-01	5	3	0	5	0	1	6	2	0	0	3	5	8	2
TCGA-C8-A27B-01	8	49	16	4	9	9	5	2	5	41	5	4	0	5
TCGA-C8-A3M7-01	57	15	35	20	48	4	24	3	0	0	15	0	0	0
TCGA-C8-A3M8-01	3	0	11	6	1	9	4	6	3	3	0	16	0	0
TCGA-C8-A8HP-01	67	56	56	8	37	0	34	0	9	0	6	0	0	0
TCGA-C8-A8HQ-01	104	73	72	10	43	0	51	18	0	0	1	0	0	0
TCGA-C8-A8HR-01	1	1	2	12	1	7	2	0	0	9	7	1	0	17
TCGA-C8-A9FZ-01	1	2	1	7	0	1	1	3	7	4	2	0	0	0
TCGA-D8-A13Y-01	8	2	12	6	5	10	3	8	3	5	14	6	0	0
TCGA-D8-A13Z-01	2	10	5	19	3	0	5	0	2	26	1	10	8	12
TCGA-D8-A140-01	14	2	4	13	15	6	6	18	26	0	13	9	8	0
TCGA-D8-A141-01	0	0	0	6	0	0	1	0	0	0	3	5	0	6
TCGA-D8-A142-01	1	6	14	24	5	11	10	36	0	25	12	19	2	1
TCGA-D8-A143-01	2	2	0	10	0	0	0	9	4	12	6	14	2	0
TCGA-D8-A145-01	1	2	2	13	0	3	0	0	5	3	0	5	0	13
TCGA-D8-A146-01	3	0	0	7	5	8	6	4	4	1	3	0	0	0
TCGA-D8-A147-01	11	28	21	0	12	7	8	14	6	55	17	1	5	15
TCGA-D8-A1J8-01	173	135	156	42	89	43	74	21	179	0	49	0	0	0
TCGA-D8-A1J9-01	72	52	63	0	22	1	38	0	0	0	21	0	9	0
TCGA-D8-A1JB-01	4	4	0	4	0	5	3	3	3	5	7	23	2	0
TCGA-D8-A1JC-01	19	17	20	1	17	1	12	25	0	2	8	0	0	0
TCGA-D8-A1JD-01	8	11	3	0	6	0	6	11	25	17	0	22	13	0
TCGA-D8-A1JE-01	1	1	0	3	1	2	0	16	7	0	1	0	8	0
TCGA-D8-A1JF-01	2	3	0	2	1	1	3	12	20	3	0	0	0	2
TCGA-D8-A1JG-01	3	7	0	14	4	0	26	13	11	0	11	0	80	0
TCGA-D8-A1JH-01	1	0	0	4	1	1	1	0	0	0	0	0	1	15
TCGA-D8-A1JI-01	0	0	0	0	5	3	3	7	11	0	4	9	0	0
TCGA-D8-A1JJ-01	21	8	11	9	7	2	11	2	8	0	3	0	0	16
TCGA-D8-A1JK-01	11	9	4	8	18	19	4	0	21	0	14	46	40	55
TCGA-D8-A1JL-01	3	5	10	0	1	18	7	16	7	17	7	29	7	0
TCGA-D8-A1JM-01	1	2	0	8	0	1	7	8	0	4	5	2	9	6
TCGA-D8-A1JN-01	55	24	33	11	30	0	35	0	0	0	13	0	7	0
TCGA-D8-A1JP-01	1	5	10	0	9	14	2	1	2	17	5	37	12	20
TCGA-D8-A1JS-01	1	0	0	3	1	3	0	6	1	0	9	0	5	0
TCGA-D8-A1JT-01	0	0	0	8	0	0	1	8	3	3	5	13	0	0
TCGA-D8-A1JU-01	1	0	0	2	0	5	1	8	0	1	0	2	0	0
TCGA-D8-A1X5-01	2	4	0	13	3	10	1	5	0	0	3	0	25	0
TCGA-D8-A1X6-01	3	0	0	16	1	0	0	0	3	6	0	0	8	5
TCGA-D8-A1X7-01	0	2	0	1	4	0	3	9	4	2	7	0	0	0
TCGA-D8-A1X9-01	2	5	5	0	0	11	0	14	10	0	0	20	35	0
TCGA-D8-A1XA-01	0	0	0	6	4	5	3	2	0	0	0	5	3	0
TCGA-D8-A1XB-01	5	2	0	12	1	3	6	1	7	0	0	0	3	10
TCGA-D8-A1XC-01	0	0	0	12	5	1	0	0	6	0	0	1	8	1
TCGA-D8-A1XF-01	0	3	0	15	6	1	10	2	6	3	0	0	5	0
TCGA-D8-A1XG-01	1	0	0	0	0	3	3	2	12	4	0	2	0	0
TCGA-D8-A1XK-01	6	5	11	92	1	898	7	28	0	2	0	0	7	243
TCGA-D8-A1XL-01	4	6	0	5	3	15	7	9	2	25	0	3	22	9
TCGA-D8-A1XM-01	8	3	6	5	12	0	12	15	0	0	0	0	3	0
TCGA-D8-A1XO-01	4	4	0	3	1	0	0	3	1	0	0	4	1	8
TCGA-D8-A1XQ-01	16	24	5	117	12	357	41	119	184	78	16	37	25	0
TCGA-D8-A1XR-01	1	0	0	6	4	3	1	0	10	0	0	0	0	7
TCGA-D8-A1XS-01	2	1	0	3	3	0	6	3	3	1	0	0	1	3
TCGA-D8-A1XT-01	1	1	2	13	5	2	2	0	0	6	5	2	1	5
TCGA-D8-A1XU-01	9	1	2	5	0	0	0	0	0	4	6	1	0	7
TCGA-D8-A1XV-01	1	1	4	6	0	3	1	14	0	0	3	3	0	0
TCGA-D8-A1XW-01	6	5	6	4	1	9	5	17	2	37	6	1	0	23
TCGA-D8-A1XY-01	4	1	0	19	7	1	2	5	7	5	4	2	2	0
TCGA-D8-A1XZ-01	1	4	9	21	1	0	10	20	17	9	3	0	1	0
TCGA-D8-A1Y0-01	4	6	7	2	1	6	2	12	5	7	9	0	13	7
TCGA-D8-A1Y1-01	12	1	0	83	10	17	11	88	11	0	0	0	0	0
TCGA-D8-A1Y2-01	6	3	0	4	1	0	2	6	0	0	0	0	0	0
TCGA-D8-A1Y3-01	2	0	0	23	0	3	5	5	0	5	0	17	0	7
TCGA-D8-A27E-01	0	0	0	1	2	0	2	0	2	3	0	0	0	1
TCGA-D8-A27F-01	2	6	6	0	0	5	2	10	2	9	1	11	11	5
TCGA-D8-A27G-01	342	310	182	0	187	0	73	0	0	0	82	0	0	0
TCGA-D8-A27H-01	9	37	7	3	11	11	0	17	0	58	7	0	0	0
TCGA-D8-A27I-01	4	4	0	3	1	0	3	9	4	1	0	0	0	7
TCGA-D8-A27K-01	0	2	0	5	0	0	1	3	0	0	0	2	1	7
TCGA-D8-A27L-01	8	0	9	7	10	0	6	1	0	0	7	2	0	3
TCGA-D8-A27M-01	2	7	7	7	1	4	7	0	4	17	3	3	28	0
TCGA-D8-A27N-01	1	2	0	18	3	4	6	9	4	1	3	0	9	0
TCGA-D8-A27P-01	1	0	0	6	1	1	1	0	8	0	1	0	0	11
TCGA-D8-A27R-01	1	3	0	2	1	0	5	1	5	5	0	12	0	0
TCGA-D8-A27T-01	2	0	0	13	5	2	0	0	1	0	0	4	0	4
TCGA-D8-A27V-01	46	43	58	4	23	3	25	3	0	0	30	0	0	0
TCGA-D8-A27W-01	2	0	5	20	0	3	5	11	5	0	1	0	2	1
TCGA-D8-A3Z6-01	5	1	0	9	0	4	0	0	5	0	1	9	3	0
TCGA-D8-A4Z1-01	17	4	3	2	0	0	9	0	3	0	8	0	0	0
TCGA-D8-A73U-01	67	18	31	9	42	4	8	6	4	0	18	0	0	0
TCGA-D8-A73W-01	3	2	0	16	1	0	0	0	14	0	0	7	0	9
TCGA-D8-A73X-01	5	0	0	9	1	8	6	14	1	0	0	3	0	5
TCGA-E2-A105-01	4	0	5	15	7	8	0	3	2	5	1	14	3	0
TCGA-E2-A107-01	5	0	0	5	1	6	4	9	0	0	3	1	2	0
TCGA-E2-A108-01	40	48	26	3	21	6	5	10	0	5	2	0	7	13
TCGA-E2-A109-01	0	0	2	16	7	6	3	0	10	5	4	14	16	1
TCGA-E2-A10A-01	3	3	0	3	4	0	0	0	5	0	1	9	0	0
TCGA-E2-A10B-01	11	8	7	7	9	6	5	0	2	0	1	0	0	17
TCGA-E2-A10C-01	157	115	81	0	94	0	43	4	0	0	25	0	0	0
TCGA-E2-A10F-01	2	1	0	10	1	3	2	2	0	0	4	0	2	3
TCGA-E2-A14N-01	7	11	4	6	0	2	8	2	0	28	8	17	0	16
TCGA-E2-A14O-01	1	0	0	10	0	0	10	1	0	0	1	8	5	0
TCGA-E2-A14P-01	12	5	6	18	10	9	12	6	4	0	12	7	11	0
TCGA-E2-A14Q-01	3	1	0	12	1	3	0	1	0	0	2	9	6	2
TCGA-E2-A14R-01	1	9	12	3	6	12	7	11	13	32	2	17	13	5
TCGA-E2-A14T-01	4	3	1	5	0	3	7	8	5	0	0	0	0	7
TCGA-E2-A14V-01	17	19	21	13	6	6	18	20	0	8	6	0	0	7
TCGA-E2-A14W-01	1	5	10	3	1	1	7	0	8	26	12	4	1	23
TCGA-E2-A14X-01	4	2	0	12	3	0	5	6	3	1	0	0	0	1
TCGA-E2-A14Y-01	10	8	7	7	6	2	0	2	0	4	0	3	0	1
TCGA-E2-A14Z-01	12	3	8	7	11	1	11	5	0	10	3	9	10	5
TCGA-E2-A150-01	4	3	0	11	0	3	6	5	22	8	1	0	26	2
TCGA-E2-A152-01	33	26	41	0	22	0	30	6	6	1	6	0	0	0
TCGA-E2-A153-01	5	0	0	7	0	2	2	7	0	0	3	0	0	0
TCGA-E2-A154-01	1	1	0	9	0	0	10	12	6	2	0	0	17	0
TCGA-E2-A155-01	9	4	0	14	2	1	5	0	10	0	4	4	11	17
TCGA-E2-A156-01	2	0	2	2	3	2	1	4	1	0	0	8	0	0
TCGA-E2-A158-01	0	2	8	1	0	3	6	15	9	36	0	5	3	9
TCGA-E2-A159-01	43	27	69	12	19	2	3	0	0	7	19	0	0	0
TCGA-E2-A15A-01	1	1	2	9	5	0	0	6	6	1	2	0	20	9
TCGA-E2-A15C-01	1	0	2	16	1	2	1	1	8	2	4	11	0	1
TCGA-E2-A15D-01	0	1	0	6	0	4	2	10	6	0	0	0	5	0
TCGA-E2-A15E-01	1	4	1	6	0	9	1	9	0	0	2	5	2	0
TCGA-E2-A15F-01	0	1	0	7	0	2	1	5	0	3	9	0	0	0
TCGA-E2-A15G-01	6	0	0	7	0	8	8	14	0	2	8	13	0	7
TCGA-E2-A15H-01	0	0	2	10	0	1	2	0	8	0	5	3	0	2
TCGA-E2-A15I-01	3	0	0	12	5	0	0	9	0	0	4	0	10	0
TCGA-E2-A15J-01	0	0	0	6	1	2	0	0	2	2	2	4	2	1
TCGA-E2-A15K-01	0	1	2	10	1	2	2	10	6	0	13	2	4	0
TCGA-E2-A15L-01	0	3	0	8	2	3	2	10	0	0	2	0	1	3
TCGA-E2-A15M-01	13	6	14	21	5	6	3	0	4	9	7	13	7	0
TCGA-E2-A15O-01	1	0	0	2	2	0	3	17	3	0	1	1	0	4
TCGA-E2-A15P-01	1	0	0	9	0	5	1	0	0	0	5	7	0	0
TCGA-E2-A15R-01	2	0	2	15	1	1	7	2	0	0	8	9	0	0
TCGA-E2-A15S-01	7	2	4	0	0	10	1	16	5	10	4	9	0	0
TCGA-E2-A15T-01	1	1	2	5	0	1	2	18	1	0	4	0	0	5
TCGA-E2-A1AZ-01	6	6	19	2	2	5	16	0	5	4	0	13	1	0
TCGA-E2-A1B0-01	4	3	1	11	0	12	11	2	0	0	6	0	1	9
TCGA-E2-A1B1-01	8	13	4	6	16	0	0	10	0	0	9	0	0	0
TCGA-E2-A1B4-01	3	0	3	2	7	0	5	0	8	0	0	3	0	11
TCGA-E2-A1B5-01	11	4	5	7	0	2	7	1	1	0	1	3	0	4
TCGA-E2-A1B6-01	1	1	2	5	0	1	0	11	7	23	1	3	1	0
TCGA-E2-A1BC-01	0	0	6	7	0	2	0	1	8	2	4	9	1	1
TCGA-E2-A1BD-01	0	1	0	14	2	2	4	4	0	0	0	7	9	0
TCGA-E2-A1IE-01	0	0	0	5	0	1	2	4	3	1	2	8	2	2
TCGA-E2-A1IF-01	0	0	0	2	0	5	2	5	1	0	0	5	0	4
TCGA-E2-A1IG-01	4	0	1	3	8	2	10	18	1	6	4	0	0	0
TCGA-E2-A1IH-01	11	11	11	5	5	13	3	9	1	0	7	8	1	0
TCGA-E2-A1II-01	0	2	0	8	0	1	0	1	0	12	0	0	1	9
TCGA-E2-A1IJ-01	0	0	0	2	0	0	0	9	1	0	2	0	4	0
TCGA-E2-A1IK-01	0	2	0	1	0	2	5	3	0	2	0	0	0	2
TCGA-E2-A1IL-01	0	0	0	8	0	2	5	0	2	4	4	4	2	0
TCGA-E2-A1IN-01	60	62	39	10	32	5	11	3	9	16	0	1	0	0
TCGA-E2-A1IO-01	1	0	0	4	0	1	3	7	0	0	0	0	0	0
TCGA-E2-A1IU-01	3	1	0	1	1	0	11	1	2	8	0	0	0	3
TCGA-E2-A1L6-01	1	0	0	2	1	3	8	0	4	4	0	1	0	4
TCGA-E2-A1L7-01	1	3	1	0	3	9	1	25	0	6	3	13	16	0
TCGA-E2-A1L8-01	3	3	0	1	1	5	0	14	1	2	8	0	0	0
TCGA-E2-A1L9-01	2	0	0	6	0	2	3	0	4	8	2	0	0	1
TCGA-E2-A1LA-01	3	3	8	8	0	10	2	0	6	38	3	4	0	22
TCGA-E2-A1LB-01	6	4	11	1	13	2	3	8	4	0	0	0	3	0
TCGA-E2-A1LG-01	30	61	54	3	30	0	18	5	0	0	18	0	0	0
TCGA-E2-A1LH-01	11	31	17	7	14	22	3	18	0	69	9	0	30	0
TCGA-E2-A1LI-01	4	5	2	0	1	1	4	2	3	10	2	2	1	0
TCGA-E2-A1LK-01	0	3	1	29	0	3	11	3	4	0	0	0	0	0
TCGA-E2-A1LL-01	0	6	0	8	2	3	1	3	5	10	0	9	2	12
TCGA-E2-A2P6-01	49	31	4	17	48	1	20	0	14	0	2	0	0	0
TCGA-E2-A56Z-01	1	0	0	3	1	6	6	20	13	5	5	0	0	0
TCGA-E2-A570-01	0	1	0	8	0	1	0	0	0	4	11	1	0	4
TCGA-E2-A572-01	1	0	2	5	1	2	0	14	0	1	0	0	0	3
TCGA-E2-A573-01	1	2	5	9	3	4	2	1	12	12	1	0	10	10
TCGA-E2-A574-01	19	19	15	18	16	5	19	6	4	15	20	0	0	0
TCGA-E2-A576-01	0	2	0	14	1	0	6	17	10	3	10	7	0	0
TCGA-E2-A9RU-01	4	8	2	29	17	9	12	7	2	0	2	0	15	0
TCGA-E9-A1N3-01	1	1	1	0	0	1	0	5	10	0	0	7	5	0
TCGA-E9-A1N4-01	2	4	3	1	4	1	6	11	1	1	0	0	0	0
TCGA-E9-A1N5-01	7	5	1	0	0	3	1	2	8	3	0	0	0	9
TCGA-E9-A1N8-01	3	5	3	0	0	9	8	0	1	0	0	0	7	0
TCGA-E9-A1N9-01	6	0	2	15	0	4	2	0	0	20	0	0	9	8
TCGA-E9-A1NA-01	5	8	11	7	2	3	7	7	7	14	19	12	15	0
TCGA-E9-A1NE-01	3	3	0	3	0	0	0	2	11	24	3	0	13	0
TCGA-E9-A1NF-01	12	1	4	4	1	2	7	7	1	0	12	10	0	0
TCGA-E9-A1NG-01	1	0	0	3	0	0	1	3	3	0	0	7	0	3
TCGA-E9-A1NH-01	1	0	2	4	1	4	1	8	0	0	0	0	2	14
TCGA-E9-A1QZ-01	0	0	0	2	0	4	1	4	0	0	0	8	4	0
TCGA-E9-A1R0-01	2	3	3	10	3	0	6	2	1	0	3	0	0	2
TCGA-E9-A1R2-01	2	11	2	4	0	12	3	3	0	6	0	20	1	2
TCGA-E9-A1R3-01	2	0	0	4	0	4	3	3	1	7	1	0	0	0
TCGA-E9-A1R4-01	31	11	35	10	24	4	9	0	4	1	6	0	16	2
TCGA-E9-A1R5-01	2	0	4	2	0	5	4	25	0	2	6	0	1	0
TCGA-E9-A1R6-01	0	1	0	8	3	2	7	6	0	4	0	0	5	0
TCGA-E9-A1R7-01	6	1	4	7	1	0	0	0	8	0	7	15	0	14
TCGA-E9-A1RA-01	4	0	0	4	1	1	1	4	0	0	4	5	1	0
TCGA-E9-A1RB-01	0	0	0	8	0	9	1	0	4	2	0	6	7	1
TCGA-E9-A1RC-01	0	1	0	14	2	7	6	7	2	4	3	3	0	6
TCGA-E9-A1RD-01	4	0	2	4	1	0	1	0	4	4	2	0	0	1
TCGA-E9-A1RE-01	1	1	0	15	3	3	5	11	20	4	3	0	0	0
TCGA-E9-A1RF-01	4	11	8	15	6	0	6	18	18	44	6	0	29	5
TCGA-E9-A1RG-01	2	3	2	3	3	3	1	7	0	5	4	0	0	8
TCGA-E9-A1RH-01	5	8	0	15	4	8	7	6	5	17	9	9	14	4
TCGA-E9-A1RI-01	3	0	0	2	1	0	1	6	5	0	4	0	7	0
TCGA-E9-A226-01	10	19	6	9	16	1	12	0	2	0	4	0	0	0
TCGA-E9-A227-01	0	1	1	2	5	0	1	0	0	7	1	1	0	0
TCGA-E9-A228-01	4	5	1	20	8	2	0	0	0	2	5	5	0	0
TCGA-E9-A229-01	1	4	1	9	3	0	0	0	2	2	0	3	1	4
TCGA-E9-A22A-01	2	3	1	2	5	0	1	8	0	9	0	0	3	2
TCGA-E9-A22B-01	5	3	1	14	8	2	5	9	0	3	4	6	0	16
TCGA-E9-A22D-01	1	3	0	8	3	0	8	12	3	0	2	0	0	0
TCGA-E9-A22E-01	8	15	13	6	10	3	1	15	0	29	8	0	16	20
TCGA-E9-A22G-01	1	6	3	5	1	30	3	0	0	22	4	26	16	0
TCGA-E9-A22H-01	1	0	0	10	1	3	2	2	0	5	2	0	0	0
TCGA-E9-A243-01	4	7	7	0	5	10	2	14	10	19	6	0	5	0
TCGA-E9-A244-01	4	3	1	13	1	6	0	19	15	21	0	7	27	4
TCGA-E9-A245-01	0	0	0	0	2	1	2	3	0	0	0	0	11	4
TCGA-E9-A247-01	0	0	2	21	0	2	3	0	11	7	1	0	0	0
TCGA-E9-A248-01	4	1	0	11	1	2	0	0	4	0	2	0	3	0
TCGA-E9-A249-01	1	0	0	7	0	2	3	4	5	2	0	0	1	0
TCGA-E9-A24A-01	0	0	0	5	0	0	3	0	0	0	0	1	9	4
TCGA-E9-A295-01	1	1	3	19	4	0	7	25	0	0	0	0	49	0
TCGA-E9-A2JS-01	3	0	0	32	1	4	10	0	0	0	0	20	19	0
TCGA-E9-A2JT-01	11	5	8	0	0	0	1	0	0	0	0	0	3	0
TCGA-E9-A3HO-01	2	5	1	0	0	5	3	10	7	13	6	20	0	0
TCGA-E9-A3QA-01	7	7	9	1	0	0	3	1	0	11	4	5	0	14
TCGA-E9-A3X8-01	1	4	1	7	3	0	0	1	0	3	4	12	0	1
TCGA-E9-A54Y-01	9	0	6	16	9	3	2	0	0	0	1	3	5	4
TCGA-E9-A5FK-01	1	1	0	5	1	0	1	4	7	1	5	0	4	9
TCGA-E9-A5FL-01	6	10	10	7	3	7	8	0	15	14	0	10	16	27
TCGA-E9-A5UO-01	0	0	2	9	2	0	1	3	5	0	0	7	2	7
TCGA-E9-A6HE-01	0	0	0	7	3	1	2	0	4	0	0	3	0	2
TCGA-EW-A1IW-01	34	17	7	18	8	0	2	0	0	7	5	1	12	16
TCGA-EW-A1IX-01	8	8	8	0	5	0	0	0	7	1	4	0	1	0
TCGA-EW-A1IY-01	7	1	3	1	7	4	10	0	0	0	5	0	0	0
TCGA-EW-A1IZ-01	6	0	0	95	4	93	41	68	127	0	1	0	0	0
TCGA-EW-A1J1-01	0	0	0	8	0	0	3	1	1	4	2	2	2	0
TCGA-EW-A1J3-01	0	0	0	5	7	4	0	0	0	2	1	11	0	0
TCGA-EW-A1J5-01	170	117	92	1	101	0	28	8	0	0	23	0	0	0
TCGA-EW-A1J6-01	2	0	0	6	0	0	1	12	0	4	0	13	6	0
TCGA-EW-A1OV-01	46	24	10	5	25	0	11	8	0	1	1	9	0	0
TCGA-EW-A1OX-01	1	3	0	2	3	0	1	1	5	2	0	0	0	3
TCGA-EW-A1OZ-01	5	3	2	23	2	6	4	0	0	7	9	7	5	3
TCGA-EW-A1P0-01	0	0	2	0	0	4	2	6	4	2	0	7	1	0
TCGA-EW-A1P1-01	0	0	0	0	0	0	0	2	0	1	0	0	0	0
TCGA-EW-A1P3-01	1	0	0	6	3	0	1	2	0	0	1	6	0	8
TCGA-EW-A1P4-01	1	7	3	1	0	2	6	15	13	13	0	0	0	16
TCGA-EW-A1P5-01	0	1	0	10	0	0	1	0	5	0	0	0	3	0
TCGA-EW-A1P6-01	0	0	0	3	3	0	1	9	0	0	1	0	0	9
TCGA-EW-A1P7-01	0	0	0	0	0	0	0	0	7	10	0	2	0	0
TCGA-EW-A1P8-01	0	0	2	5	1	3	3	0	7	12	6	0	0	0
TCGA-EW-A1PA-01	1	3	0	5	3	2	9	0	1	10	3	0	0	4
TCGA-EW-A1PB-01	18	38	21	4	23	0	1	6	7	30	9	7	18	0
TCGA-EW-A1PD-01	5	9	5	0	2	6	0	0	14	25	20	3	3	1
TCGA-EW-A1PE-01	5	0	0	6	1	1	3	0	9	6	5	0	0	2
TCGA-EW-A1PG-01	0	0	0	2	2	3	4	0	0	0	0	0	0	0
TCGA-EW-A1PH-01	2	1	6	17	0	6	7	0	0	9	8	0	2	4
TCGA-EW-A2FR-01	3	8	0	9	4	0	2	3	0	0	9	1	3	12
TCGA-EW-A2FS-01	0	2	0	10	1	8	0	6	0	0	8	0	4	6
TCGA-EW-A2FV-01	1	0	0	0	0	0	7	6	3	0	3	2	2	8
TCGA-EW-A2FW-01	2	0	0	13	1	0	0	0	0	0	2	0	5	3
TCGA-EW-A423-01	7	10	0	18	7	4	3	0	5	2	11	9	0	12
TCGA-EW-A6S9-01	2	1	0	8	1	2	2	3	3	0	2	1	6	0
TCGA-EW-A6SA-01	8	7	1	9	3	3	11	17	26	5	16	3	14	0
TCGA-EW-A6SB-01	0	5	2	13	3	12	10	3	1	11	6	3	0	12
TCGA-EW-A6SC-01	6	0	0	2	1	4	0	4	11	0	4	2	1	4
TCGA-EW-A6SD-01	13	8	9	9	3	9	1	2	3	0	5	0	6	0
TCGA-GI-A2C8-01	7	11	6	16	0	5	1	7	12	33	3	18	18	11
TCGA-GM-A2D9-01	182	114	118	12	140	0	26	4	0	0	49	0	0	0
TCGA-GM-A2DA-01	2	6	0	3	3	0	6	18	5	0	0	0	2	0
TCGA-GM-A2DB-01	2	5	6	11	7	0	5	22	2	10	6	1	20	31
TCGA-GM-A2DC-01	0	0	0	10	2	0	0	5	0	0	0	10	0	0
TCGA-GM-A2DD-01	2	3	0	7	0	7	5	0	14	15	4	1	2	8
TCGA-GM-A2DF-01	1	3	3	11	3	3	3	6	0	4	3	13	0	0
TCGA-GM-A2DH-01	26	42	40	4	10	3	11	10	11	16	3	41	15	0
TCGA-GM-A2DI-01	22	19	11	0	7	0	13	7	0	0	12	0	0	0
TCGA-GM-A2DK-01	3	0	0	5	3	6	5	3	0	0	0	0	3	9
TCGA-GM-A2DL-01	5	3	1	6	2	1	4	4	0	0	6	0	17	0
TCGA-GM-A2DM-01	2	0	0	0	3	4	3	2	0	0	0	0	5	8
TCGA-GM-A2DN-01	1	0	0	4	1	0	1	0	0	0	4	0	0	8
TCGA-GM-A2DO-01	53	47	36	4	46	1	33	0	0	0	0	0	0	0
TCGA-GM-A3NW-01	13	13	22	14	11	0	4	4	1	0	13	0	0	0
TCGA-GM-A3XL-01	7	22	15	9	6	8	5	0	0	34	5	0	2	31
TCGA-GM-A4E0-01	0	0	0	6	2	0	5	8	3	0	0	0	1	9
TCGA-GM-A5PV-01	5	0	2	1	2	5	4	8	0	7	3	0	0	10
TCGA-GM-A5PX-01	4	3	0	8	1	4	3	0	3	0	2	8	0	6
TCGA-HN-A2NL-01	2	7	1	4	0	10	3	20	0	11	7	12	14	0
TCGA-HN-A2OB-01	2	0	2	1	0	0	1	8	4	1	0	0	0	0
TCGA-JL-A3YX-01	10	3	4	9	6	1	1	2	6	0	3	0	0	4
TCGA-LD-A66U-01	1	0	0	8	2	1	0	2	22	0	0	1	7	0
TCGA-LD-A74U-01	99	41	73	18	61	0	24	3	0	0	33	0	0	0
TCGA-LD-A7W5-01	6	4	5	10	3	0	6	12	15	0	2	0	0	2
TCGA-LD-A7W6-01	1	0	2	5	3	2	1	15	8	0	4	0	5	0
TCGA-LD-A9QF-01	1	2	0	8	0	2	4	15	0	3	4	0	0	0
TCGA-LL-A440-01	1	0	0	2	0	0	1	0	0	0	0	2	0	0
TCGA-LL-A50Y-01	1	0	0	7	5	5	0	14	3	0	1	0	0	7
TCGA-LL-A5YL-01	15	6	7	10	15	1	18	8	3	0	5	5	0	0
TCGA-LL-A5YM-01	0	3	0	5	5	0	0	6	8	3	6	0	0	4
TCGA-LL-A5YN-01	0	0	0	7	1	4	5	4	4	1	6	11	0	0
TCGA-LL-A5YO-01	2	7	8	2	1	4	1	0	8	13	4	0	5	6
TCGA-LL-A5YP-01	5	3	8	0	4	1	2	6	19	15	10	17	15	0
TCGA-LL-A6FP-01	9	3	0	4	3	1	10	0	13	0	13	12	4	3
TCGA-LL-A6FQ-01	3	0	0	23	3	5	4	4	3	0	9	9	1	5
TCGA-LL-A6FR-01	1	1	2	6	1	6	6	17	5	15	3	0	0	0
TCGA-LL-A73Y-01	25	45	52	0	14	11	18	9	12	0	0	0	0	7
TCGA-LL-A73Z-01	1	0	2	7	4	0	1	8	7	0	0	3	0	15
TCGA-LL-A740-01	4	1	0	12	3	7	2	0	10	1	10	18	0	0
TCGA-LL-A7SZ-01	5	1	2	10	3	7	12	11	13	0	2	0	4	5
TCGA-LL-A7T0-01	5	5	0	18	6	4	9	13	10	0	0	0	7	0
TCGA-LL-A8F5-01	1	7	15	8	14	20	4	20	4	37	6	28	6	30
TCGA-LL-A9Q3-01	6	0	0	16	2	1	8	0	7	4	2	0	1	21
TCGA-OK-A5Q2-01	3	2	0	3	1	1	14	16	2	1	0	0	0	0
TCGA-OL-A5D6-01	4	1	2	4	3	0	6	21	0	0	6	0	0	10
TCGA-OL-A5D7-01	5	4	5	12	2	5	0	1	4	18	4	2	4	14
TCGA-OL-A5D8-01	3	2	0	10	0	4	0	2	2	6	1	7	0	2
TCGA-OL-A5DA-01	20	22	13	7	9	3	23	4	4	0	9	0	0	0
TCGA-OL-A5RU-01	0	1	0	14	1	0	0	3	5	0	13	0	0	9
TCGA-OL-A5RV-01	0	0	0	2	0	0	1	9	3	2	0	0	0	0
TCGA-OL-A5RW-01	24	48	42	0	21	14	10	1	24	42	5	22	0	0
TCGA-OL-A5RX-01	1	2	0	9	0	3	5	0	5	0	0	0	1	9
TCGA-OL-A5RY-01	1	1	0	4	0	1	0	0	4	2	0	0	0	0
TCGA-OL-A5RZ-01	9	8	0	38	3	6	11	0	8	17	13	22	17	0
TCGA-OL-A5S0-01	2	1	2	14	3	2	4	4	4	5	0	1	0	2
TCGA-OL-A66H-01	0	0	0	4	2	1	0	0	6	8	3	0	2	1
TCGA-OL-A66I-01	1	3	0	8	3	3	4	11	0	9	14	0	0	0
TCGA-OL-A66J-01	5	0	4	11	6	8	1	16	4	0	2	9	2	0
TCGA-OL-A66K-01	1	0	2	14	4	0	0	0	11	3	4	0	0	8
TCGA-OL-A66L-01	26	15	6	9	16	4	7	0	1	0	0	10	0	0
TCGA-OL-A66N-01	1	1	0	14	1	5	5	17	7	0	6	0	0	1
TCGA-OL-A66O-01	1	1	0	8	0	2	0	14	3	0	2	7	0	0
TCGA-OL-A66P-01	1	2	0	10	5	9	9	0	10	8	3	8	30	28
TCGA-OL-A6VO-01	1	0	2	12	0	1	0	1	1	1	5	0	6	8
TCGA-OL-A6VQ-01	21	11	6	10	10	3	6	0	9	0	0	0	5	1
TCGA-OL-A6VR-01	1	0	0	3	0	0	1	0	10	0	0	0	2	0
TCGA-OL-A97C-01	1	0	2	8	0	2	0	4	21	4	9	0	0	19
TCGA-PE-A5DC-01	8	4	10	16	10	13	4	8	6	35	7	20	7	6
TCGA-PE-A5DD-01	15	9	8	14	15	3	7	0	0	0	2	12	0	0
TCGA-PE-A5DE-01	200	97	120	3	129	0	93	0	6	0	41	0	0	0
TCGA-PL-A8LV-01	11	7	30	6	7	14	2	11	3	19	9	11	20	5
TCGA-PL-A8LX-01	1	0	0	6	0	4	1	6	17	7	2	0	0	5
TCGA-PL-A8LY-01	0	0	0	0	0	2	0	2	2	0	0	1	0	0
TCGA-PL-A8LZ-01	8	0	1	6	14	5	8	3	11	16	10	36	18	0
TCGA-S3-A6ZF-01	2	3	1	23	0	0	0	1	0	0	2	12	3	5
TCGA-S3-A6ZG-01	1	0	1	7	5	1	15	12	3	1	0	0	0	14
TCGA-S3-A6ZH-01	1	0	2	11	5	1	6	0	8	8	0	0	3	0
TCGA-S3-AA0Z-01	9	6	0	17	0	7	1	0	0	0	4	19	14	0
TCGA-S3-AA10-01	6	10	7	4	6	5	0	8	11	46	11	21	0	15
TCGA-S3-AA11-01	1	1	0	2	5	2	8	3	17	0	12	9	24	12
TCGA-S3-AA12-01	2	3	0	9	3	3	4	10	0	0	3	23	0	0
TCGA-S3-AA14-01	2	3	0	6	1	0	0	6	2	4	0	0	0	0
TCGA-S3-AA15-01	9	8	14	5	9	1	5	0	2	4	3	0	0	0
TCGA-S3-AA17-01	6	8	7	4	3	3	10	13	16	20	0	10	0	41
TCGA-UL-AAZ6-01	7	12	0	0	2	5	6	18	34	11	8	4	17	16
TCGA-UU-A93S-01	5	6	9	21	13	9	0	0	21	26	8	30	34	14
TCGA-V7-A7HQ-01	1	1	4	6	0	0	1	0	2	5	1	10	0	0
TCGA-W8-A86G-01	1	1	0	2	1	1	1	17	8	0	1	2	0	0
TCGA-WT-AB41-01	13	0	2	4	7	1	5	13	9	3	4	0	0	1
TCGA-WT-AB44-01	0	0	0	18	3	0	1	1	12	0	2	0	9	14
TCGA-XX-A899-01	12	6	2	0	7	1	16	5	2	0	5	0	0	4
TCGA-XX-A89A-01	41	58	77	9	19	0	22	8	0	0	31	0	0	0
TCGA-Z7-A8R5-01	1	0	0	18	0	1	0	11	0	0	0	0	2	1
TCGA-Z7-A8R6-01	25	13	9	11	12	1	12	0	16	1	7	0	0	0
