MutationType	SBS96A	SBS96B	SBS96C	SBS96D	SBS96E	SBS96F	SBS96G	SBS96H	SBS96I	SBS96J	SBS96K
A[C>A]A	2.52E-04	3.10E-03	4.12E-03	6.71E-03	6.52E-03	2.27E-03	2.13E-03	4.33E-03	4.20E-03	2.37E-03	9.64E-03
A[C>A]C	1.33E-04	2.81E-03	0.00E+00	4.18E-03	1.61E-03	4.48E-03	3.13E-03	2.23E-03	6.57E-03	3.27E-03	2.86E-03
A[C>A]G	1.13E-04	4.49E-03	1.10E-03	5.67E-04	1.77E-03	2.78E-03	4.10E-03	1.76E-03	1.18E-03	4.50E-04	8.52E-03
A[C>A]T	3.39E-04	1.51E-03	1.20E-03	3.36E-03	5.46E-03	1.76E-03	8.97E-03	4.75E-03	1.46E-08	1.05E-02	5.34E-03
A[C>G]A	1.40E-04	5.96E-03	1.25E-03	2.98E-03	5.42E-03	5.45E-03	4.08E-03	2.12E-03	2.96E-03	2.29E-03	5.87E-03
A[C>G]C	1.54E-04	2.84E-03	3.40E-37	9.58E-04	3.20E-03	2.03E-03	3.34E-03	2.84E-03	4.38E-03	4.05E-03	1.23E-07
A[C>G]G	2.58E-04	1.86E-03	3.90E-08	2.17E-03	8.93E-04	2.55E-03	3.90E-03	3.82E-03	1.71E-03	1.76E-03	7.68E-08
A[C>G]T	1.97E-04	6.00E-03	1.87E-03	8.63E-03	2.68E-03	4.40E-03	9.12E-03	3.43E-03	2.62E-03	9.30E-03	2.01E-03
A[C>T]A	1.04E-03	7.44E-03	1.57E-03	1.96E-03	5.24E-03	4.53E-03	4.84E-03	1.08E-02	1.05E-02	5.22E-03	1.00E-03
A[C>T]C	5.40E-04	2.36E-03	1.61E-03	4.25E-03	1.47E-03	3.13E-03	9.36E-03	3.45E-03	3.79E-03	6.03E-03	5.03E-03
A[C>T]G	1.06E-03	5.52E-03	6.62E-03	1.18E-02	4.03E-03	7.64E-03	1.42E-02	6.14E-03	1.65E-02	3.82E-03	2.07E-02
A[C>T]T	2.65E-04	7.27E-03	8.84E-04	4.60E-03	3.98E-03	5.34E-03	2.90E-03	1.60E-03	4.36E-03	2.67E-03	3.88E-03
A[T>A]A	9.55E-05	3.23E-03	5.75E-08	3.18E-03	1.15E-03	2.49E-03	1.92E-03	2.71E-03	1.59E-03	1.78E-03	1.02E-07
A[T>A]C	1.57E-04	2.64E-03	5.93E-04	1.55E-03	1.33E-03	2.14E-03	5.32E-03	1.04E-03	5.25E-03	5.16E-03	2.86E-03
A[T>A]G	1.85E-04	2.34E-03	1.07E-07	6.89E-03	1.91E-03	4.30E-03	5.44E-03	7.79E-03	1.84E-03	4.82E-03	1.41E-03
A[T>A]T	0.00E+00	4.39E-03	3.78E-03	7.88E-03	1.59E-03	4.49E-03	1.08E-03	1.74E-03	3.03E-03	6.30E-03	7.01E-03
A[T>C]A	5.20E-04	2.35E-03	1.90E-08	7.55E-03	8.76E-03	8.63E-03	5.69E-03	2.39E-03	3.73E-03	5.01E-03	1.11E-02
A[T>C]C	4.96E-04	2.46E-03	3.16E-03	3.28E-03	1.35E-03	1.57E-03	4.16E-03	5.29E-03	4.19E-04	2.87E-03	3.79E-03
A[T>C]G	2.36E-04	6.27E-03	1.73E-03	2.17E-03	3.17E-03	4.39E-03	5.90E-03	4.42E-03	3.68E-03	3.40E-03	3.25E-03
A[T>C]T	2.40E-04	2.02E-03	1.52E-03	1.77E-02	5.47E-03	4.42E-03	9.36E-03	5.28E-03	2.03E-03	1.01E-02	6.49E-03
A[T>G]A	6.07E-05	1.02E-03	2.67E-08	4.61E-03	1.65E-03	4.08E-03	2.49E-03	2.93E-03	1.11E-03	3.77E-03	2.06E-03
A[T>G]C	5.22E-05	2.85E-03	4.33E-08	2.02E-06	2.06E-03	1.60E-03	1.51E-03	1.41E-03	6.03E-07	1.06E-03	2.33E-08
A[T>G]G	1.93E-04	3.40E-03	5.27E-08	3.20E-03	1.73E-03	4.85E-03	2.62E-03	4.53E-03	5.35E-03	1.71E-03	9.30E-08
A[T>G]T	1.27E-04	1.11E-03	5.66E-08	3.11E-03	1.47E-03	7.85E-04	2.03E-03	4.87E-03	2.30E-03	6.23E-03	1.20E-03
C[C>A]A	8.63E-05	6.30E-03	3.70E-28	5.36E-03	3.87E-03	9.00E-03	5.45E-03	3.98E-03	4.85E-03	4.92E-03	7.59E-03
C[C>A]C	1.48E-04	5.97E-03	1.35E-03	9.52E-03	7.37E-03	4.12E-03	1.99E-03	6.83E-03	3.91E-14	7.87E-03	2.15E-34
C[C>A]G	4.03E-04	3.03E-03	1.71E-03	2.10E-03	6.26E-04	5.78E-04	1.89E-03	7.84E-04	1.31E-03	9.36E-04	2.69E-03
C[C>A]T	2.51E-04	6.74E-03	9.62E-23	5.88E-03	7.47E-03	1.58E-03	7.32E-03	6.17E-03	3.61E-03	3.83E-03	4.70E-03
C[C>G]A	4.76E-04	5.23E-03	1.86E-08	6.38E-03	3.46E-03	3.38E-03	2.94E-03	3.19E-03	3.15E-03	3.21E-03	7.75E-03
C[C>G]C	1.78E-04	5.21E-03	1.48E-08	2.59E-03	2.36E-03	2.35E-03	4.67E-03	7.06E-03	2.06E-03	6.72E-03	9.06E-03
C[C>G]G	3.19E-04	1.61E-03	2.87E-33	2.48E-03	8.90E-04	5.91E-03	9.97E-08	2.16E-03	5.24E-03	3.40E-03	9.14E-04
C[C>G]T	7.96E-04	7.63E-03	0.00E+00	8.08E-03	5.27E-03	4.82E-03	2.86E-03	4.45E-03	8.32E-03	6.60E-03	9.75E-04
C[C>T]A	4.82E-04	2.72E-03	1.36E-03	5.24E-03	3.57E-03	6.73E-03	5.44E-03	9.50E-03	4.49E-03	7.82E-03	5.26E-03
C[C>T]C	7.08E-04	3.93E-03	4.38E-16	4.42E-03	5.53E-03	6.98E-03	2.06E-03	3.63E-03	1.74E-03	5.47E-03	2.03E-03
C[C>T]G	1.27E-03	2.36E-03	7.27E-03	1.41E-03	2.16E-03	1.10E-02	6.75E-03	3.51E-03	1.23E-02	9.54E-03	7.44E-03
C[C>T]T	4.53E-04	3.99E-03	1.13E-03	1.64E-03	3.52E-03	6.89E-03	7.40E-03	5.30E-03	4.77E-03	4.49E-03	3.70E-03
C[T>A]A	6.76E-05	2.56E-03	1.53E-03	1.29E-03	1.17E-03	2.34E-03	2.58E-03	3.38E-03	1.72E-03	1.38E-03	1.60E-03
C[T>A]C	2.98E-04	3.67E-03	1.13E-03	4.01E-03	3.81E-03	5.02E-03	5.14E-03	3.37E-03	1.37E-03	6.37E-03	3.42E-03
C[T>A]G	2.42E-04	1.14E-03	2.56E-09	1.59E-03	2.41E-03	3.66E-03	3.88E-03	2.68E-03	9.09E-03	3.94E-03	1.28E-07
C[T>A]T	0.00E+00	5.26E-03	0.00E+00	3.99E-03	3.63E-03	3.88E-03	1.74E-03	4.69E-03	3.75E-03	2.43E-03	1.95E-03
C[T>C]A	2.78E-04	1.72E-03	3.83E-08	1.73E-03	1.65E-03	2.74E-03	2.77E-03	1.95E-03	2.28E-03	1.80E-03	1.69E-05
C[T>C]C	1.65E-04	3.71E-03	0.00E+00	5.21E-03	2.41E-03	4.07E-03	5.12E-03	3.37E-03	2.86E-03	2.50E-03	5.68E-03
C[T>C]G	2.76E-04	3.42E-03	1.61E-11	4.23E-03	4.27E-03	1.81E-03	6.76E-03	1.49E-03	9.59E-04	3.35E-03	1.17E-02
C[T>C]T	1.88E-04	2.89E-03	9.35E-04	3.15E-03	4.53E-03	4.62E-03	3.85E-03	1.36E-03	2.35E-03	3.23E-03	1.96E-03
C[T>G]A	0.00E+00	1.34E-03	3.77E-08	8.15E-04	5.84E-04	2.55E-03	3.19E-04	9.28E-04	4.12E-04	1.83E-03	2.90E-03
C[T>G]C	2.23E-04	1.67E-03	9.31E-04	2.92E-03	2.11E-03	5.30E-03	9.96E-04	3.88E-03	1.95E-03	1.24E-03	3.86E-03
C[T>G]G	1.48E-04	2.87E-03	0.00E+00	3.32E-03	3.43E-03	3.99E-03	6.89E-03	3.29E-03	3.10E-03	6.83E-03	3.48E-03
C[T>G]T	0.00E+00	2.59E-03	5.26E-08	3.72E-03	2.10E-03	7.32E-03	3.89E-03	2.77E-03	4.22E-03	4.35E-03	7.12E-03
G[C>A]A	1.97E-04	3.65E-03	1.20E-03	3.67E-03	2.48E-03	3.40E-03	2.25E-03	2.81E-03	8.51E-03	2.45E-03	2.16E-03
G[C>A]C	3.20E-04	4.48E-03	8.49E-04	5.77E-03	3.13E-03	3.78E-03	3.86E-03	3.63E-03	1.17E-03	3.37E-03	1.09E-03
G[C>A]G	2.08E-04	1.67E-03	2.78E-03	2.35E-03	1.51E-03	3.42E-07	3.94E-03	4.66E-04	5.18E-03	2.09E-03	2.11E-03
G[C>A]T	2.79E-04	3.18E-03	1.27E-03	3.05E-03	2.91E-03	3.54E-03	2.74E-03	5.36E-03	4.54E-03	2.89E-03	6.08E-03
G[C>G]A	4.96E-04	7.66E-03	1.37E-03	4.38E-03	4.32E-03	9.78E-04	3.09E-03	1.47E-03	1.12E-03	2.32E-03	5.78E-04
G[C>G]C	1.71E-04	1.42E-03	4.67E-08	4.06E-03	1.02E-03	1.56E-03	4.93E-03	1.72E-03	7.80E-04	2.27E-03	3.07E-03
G[C>G]G	2.16E-04	9.08E-04	4.28E-08	1.46E-03	1.41E-03	1.04E-03	1.46E-03	8.59E-04	1.23E-07	0.00E+00	4.31E-07
G[C>G]T	3.77E-04	4.89E-03	1.81E-03	8.77E-03	2.59E-03	2.41E-03	5.99E-03	5.53E-03	9.64E-08	3.76E-03	4.40E-07
G[C>T]A	4.00E-04	4.97E-03	5.33E-04	3.15E-03	1.21E-02	7.73E-03	5.73E-03	5.42E-03	1.44E-02	3.08E-03	8.99E-03
G[C>T]C	3.59E-04	4.28E-03	9.23E-04	2.74E-03	5.19E-03	2.06E-03	6.83E-03	6.30E-03	3.00E-03	8.83E-03	5.05E-03
G[C>T]G	1.36E-03	3.16E-03	4.87E-03	7.31E-03	9.63E-04	9.37E-03	7.44E-03	5.74E-03	1.03E-02	1.43E-02	4.73E-08
G[C>T]T	4.56E-04	5.33E-03	1.74E-03	2.51E-03	1.05E-02	5.40E-03	1.91E-03	2.91E-03	3.92E-03	6.79E-03	3.03E-03
G[T>A]A	7.37E-05	4.81E-04	7.04E-04	2.11E-03	3.16E-03	1.63E-03	6.25E-03	1.43E-03	2.45E-03	8.86E-04	3.11E-03
G[T>A]C	0.00E+00	3.59E-03	0.00E+00	4.18E-03	1.40E-03	1.45E-03	1.38E-03	1.44E-03	6.40E-04	2.60E-03	3.59E-03
G[T>A]G	2.14E-04	2.49E-03	1.05E-03	4.27E-03	3.10E-03	2.37E-03	4.35E-03	3.52E-03	1.11E-03	4.19E-03	1.87E-03
G[T>A]T	3.12E-05	5.92E-03	1.10E-03	6.92E-03	2.04E-03	5.88E-04	2.18E-03	2.20E-03	3.15E-03	1.71E-03	1.68E-07
G[T>C]A	1.31E-04	2.03E-03	1.01E-03	1.91E-03	5.81E-03	2.62E-03	3.42E-03	1.15E-02	1.05E-03	3.51E-03	3.50E-07
G[T>C]C	1.13E-04	2.47E-03	9.41E-04	3.49E-03	5.15E-03	5.07E-03	2.48E-03	1.64E-03	5.04E-03	1.32E-03	2.30E-08
G[T>C]G	2.14E-04	2.96E-03	1.36E-03	1.48E-03	1.15E-03	2.71E-03	2.15E-03	4.52E-03	2.92E-03	6.90E-03	3.24E-07
G[T>C]T	1.12E-04	4.26E-03	1.07E-03	2.47E-03	9.87E-04	1.76E-03	4.01E-03	2.63E-03	1.78E-03	3.64E-03	7.22E-03
G[T>G]A	0.00E+00	2.90E-03	0.00E+00	1.44E-03	3.29E-03	3.89E-03	1.01E-03	1.88E-03	1.05E-03	3.37E-03	4.13E-03
G[T>G]C	4.98E-05	1.28E-03	1.05E-03	2.54E-03	9.49E-04	7.50E-04	2.10E-03	9.90E-04	1.72E-07	2.19E-03	2.77E-03
G[T>G]G	2.98E-04	4.32E-03	1.06E-03	4.86E-03	4.02E-03	2.49E-03	3.11E-03	7.20E-03	2.89E-03	1.83E-03	1.79E-07
G[T>G]T	3.00E-04	7.35E-04	7.29E-04	2.09E-03	3.37E-03	1.96E-03	4.28E-03	3.16E-03	2.60E-03	2.88E-03	1.21E-03
T[C>A]A	1.32E-03	2.80E-03	3.52E-03	8.27E-03	3.08E-03	3.75E-03	7.61E-03	1.16E-02	1.04E-02	6.80E-03	8.02E-03
T[C>A]C	7.61E-04	9.47E-03	2.41E-03	5.88E-04	5.52E-03	2.30E-03	7.76E-03	4.05E-03	1.28E-03	8.49E-03	6.77E-03
T[C>A]G	4.47E-04	1.52E-03	1.19E-03	4.83E-03	0.00E+00	3.83E-03	8.29E-04	0.00E+00	5.41E-03	4.65E-04	5.16E-03
T[C>A]T	9.50E-04	3.38E-03	1.55E-03	1.04E-02	5.05E-03	3.35E-03	8.21E-04	7.97E-03	1.05E-03	7.59E-03	5.24E-03
T[C>G]A	4.18E-03	3.40E-03	6.43E-03	6.85E-03	9.25E-03	4.11E-03	4.80E-03	9.76E-03	2.87E-03	8.83E-03	1.06E-02
T[C>G]C	7.56E-04	5.90E-03	4.24E-03	6.11E-03	1.48E-02	5.74E-03	5.34E-03	4.79E-03	3.60E-03	1.04E-02	1.26E-02
T[C>G]G	1.28E-03	5.49E-04	1.27E-03	1.43E-03	7.43E-04	1.21E-03	2.04E-03	2.00E-03	1.41E-07	2.47E-03	3.87E-03
T[C>G]T	3.75E-03	1.26E-02	7.42E-03	7.53E-03	8.60E-03	8.19E-03	7.40E-03	2.06E-02	5.40E-03	1.70E-02	1.62E-02
T[C>T]A	5.71E-03	7.51E-04	1.06E-02	6.77E-03	1.38E-02	3.39E-03	1.32E-03	1.35E-02	5.28E-03	2.32E-02	1.06E-02
T[C>T]C	1.68E-03	4.79E-03	4.93E-03	8.47E-04	3.76E-03	6.80E-03	6.41E-03	5.15E-03	4.85E-03	8.78E-03	1.59E-03
T[C>T]G	1.51E-03	3.48E-03	3.79E-03	5.34E-03	4.39E-03	9.09E-03	1.73E-02	4.62E-03	9.51E-03	4.73E-03	3.86E-03
T[C>T]T	2.96E-03	3.95E-03	4.03E-03	8.55E-03	6.27E-03	9.87E-03	6.12E-03	7.22E-03	1.29E-02	1.10E-02	1.12E-02
T[T>A]A	4.07E-04	2.42E-03	1.67E-03	7.29E-03	1.20E-03	4.54E-03	6.22E-03	2.82E-03	5.33E-03	7.62E-03	3.44E-03
T[T>A]C	1.47E-04	8.11E-04	1.03E-03	3.63E-03	1.93E-03	3.10E-03	2.84E-03	8.06E-04	9.95E-03	1.39E-03	2.57E-03
T[T>A]G	1.39E-04	2.15E-03	2.88E-42	4.58E-04	4.47E-03	9.20E-04	2.55E-03	5.41E-03	5.11E-03	3.04E-03	5.45E-03
T[T>A]T	1.81E-04	5.58E-03	7.27E-04	6.33E-03	4.16E-03	1.08E-03	1.04E-02	2.04E-03	7.54E-04	6.66E-03	4.88E-03
T[T>C]A	0.00E+00	1.25E-04	2.02E-03	2.21E-03	4.35E-03	4.49E-03	3.41E-03	3.02E-03	6.70E-03	3.33E-03	1.16E-03
T[T>C]C	0.00E+00	3.79E-03	1.34E-03	2.55E-03	5.13E-03	5.47E-03	2.01E-03	9.40E-04	3.65E-03	4.08E-03	5.59E-03
T[T>C]G	2.08E-04	3.04E-03	1.65E-03	6.57E-08	6.64E-03	1.88E-03	2.19E-03	1.84E-03	1.16E-03	9.85E-04	1.13E-02
T[T>C]T	1.00E-04	2.27E-03	9.80E-04	5.26E-03	6.70E-03	5.06E-03	3.35E-03	2.50E-03	5.03E-03	6.37E-03	6.68E-03
T[T>G]A	2.30E-04	1.17E-03	9.38E-08	5.56E-04	4.53E-03	4.60E-03	2.43E-03	2.02E-07	3.47E-03	4.92E-04	5.90E-03
T[T>G]C	1.24E-04	2.58E-03	1.43E-07	7.26E-04	6.94E-03	3.88E-03	1.53E-03	2.61E-03	1.13E-03	1.52E-03	1.73E-03
T[T>G]G	0.00E+00	2.78E-03	5.33E-08	2.46E-03	2.65E-03	2.90E-03	3.49E-03	8.58E-04	8.84E-04	2.48E-03	9.99E-08
T[T>G]T	1.36E-04	3.50E-03	8.77E-08	3.27E-03	4.34E-03	4.83E-03	3.48E-03	8.99E-03	3.76E-03	3.01E-03	2.72E-07
