MutationType	SBS96A	SBS96B	SBS96C	SBS96D	SBS96E	SBS96F	SBS96G	SBS96H	SBS96I	SBS96J	SBS96K
A[C>A]A	0.0014603125280700624	0.016520479507744313	0.0076171243097633125	0.008478260320139916	0.03339251801371575	0.0055479073897004155	0.014308070577681065	0.011100344313308596	0.00979497330263257	0.004868761257319876	0.04849403649568558
A[C>A]C	0.00021650054259225726	0.00787035347893834	0.0	0.01409855874699133	0.002250556008962336	0.015276626124978066	0.02192905582487583	0.005003130872501061	0.03277089539915323	0.006380802579224109	0.009686274081468582
A[C>A]G	0.0002671267429832369	0.0052877855125005825	0.003825918072834611	0.000566799333319068	0.002873712219297886	0.002775707318107834	0.006325083678711962	0.002557986741885543	0.0011831691617544492	0.0004498613933044737	0.015680218674242498
A[C>A]T	0.0008500064024701715	0.015946603007614614	0.0031997624346182807	0.014382127206772566	0.018421266973018647	0.0026894810095626554	0.03041989468038082	0.014346285071223975	1.4644493262494506e-08	0.015671736001968382	0.017392098531126977
A[C>G]A	0.0024696337059140205	0.01620919806882739	0.0025957556441426276	0.005924015085735046	0.012371266633272171	0.014621457830309752	0.012340674083679915	0.00698297219350934	0.0038892580683750565	0.006248947326093912	0.01754903146963045
A[C>G]C	0.0020297479117289186	0.004052077629603445	3.4005274408945156e-37	0.0009582761906459681	0.008058340195566416	0.019257587753236292	0.00784281012701058	0.003384196385741234	0.009500214202853385	0.005215015377814325	1.230752802713897e-07
A[C>G]G	0.0010321255249436945	0.001863410510122776	3.897470435276773e-08	0.004544316465035081	0.0008943465930315142	0.00678131110034883	0.008420168018255935	0.005859496258199215	0.0017059795843396904	0.002829019800532251	7.681420792287024e-08
A[C>G]T	0.0019272281089797616	0.01883283108472824	0.003992609849287021	0.031741774082183837	0.015475381352007388	0.011467133648693562	0.011561000182592807	0.021828847005963326	0.003633918088326027	0.0358425248414278	0.002010103315114975
A[C>T]A	0.0050354904495179655	0.014645173973557121	0.005431932816281915	0.0053049491485580805	0.015346395783126354	0.008002160675823688	0.016010963171720505	0.026974815502762796	0.021743532828986646	0.00914041033556714	0.0010013870894908905
A[C>T]C	0.0025158660486340524	0.003692840287081367	0.004936526622623205	0.024296585656702518	0.004619787726551294	0.011158656980842351	0.027567243250086904	0.011353676067665219	0.013586176904300373	0.014147053472697735	0.007005991972982883
A[C>T]G	0.0033301224721551392	0.01642163209617138	0.04426446780562401	0.03588387370109558	0.02148453062400222	0.06007063090801239	0.03554094193968922	0.01434400286525488	0.06643699891865254	0.010842020576819777	0.05194511413574219
A[C>T]T	0.0006921150025091867	0.02495305137708783	0.0008835623663856317	0.009508935756181813	0.014350706525146962	0.010920483362860977	0.008761261170729995	0.012986348010599613	0.0070051596904399105	0.014946350455284118	0.017678157426416874
A[T>A]A	0.0005287180421873928	0.007808394130472606	2.0439868251287407e-07	0.00514270866769948	0.0011467153206467628	0.004080505343154073	0.0038752787746489047	0.005598337855190039	0.0015855435884191138	0.0041065165844315745	1.6721855331525148e-07
A[T>A]C	0.0009581403457559646	0.006079354044049978	0.000952661961161283	0.0031309644704890617	0.0019737442955374716	0.006526053696870804	0.0114564752206216	0.0015915100142592565	0.014778984431177377	0.01495116101577878	0.005556093334791967
A[T>A]G	0.0003762025327887386	0.007809083815664053	1.6651058842853672e-07	0.015021479746860678	0.00529442559927702	0.009129726141692997	0.013350771192926913	0.013103483004670125	0.0025635069958411805	0.009976303623989224	0.00197133589765599
A[T>A]T	0.0	0.015192828141152859	0.004442305862903595	0.010041087679564954	0.0025687268898650474	0.015059328824281692	0.0014162428190104492	0.007838994776830078	0.005291219521313906	0.008188837952911854	0.012506277089255492
A[T>C]A	0.001129913269275886	0.0074074325617402795	1.897554255947398e-08	0.024534029886126518	0.014281785234246058	0.013224508657333444	0.013178748063364765	0.00714631733163742	0.006545610962037074	0.01636303626000881	0.023562732370459118
A[T>C]C	0.0010173116810619832	0.008406986854970456	0.0061918669884192925	0.00958810718730092	0.0017486731056123972	0.0016871766711119562	0.010805465560411747	0.012185694184154272	0.00042005492622231857	0.00923963034292683	0.009142148680984974
A[T>C]G	0.0009365937206894159	0.008786105317994952	0.010027357190847398	0.00478813904337585	0.007057484891265631	0.02602609544992447	0.020398494601249696	0.008550038374960423	0.008775806613266468	0.008952382672578096	0.00334313387866132
A[T>C]T	0.0004773981170728803	0.003490697546005575	0.0015235700644552707	0.0400331147480756	0.007737042737983302	0.00929749133065343	0.016357854951638728	0.021646203380078076	0.0020287136534365164	0.024661612696945667	0.00808221004714369
A[T>G]A	0.00014208337233867496	0.0015027782879769801	4.339753729709628e-08	0.014398489729501307	0.010631316807121038	0.0076541264541447164	0.0024855818909145454	0.0082751733250916	0.0011278735251380567	0.007851053308695555	0.00692750578164123
A[T>G]C	0.00020745325018651785	0.009907626081258059	4.333863898864365e-08	3.0052737244545825e-06	0.004456317669234977	0.0035534902941435575	0.00299601131118834	0.003150696819648147	7.001649862559133e-07	0.0016097144873469915	2.3338770915870555e-08
A[T>G]G	0.0007296604686466738	0.005988541711121798	5.268287281978701e-08	0.004975046125207427	0.003522353386506438	0.013544941670261323	0.005591507513588567	0.00800390662625432	0.005572017771216379	0.0038580956871588296	9.302403896072064e-08
A[T>G]T	0.00040192962624132635	0.0023138334785585356	1.3606390041335811e-07	0.005909602367279376	0.0023989464156329633	0.0018423522679825056	0.002028976820565731	0.007399264350533485	0.007845828589051963	0.00975012042860044	0.001198164961851944
C[C>A]A	0.0007732848054729402	0.012050328589975835	3.7016743309671995e-28	0.013281586208000278	0.014214736595749854	0.017947261035442353	0.017520534433424474	0.014091462921351194	0.010609755106270314	0.014963626116514205	0.0231719215400517
C[C>A]C	0.0007686640601605177	0.01643326859921217	0.0032687333529054286	0.028809702396400665	0.011684346571564674	0.0065164554864168165	0.001987933926284313	0.0225359960958599	3.913127959685736e-14	0.01669135894626379	2.150072839860045e-34
C[C>A]G	0.001305635351442902	0.009347555297426879	0.006516507361084223	0.003329035919159651	0.0006262137088924646	0.0009418813511729241	0.0026415782049298286	0.0011917216703295707	0.0030021982969060446	0.0014578421134501696	0.00861430848017335
C[C>A]T	0.0015010506613180041	0.01717620389536023	9.623267987096514e-23	0.03476505093276501	0.013569216747196888	0.007054786756634712	0.014261720329523086	0.011661485210061074	0.013241846673190593	0.012483642250299454	0.004696165156740925
C[C>G]A	0.0045212674885988235	0.013898054288074491	3.018200658289061e-08	0.013006939749038793	0.006914500735075535	0.010912015195935964	0.010994486925210368	0.011458602966740727	0.007693521305918693	0.005749449180439114	0.0077512189745903015
C[C>G]C	0.0006862487643957138	0.011870924502727576	2.4141441201663837e-08	0.0037679842065003314	0.014180246368050575	0.009520804323256016	0.014001958119935409	0.01564516592770815	0.003081217292128713	0.012752549676224589	0.009062365733694833
C[C>G]G	0.0025137733202427624	0.0037313001160839574	2.873944979427096e-33	0.0024775346741080285	0.0014461469736204435	0.017929309420287608	1.5612455761260246e-07	0.005866573378443718	0.00983466748148203	0.005244219675660133	0.0009145270295107366
C[C>G]T	0.005900840042158961	0.023211247959403637	0.0	0.022370361164212225	0.008669931767508387	0.008475241623818875	0.004528951086104011	0.012391909025609493	0.020955628342926507	0.014857150986790657	0.000975496880710125
C[C>T]A	0.011545654386281967	0.00726201431825757	0.002219815365970135	0.007916783599648624	0.01573245320469141	0.020748900063335896	0.018193130574253934	0.027092153253033758	0.010555813045981511	0.021470995200797916	0.005264812336927423
C[C>T]C	0.005749554513022304	0.0125773873180151	4.3830312779174445e-16	0.023214345332235098	0.006999338418245316	0.00845498200505972	0.004516295902431011	0.015481974184513091	0.0017374197972589544	0.02092333723558113	0.0020275156006277937
C[C>T]G	0.007824515737593175	0.013041013479232788	0.03138975761830807	0.0017851364333182572	0.0035227252636104824	0.047957136668264864	0.01604461178649217	0.007668737228960486	0.057715095579624176	0.023337394557893278	0.010122749023139477
C[C>T]T	0.005462267901748419	0.01391669153854309	0.006247575487941503	0.005538315884768963	0.024693836458027363	0.012426134943962098	0.02201815377920866	0.01655205823481083	0.010266771726310252	0.017642356641590595	0.01889508608728647
C[T>A]A	0.00040920270257629456	0.00780945643782639	0.002472595961114621	0.004896443616598844	0.001618766208665079	0.005084000434726477	0.005359801950032761	0.0054259875789284704	0.0017180947046000483	0.002047415170818567	0.0015952270478010178
C[T>A]C	0.0009742992231622338	0.008339133486151696	0.0032041415106505156	0.009162603942878026	0.011020278371870518	0.005685161892324686	0.010376296006143093	0.007392805628478527	0.0016960843924607616	0.017825729493051768	0.0034158341586589813
C[T>A]G	0.0006614064564928413	0.0024795982986688613	2.5562596982090306e-09	0.0034889405127614737	0.004632259719073772	0.011684373905882239	0.008980400348082184	0.004058132681359438	0.03164669778198004	0.008590230531990529	2.093453417728597e-07
C[T>A]T	0.0	0.011771521661296457	0.0	0.004903989680616405	0.004787782813204444	0.005248194094747305	0.0053228220799525165	0.011847857479006052	0.007731533033552296	0.0039970604702830315	0.001950660694024009
C[T>C]A	0.000850748858647421	0.007447987981140614	8.635963695269311e-08	0.0027684675638397615	0.004810517420992255	0.008261192624922841	0.004497967101633549	0.0024700190406292677	0.003450771886855364	0.0037022522499427168	1.7108546728650253e-05
C[T>C]C	0.0003282388555817306	0.007722960660362333	0.0	0.014244804857298732	0.003734637938123342	0.015433159843087196	0.015831685997545718	0.016852240636944772	0.00840952298603952	0.002501768013189576	0.007317394687051148
C[T>C]G	0.001895018678624183	0.010493222810328006	1.613783551235315e-11	0.009979639574885369	0.019944631587713958	0.0030064681242947698	0.010262127213104804	0.003591325506567955	0.0009586185216903702	0.0038055886281654237	0.029313126113265753
C[T>C]T	0.0003495024304356775	0.017556182295084	0.001367409739481218	0.006322123126523138	0.012214206624776125	0.005442210659384728	0.014677432831376791	0.0019754631585669814	0.003438867553217051	0.0058429192285984755	0.001956210471689701
C[T>G]A	0.0	0.003827540580027744	3.7715832945650615e-08	0.0010707102955109348	0.0009210747662905305	0.003169340276508592	0.00031945354345381817	0.001357083208858968	0.0004138453980317536	0.001825558666496363	0.0029048587195688925
C[T>G]C	0.0005216749850660563	0.0023217460606247188	0.005345138581469655	0.009073925763368606	0.006357978936284781	0.010595870949327946	0.0028235140722244977	0.005441803019493818	0.0071072580314989866	0.001242811419069767	0.00710869189525738
C[T>G]G	0.0011364422389306128	0.008947570528835058	0.0	0.01872687805444002	0.010581619469394293	0.0064873088151216505	0.01869400404393673	0.014127200841903687	0.003101962453001761	0.013285786285996437	0.007766205187351716
C[T>G]T	0.0	0.005880660470575094	8.58449539009598e-08	0.01033489778637886	0.006382729578763247	0.008728891797363757	0.0190201036632061	0.0043790746724714745	0.006879812028273591	0.010199788585305214	0.008230758736340249
G[C>A]A	0.0010364437359385193	0.013428178057074547	0.005128418654203415	0.019164957478642462	0.00593195017427206	0.00534268319606781	0.0066223620437085625	0.01329174409620464	0.03115324452519417	0.004232390396322216	0.0021640824154019354
G[C>A]C	0.0011179691762663424	0.03013903982937336	0.0018037885893136263	0.01352547559050663	0.023580831475555897	0.00616715457290411	0.00908174924552444	0.00865992410108447	0.0011691439234937206	0.006261454480376632	0.0010913193225887425
G[C>A]G	0.0006017907988280057	0.0016659490764141082	0.009215525072067975	0.0028943115415756893	0.003135327808558941	3.4170875551353674e-07	0.00619113240391016	0.000666297588031739	0.0067183765365939506	0.0020968790721667572	0.0021122853319809564
G[C>A]T	0.001025570314959623	0.012047433480620384	0.0037360507461016825	0.004267226590104656	0.006739496043536519	0.005879199644617297	0.006264675874263048	0.014277413114905357	0.006578693558640225	0.016074615716934203	0.006080243009656186
G[C>G]A	0.0024135862360708414	0.015247962530702352	0.0059872281039133664	0.00708913339353785	0.00926603339612484	0.0009783824467376689	0.004646877944469452	0.003330386895686388	0.0016658988781273365	0.003568638896427956	0.0005893356943204253
G[C>G]C	0.000509416830027476	0.007467568758875132	9.809322847331714e-08	0.010686356811424958	0.005909269955009222	0.0035522363148629667	0.011501125051427152	0.002427748213904124	0.0012306657228236873	0.004002136717554094	0.009012445621192456
G[C>G]G	0.0013528613140806555	0.001941394862069501	6.883832668336253e-08	0.003942419653981233	0.0022649999707937242	0.0029195639915997164	0.0022696842439472674	0.0008589237896330815	1.8832217278941244e-07	0.0	5.789298825220612e-07
G[C>G]T	0.0017573637305758893	0.024446635507047176	0.006474662804976106	0.019897943026148824	0.010060530574992298	0.002932550944387913	0.013278330117464066	0.015205704994230018	9.64157493399398e-08	0.00816228035837412	4.4044491005479357e-07
G[C>T]A	0.005720152612775564	0.010389618016779423	0.0011416139430366456	0.007325685291289119	0.04447723031044006	0.010042084868327448	0.012272461806423962	0.006736490502953529	0.04042029194533825	0.0034705363679677246	0.013212687525447108
G[C>T]C	0.004802652634680271	0.01561024715308008	0.0018412640551105143	0.0039479831723724605	0.01148861153051257	0.004425811907276511	0.015097248554229736	0.013119564804947003	0.008395521063357591	0.02171648000366986	0.025267063267529012
G[C>T]G	0.009614141564816237	0.02369832284748554	0.020145892165601254	0.021048705279827117	0.0009629414416849613	0.05667864978313446	0.01916665820754133	0.014764319639652967	0.055326846241950986	0.022257657861337064	4.732863203571469e-08
G[C>T]T	0.004395235935226083	0.015359319560229779	0.005242523457854986	0.004018545523285866	0.02046730611473322	0.010792006552219392	0.003081991802901104	0.011051651509478688	0.019291285425424576	0.01549424221739173	0.0035004661999465726
G[T>A]A	0.0002207357931183651	0.0004812061320990324	0.0016930296281962853	0.004743641015151767	0.005161537509360414	0.00381738964933902	0.01260285146095157	0.0023187962360680103	0.007119909441098571	0.0012745433055009413	0.007083763701109547
G[T>A]C	0.0	0.010073751729424884	0.0	0.0077300267235841606	0.0019392470623870394	0.0023598500638399855	0.002024649210534335	0.0022929826574682012	0.0006406813893420349	0.004102525673806668	0.005755871175949778
G[T>A]G	0.0008015565341338515	0.005875636761311398	0.0020775368211694454	0.005654286034405232	0.010543004143983126	0.005618538762155368	0.009089886490255595	0.005735278874635696	0.001114979763951851	0.00853623142465949	0.0018673748915574607
G[T>A]T	3.1243011471815406e-05	0.013725509680807591	0.0024469156836943286	0.009219758659060062	0.003607619610738766	0.0005882828496396542	0.005013253422816888	0.005330682729231739	0.01050965382440836	0.0022658419969957323	1.6801940638799806e-07
G[T>C]A	0.00013148671714589	0.002601917374411755	0.0022305190563201905	0.006013447232544422	0.028050994500517845	0.008957033790647984	0.015682594571262597	0.022314197104424238	0.001116953211942473	0.007940008621962136	6.987108690736932e-07
G[T>C]C	0.0013185927411541343	0.007826111186295748	0.0033341800308335223	0.006541733350604773	0.008219877630472184	0.01372977327555418	0.00723508344963193	0.0016364697335802703	0.00505930944410693	0.002122700586915016	2.299752850376535e-08
G[T>C]G	0.0007094141401466914	0.006873265653848648	0.0031241958495229483	0.0030014542397111656	0.0011463881334464077	0.008920857962220908	0.002145972445782718	0.006099248118698597	0.0040396610865172985	0.010124363005161285	3.8307488239297525e-07
G[T>C]T	0.00018112765974365175	0.010643105395138264	0.0027933796402066944	0.004725548578426242	0.008618858270347118	0.0057849065400660035	0.008523997943848371	0.004405601209102414	0.011917926557362079	0.006581979244947434	0.01577959507703781
G[T>G]A	0.0	0.00951121561229229	0.0	0.002573911286890507	0.010847796313464641	0.00524318720545125	0.002456983597949147	0.003239748245789542	0.0021870041266232863	0.003372003883123398	0.013945147022604942
G[T>G]C	4.9783854046836494e-05	0.0017139796633273362	0.0057247680146247145	0.003963159352952062	0.0009485139511525631	0.00120823823755144	0.008136980654671788	0.00098979277536273	3.045269167500919e-07	0.003053106498401803	0.006688375009876246
G[T>G]G	0.001761852146591991	0.012171244155615569	0.0035668002557372345	0.012352975830435754	0.015747497510164975	0.0024947861209511806	0.009684763103723525	0.011315639689564705	0.0028892136054468054	0.0034279312080798263	1.786008283488627e-07
G[T>G]T	0.00030004733707755804	0.0008038614876568317	0.004701275937259197	0.004539890587329865	0.008643094776198268	0.0024571560340007183	0.01054628486162983	0.008802447468042374	0.0026386395883264413	0.010971794894430786	0.0012149316702220858
T[C>A]A	0.0249432273209095	0.0062574563082307575	0.018117563612759114	0.026934073492884635	0.010313821653835476	0.006943725701421499	0.015824303845874965	0.01870624553412199	0.01827608704807343	0.02104370022373132	0.019680261984467505
T[C>A]C	0.014537911489605903	0.03028067797422409	0.014946242608129979	0.0005876864015319727	0.013888631481677294	0.00348504688590765	0.011529294399190348	0.015509125962853431	0.00208710467537383	0.014457160606980443	0.019708694890141487
T[C>A]G	0.003077359381131828	0.0025572091457434	0.004597312584519386	0.0062357354909181595	0.0	0.00663292029639706	0.0012715090282995334	0.0	0.010650114994496107	0.0004652378614991903	0.007937500595687652
T[C>A]T	0.013020777516067028	0.018572020158171654	0.01986592523753643	0.0506420336663723	0.01328857745975256	0.03660057820379734	0.02072478346526623	0.02267408650368452	0.0015651436074904268	0.019882441451773047	0.010803325166125432
T[C>G]A	0.1354885846376419	0.008551931791140532	0.15187175273895265	0.013085535261780024	0.021515987743623555	0.004833141062408686	0.0048039555549664725	0.03196970596909523	0.004280458576977539	0.017428446614758286	0.05203038677573204
T[C>G]C	0.037357472628355023	0.027994351089000703	0.035648271813988684	0.008716487511992454	0.052141388040035964	0.02381111430004239	0.012084235157817601	0.014616505810136005	0.003600433194287156	0.013520719297230244	0.050501732155680656
T[C>G]G	0.014175321906805038	0.001246244227513671	0.005610723607242107	0.001739244622365277	0.001078987750224769	0.0012095579877495766	0.002442023437470198	0.0031421141233295203	1.5054252102686406e-07	0.004585907608270645	0.008648875541985035
T[C>G]T	0.18007611334323884	0.03981290347874165	0.13723163306713104	0.01954652301514557	0.03121103476732969	0.02902913191501284	0.0134058571421517	0.07878146171569825	0.005404724180698395	0.04720890978351235	0.061322401463985446
T[C>T]A	0.21667247414588928	0.0007508041802874804	0.15436125546693802	0.009595103757070289	0.03646563042273145	0.005383162081052997	0.0013183742766155265	0.03820836916565895	0.045882266759872434	0.04366667438298464	0.06595954746007919
T[C>T]C	0.06287394687533379	0.01920260889455676	0.0604288786649704	0.011475080996751786	0.013484882330521942	0.011683538975194096	0.010179744648485211	0.016719318553805353	0.04576407596468925	0.04811064377427101	0.003737363107211422
T[C>T]G	0.05821211487054825	0.008445275202393531	0.0355914831161499	0.02468832954764366	0.010826128907501698	0.027879902477241102	0.025773890037089586	0.012834049528464675	0.04386550597846508	0.010459400893887505	0.01281265951693058
T[C>T]T	0.1092607855796814	0.008826591075005366	0.08282984644174576	0.022923723421990873	0.02507978621870279	0.01744581226149742	0.03522605188190937	0.026704536750912666	0.03372233438665607	0.033515773713588715	0.030605133250355722
T[T>A]A	0.000927188410423696	0.0027119145743199624	0.004163529304787516	0.014455723133901532	0.0015905942767858506	0.02729225382208824	0.007895260024815798	0.0054490235168486835	0.014169888313434454	0.010212166979909726	0.011092821322381496
T[T>A]C	0.00020493080373853445	0.0011526363804932771	0.003910612363149468	0.010276837517380955	0.006620052549988031	0.004934957716614038	0.005893873287425322	0.0012746238615363836	0.017058576829731463	0.00220766868442297	0.004139094339683425
T[T>A]G	0.0012799104675650596	0.0084588922560215	2.8793880844946344e-42	0.0011012935087251208	0.009231823396064784	0.001012682350119576	0.005000435328111052	0.009448449686169624	0.011451606079936028	0.003044765256345272	0.012615611776709557
T[T>A]T	0.0006212968146428466	0.014100001566112042	0.0010882766684517265	0.00946753776392768	0.014817865192890167	0.001678114989772439	0.014962038120688703	0.004505413351580501	0.001228523742794607	0.010572066530585289	0.004884869687862193
T[T>C]A	0.0	0.00012822228891322672	0.004499177727848291	0.00713963033631444	0.005272711564253995	0.008243879582732917	0.014185382239520549	0.003897575019914257	0.019132069684565066	0.00752928052097559	0.0011572787990075995
T[T>C]C	0.0	0.015680301003158092	0.005502189835533499	0.00500618563965049	0.012824181094765663	0.016122719459235667	0.005491499998606741	0.0011829372652812273	0.00856378803334792	0.005278458818915666	0.0055951896359147215
T[T>C]G	0.0006594165024580434	0.008674205884403818	0.003857929934747517	6.570833193109138e-08	0.008950658515095711	0.003022480435856778	0.0026069630853385204	0.003000967297703028	0.001156928142407232	0.000985039677500474	0.024598840065300463
T[T>C]T	0.0001002536853775382	0.004151633265428245	0.001548994891345501	0.005269792432410686	0.01240579467266798	0.011758965178039215	0.010297144996002316	0.0035977566381916403	0.015791416354477405	0.012506720796227454	0.033628770150244236
T[T>G]A	0.0012168146553449334	0.002152425469830632	9.381898848914716e-08	0.0005558053962886333	0.009017668291926384	0.014529397152364254	0.004507226041005197	2.0208319710945944e-07	0.007828197814524174	0.00049245017580688	0.016541249956935643
T[T>G]C	0.0005729498399887234	0.00692138305203116	2.3554703205355037e-07	0.0021930871799440864	0.012561416067183018	0.0056465515390300425	0.0032295798882842064	0.005115588428452611	0.0017165224069229778	0.002294861446557661	0.002825354505330324
T[T>G]G	0.0	0.0173321932554245	8.557067019410169e-08	0.00322082753785935	0.0026527429066550714	0.0046328363379871005	0.012382223457098007	0.0008579451679111116	0.0013562095465431412	0.0040089096703923134	2.414823370600061e-07
T[T>G]T	0.00045709743862971665	0.012192866299301386	1.716856573352743e-07	0.0077846158667568945	0.005384130775928498	0.017390950117260218	0.008502988517284394	0.021164388209581376	0.011230248771607877	0.0068804697599262	2.7183789219411227e-07
