MutationType	DBS2	DBS11	DBS13	DBS78A	DBS78C	DBS78D
AC>CA	0.00037408	0.00136991	0.00215512	0.00539915	0.01143508	0.00258781
AC>CG	0.00003170	0.00019399	0.00005150	0.00007137	0.00007202	0.00007461
AC>CT	0.00012603	0.00075595	0.00285340	0.00007137	0.00007202	0.00007461
AC>GA	0.00023705	0.00044197	0.00276230	0.01633933	0.01895688	0.00604013
AC>GG	0.00000000	0.00224985	0.00146431	0.00007137	0.00007202	0.00007461
AC>GT	0.00028006	0.00570961	0.00443944	0.00007137	0.00007202	0.00007461
AC>TA	0.00148031	0.00026398	0.00257991	0.02445542	0.01333242	0.00857673
AC>TG	0.00000636	0.00023898	0.00428449	0.00806189	0.00006337	0.00455101
AC>TT	0.00292062	0.00281981	0.01573974	0.00007137	0.00007202	0.00007461
AT>CA	0.00003780	0.00947935	0.00420812	0.00007137	0.00007202	0.00007461
AT>CC	0.00000000	0.00189987	0.00100803	0.00905954	0.00702578	0.00206961
AT>CG	0.00000000	0.00001740	0.00000233	0.00007137	0.00007202	0.00007461
AT>GA	0.00016804	0.01119924	0.00213368	0.00708530	0.00414367	0.00369027
AT>GC	0.00000585	0.00417971	0.00030030	0.00007137	0.00007202	0.00007461
AT>TA	0.00045810	0.00383974	0.01051729	0.00668522	0.01789781	0.00721185
CC>AA	0.72415324	0.00000000	0.00000051	0.00002020	0.00001744	0.03798555
CC>AG	0.07261537	0.00097193	0.01167958	0.17908773	0.00002502	0.03876514
CC>AT	0.10002116	0.03449765	0.04328139	0.07206718	0.04471786	0.00857626
CC>GA	0.01770375	0.00095294	0.00001040	0.02829310	0.01558064	0.00869620
CC>GG	0.00045010	0.00344977	0.00076944	0.00007137	0.00007202	0.00007461
CC>GT	0.00110023	0.06949526	0.02345453	0.01602443	0.01535205	0.00763698
CC>TA	0.01600339	0.05879599	0.04135706	0.03978416	0.03086711	0.02242142
CC>TG	0.00023705	0.03229780	0.00954473	0.00829211	0.00957749	0.00912289
CC>TT	0.00000000	0.33197737	0.00009970	0.00002105	0.00900308	0.03250581
CG>AT	0.00115024	0.00181988	0.00041279	0.00711982	0.00457917	0.00220915
CG>GC	0.00036908	0.00016599	0.00117069	0.00007137	0.00007202	0.00007461
CG>GT	0.00128027	0.00117992	0.00236357	0.00007137	0.00007202	0.00007461
CG>TA	0.00000000	0.00000000	0.00065557	0.00363909	0.00618768	0.00006404
CG>TC	0.00215045	0.00068495	0.00221426	0.02202410	0.01892065	0.00443733
CG>TT	0.00556118	0.00069895	0.00164313	0.00213885	0.02029264	0.00386717
CT>AA	0.00321068	0.00439970	0.06168987	0.00007137	0.00007202	0.00007461
CT>AC	0.00000000	0.00234984	0.02589689	0.00417953	0.00337716	0.00218013
CT>AG	0.00058712	0.00049597	0.01328834	0.01591886	0.00541290	0.01440726
CT>GA	0.00001810	0.01159921	0.00109409	0.00302323	0.02284340	0.00806863
CT>GC	0.00013403	0.00610958	0.00388039	0.00007137	0.00007202	0.00007461
CT>GG	0.00008980	0.00401973	0.00264999	0.01895263	0.01194515	0.00640125
CT>TA	0.00338071	0.04169716	0.03108580	0.03428042	0.00558564	0.01241722
CT>TC	0.00003840	0.00298980	0.00851099	0.00353839	0.00893814	0.00117927
CT>TG	0.00039008	0.00147990	0.00391349	0.03122156	0.03337979	0.00893643
GC>AA	0.00508108	0.00099993	0.00000003	0.00001847	0.00002177	0.52170505
GC>AG	0.00032507	0.00328978	0.01696915	0.00274840	0.05140330	0.00473735
GC>AT	0.00095320	0.02719815	0.01737239	0.03631815	0.01159308	0.01351839
GC>CA	0.00106022	0.00210986	0.01039921	0.01694889	0.02963133	0.00671291
GC>CG	0.00006690	0.00403973	0.00086487	0.00007137	0.00007202	0.00007461
GC>TA	0.00073616	0.00024298	0.00003390	0.00314566	0.00555392	0.00584139
TA>AT	0.00275058	0.00222985	0.00624589	0.01446623	0.02758572	0.00132944
TA>CG	0.00001890	0.00058396	0.00024471	0.00007137	0.00007202	0.00007461
TA>CT	0.00028006	0.00337977	0.01638484	0.03406241	0.02670058	0.00896486
TA>GC	0.00008220	0.00101993	0.00012677	0.00007137	0.00007202	0.00007461
TA>GG	0.00007890	0.00037497	0.00059345	0.00007137	0.00007202	0.00007461
TA>GT	0.00130028	0.00266982	0.00614737	0.00007137	0.00007202	0.00007461
TC>AA	0.00145031	0.00021698	0.06810894	0.00002380	0.21741746	0.01493773
TC>AG	0.00020004	0.04739677	0.06721666	0.02230338	0.01415183	0.01287288
TC>AT	0.00000000	0.08459423	0.15791239	0.00001335	0.00002267	0.01845961
TC>CA	0.00068214	0.00028198	0.03750799	0.03641366	0.01330797	0.01232376
TC>CG	0.00000389	0.00323978	0.00722690	0.02684248	0.01426742	0.00346624
TC>CT	0.00335071	0.02009863	0.03250165	0.02784150	0.03340300	0.01534557
TC>GA	0.00088519	0.00023498	0.01158433	0.08522907	0.03150037	0.01865495
TC>GG	0.00000987	0.00732950	0.01538438	0.01143444	0.01082563	0.00704868
TC>GT	0.00008570	0.01519896	0.03331173	0.00516995	0.01831963	0.00412281
TG>AA	0.00296063	0.00782947	0.01924088	0.02294374	0.00441851	0.01295627
TG>AC	0.00022005	0.00086594	0.00442355	0.00007137	0.00007202	0.00007461
TG>AT	0.00429091	0.01049928	0.01851971	0.01580762	0.06513253	0.01387016
TG>CA	0.00014403	0.05609617	0.02863780	0.00563815	0.00716935	0.00078539
TG>CC	0.00005940	0.00312979	0.00520651	0.00922754	0.00562224	0.00150747
TG>CT	0.00307065	0.00557962	0.01650479	0.01793403	0.01655774	0.00649040
TG>GA	0.00147031	0.00730950	0.00610512	0.00409058	0.00331128	0.00138804
TG>GC	0.00027206	0.00611958	0.00219436	0.00007137	0.00007202	0.00007461
TG>GT	0.00640136	0.00523964	0.01916183	0.00999607	0.01068359	0.01276755
TT>AA	0.00431091	0.00476968	0.01318549	0.00007137	0.00007202	0.00007461
TT>AC	0.00034507	0.00103993	0.00147249	0.00306245	0.01942192	0.00345113
TT>AG	0.00021505	0.00126991	0.00579217	0.00268973	0.00581611	0.00332634
TT>CA	0.00000000	0.00201986	0.00380848	0.00007137	0.00007202	0.00007461
TT>CC	0.00000298	0.00399973	0.00000105	0.00007137	0.00007202	0.00007461
TT>CG	0.00001520	0.00000000	0.00085676	0.00007137	0.00007202	0.00007461
TT>GA	0.00004790	0.00070695	0.00282684	0.00782716	0.00842993	0.00324422
TT>GC	0.00000154	0.00000578	0.00075511	0.00007137	0.00007202	0.00007461
TT>GG	0.00000000	0.00000000	0.00000232	0.00930652	0.00647251	0.00370056
