MutationType	DBS78A	DBS78B	DBS78C
AC>CA	0.010002358282326896	0.07408813749643742	0.01993571235602083
AC>CG	3.604352277761791e-05	6.088376976549625e-05	3.849972381431144e-05
AC>CT	3.604352277761791e-05	6.088376976549625e-05	3.849972381431144e-05
AC>GA	3.604352277761791e-05	6.088376976549625e-05	3.849972381431144e-05
AC>GG	0.04657500033572433	0.019935082049414632	2.1618218124785926e-05
AC>GT	3.604352277761791e-05	6.088376976549625e-05	3.849972381431144e-05
AC>TA	3.604352277761791e-05	6.088376976549625e-05	3.849972381431144e-05
AC>TG	3.604352277761791e-05	6.088376976549625e-05	3.849972381431144e-05
AC>TT	0.0442205825173005	5.252577248029411e-05	2.9409434682747813e-05
AT>CA	3.604352277761791e-05	6.088376976549625e-05	3.849972381431144e-05
AT>CC	3.604352277761791e-05	6.088376976549625e-05	3.849972381431144e-05
AT>CG	3.604352277761791e-05	6.088376976549625e-05	3.849972381431144e-05
AT>GA	3.604352277761791e-05	6.088376976549625e-05	3.849972381431144e-05
AT>GC	3.604352277761791e-05	6.088376976549625e-05	3.849972381431144e-05
AT>TA	3.604352277761791e-05	6.088376976549625e-05	3.849972381431144e-05
CC>AA	0.3031234539812431	0.019965610484359787	0.022178281271375867
CC>AG	0.06836359233948323	0.14998496372627415	8.947741267206766e-06
CC>AT	0.020931485195615097	0.02352958431802108	2.887292066588998e-05
CC>GA	3.604352277761791e-05	6.088376976549625e-05	3.849972381431144e-05
CC>GG	3.604352277761791e-05	6.088376976549625e-05	3.849972381431144e-05
CC>GT	1.94269256098778e-05	0.0551841150256223	0.03102302986262657
CC>TA	2.1123816958379392e-05	0.035287712227295744	0.06490403234583937
CC>TG	0.039889157144352795	4.7490180986642375e-05	0.033017571229106576
CC>TT	6.575286383964096e-06	6.239607619562549e-06	0.32693116664886473
CG>AT	3.604352277761791e-05	6.088376976549625e-05	3.849972381431144e-05
CG>GC	3.604352277761791e-05	6.088376976549625e-05	3.849972381431144e-05
CG>GT	3.604352277761791e-05	6.088376976549625e-05	3.849972381431144e-05
CG>TA	3.604352277761791e-05	6.088376976549625e-05	3.849972381431144e-05
CG>TC	3.604352277761791e-05	6.088376976549625e-05	3.849972381431144e-05
CG>TT	3.604352277761791e-05	6.088376976549625e-05	3.849972381431144e-05
CT>AA	1.1100829404527704e-05	0.1536268711090088	0.019929547234838908
CT>AC	0.034245172592636666	0.01179235169038293	3.00170540867839e-05
CT>AG	3.604352277761791e-05	6.088376976549625e-05	3.849972381431144e-05
CT>GA	3.604352277761791e-05	6.088376976549625e-05	3.849972381431144e-05
CT>GC	0.01333507973831729	0.0235234538140503	0.03233558561605605
CT>GG	3.604352277761791e-05	6.088376976549625e-05	3.849972381431144e-05
CT>TA	3.604352277761791e-05	6.088376976549625e-05	3.849972381431144e-05
CT>TC	3.604352277761791e-05	6.088376976549625e-05	3.849972381431144e-05
CT>TG	3.604352277761791e-05	6.088376976549625e-05	3.849972381431144e-05
GC>AA	0.04754389234840346	4.1439581764279865e-05	0.07006956059158256
GC>AG	3.604352277761791e-05	6.088376976549625e-05	3.849972381431144e-05
GC>AT	3.604352277761791e-05	6.088376976549625e-05	3.849972381431144e-05
GC>CA	3.604352277761791e-05	6.088376976549625e-05	3.849972381431144e-05
GC>CG	3.604352277761791e-05	6.088376976549625e-05	3.849972381431144e-05
GC>TA	3.604352277761791e-05	6.088376976549625e-05	3.849972381431144e-05
TA>AT	0.033261084418700196	0.01993208813437377	0.01903039961016475
TA>CG	3.604352277761791e-05	6.088376976549625e-05	3.849972381431144e-05
TA>CT	3.604352277761791e-05	6.088376976549625e-05	3.849972381431144e-05
TA>GC	3.604352277761791e-05	6.088376976549625e-05	3.849972381431144e-05
TA>GG	3.604352277761791e-05	6.088376976549625e-05	3.849972381431144e-05
TA>GT	0.010006038959045328	0.05522416266030632	0.019941318265728113
TC>AA	0.016672730411301018	5.2569246327038856e-05	0.021276754801510832
TC>AG	3.604352277761791e-05	6.088376976549625e-05	3.849972381431144e-05
TC>AT	0.13590108061289358	0.03522799656671309	0.11254487454098125
TC>CA	3.604352277761791e-05	6.088376976549625e-05	3.849972381431144e-05
TC>CG	3.604352277761791e-05	6.088376976549625e-05	3.849972381431144e-05
TC>CT	3.604352277761791e-05	6.088376976549625e-05	3.849972381431144e-05
TC>GA	3.604352277761791e-05	6.088376976549625e-05	3.849972381431144e-05
TC>GG	3.604352277761791e-05	6.088376976549625e-05	3.849972381431144e-05
TC>GT	0.027575596641327138	0.05971350457111839	0.011106300303254102
TG>AA	3.604352277761791e-05	6.088376976549625e-05	3.849972381431144e-05
TG>AC	3.604352277761791e-05	6.088376976549625e-05	3.849972381431144e-05
TG>AT	0.07316113112501625	4.638650643755682e-05	0.01902771174161444
TG>CA	3.604352277761791e-05	6.088376976549625e-05	3.849972381431144e-05
TG>CC	8.61665151888139e-06	0.13376235112605173	0.039841975847090795
TG>CT	3.059066129935672e-05	0.03069133108438109	0.013335384647910186
TG>GA	2.1110745910846164e-05	0.09497193959687138	2.086131244141143e-05
TG>GC	0.06648554424136818	4.047069523949176e-05	0.04563722591863097
TG>GT	3.604352277761791e-05	6.088376976549625e-05	3.849972381431144e-05
TT>AA	0.006678359912984888	4.463422519620508e-05	0.07575298313531675
TT>AC	3.604352277761791e-05	6.088376976549625e-05	3.849972381431144e-05
TT>AG	3.604352277761791e-05	6.088376976549625e-05	3.849972381431144e-05
TT>CA	3.604352277761791e-05	6.088376976549625e-05	3.849972381431144e-05
TT>CC	3.604352277761791e-05	6.088376976549625e-05	3.849972381431144e-05
TT>CG	3.604352277761791e-05	6.088376976549625e-05	3.849972381431144e-05
TT>GA	3.604352277761791e-05	6.088376976549625e-05	3.849972381431144e-05
TT>GC	3.604352277761791e-05	6.088376976549625e-05	3.849972381431144e-05
TT>GG	3.604352277761791e-05	6.088376976549625e-05	3.849972381431144e-05
