MutationType	ID83A	ID83B	ID83C	ID83D	ID83E	ID83F	ID83G
1:Del:C:0	0.00000000	0.00035956	0.00077505	0.00405902	0.00087548	0.00330379	0.00462616
1:Del:C:1	0.05690137	0.00740892	0.00004253	0.72979697	0.00000715	0.00000554	0.00000395
1:Del:C:2	0.16801982	0.00993414	0.10197022	0.04868684	0.00000884	0.00620467	0.00000727
1:Del:C:3	0.15427446	0.01102208	0.08231223	0.00020054	0.00000228	0.02779532	0.00001233
1:Del:C:4	0.07193113	0.07533954	0.03917311	0.00101080	0.00010658	0.03467171	0.00001865
1:Del:C:5	0.01211828	0.15493534	0.00481281	0.00001031	0.00000743	0.00672158	0.00465209
1:Del:T:0	0.00002021	0.00030653	0.00000225	0.00000822	0.00167921	0.00013531	0.00015897
1:Del:T:1	0.00831269	0.00575956	0.50968066	0.05971918	0.00000940	0.00000930	0.00011714
1:Del:T:2	0.23056005	0.00010664	0.06787447	0.01822771	0.00000682	0.00000991	0.00000963
1:Del:T:3	0.14285413	0.02028450	0.07390245	0.00295202	0.00000303	0.03253787	0.00000651
1:Del:T:4	0.10618696	0.07211674	0.04805065	0.00063913	0.00000716	0.03065109	0.00428449
1:Del:T:5	0.04873142	0.34886940	0.02104657	0.00000697	0.00000017	0.02811127	0.00787477
1:Ins:C:0	0.00000000	0.00066451	0.00007931	0.00304173	0.00170753	0.00518114	0.00422674
1:Ins:C:1	0.00000000	0.00658536	0.00000223	0.00511795	0.00681847	0.01744926	0.01413303
1:Ins:C:2	0.00000001	0.00171519	0.00317662	0.00166063	0.00871000	0.01356923	0.01041195
1:Ins:C:3	0.00000000	0.00226078	0.00177714	0.00547305	0.00533326	0.00874205	0.00728815
1:Ins:C:4	0.00000001	0.00864802	0.00193504	0.00143096	0.00531834	0.01272201	0.01640848
1:Ins:C:5	0.00000000	0.05067320	0.00000159	0.00012227	0.00002139	0.03283033	0.01883200
1:Ins:T:0	0.00000001	0.00459525	0.00000099	0.00706497	0.00820358	0.01167449	0.01092503
1:Ins:T:1	0.00000001	0.00010333	0.00000093	0.01456901	0.02129561	0.14912721	0.01896455
1:Ins:T:2	0.00000000	0.00717052	0.00316561	0.00435685	0.00442041	0.01946385	0.02381753
1:Ins:T:3	0.00000000	0.00630518	0.00663365	0.00278037	0.00774022	0.01390193	0.01855499
1:Ins:T:4	0.00000000	0.00199712	0.00100488	0.00053067	0.00259771	0.00330357	0.00833991
1:Ins:T:5	0.00000000	0.09236482	0.00000074	0.00580734	0.00741907	0.07710487	0.08973493
2:Del:R:0	0.00000001	0.02613698	0.00000052	0.00000163	0.04199368	0.00000804	0.28370811
2:Del:R:1	0.00000000	0.00073638	0.00000208	0.00455714	0.00134594	0.01058250	0.00691685
2:Del:R:2	0.00000022	0.00000382	0.00000290	0.00037360	0.00007059	0.00040415	0.00042953
2:Del:R:3	0.00000015	0.00007724	0.00000275	0.00024098	0.00014604	0.00133023	0.00024988
2:Del:R:4	0.00000008	0.00003416	0.00000240	0.00001121	0.00164790	0.00024817	0.00033865
2:Del:R:5	0.00000042	0.00000410	0.00000396	0.00001243	0.00002434	0.00002561	0.00002756
3:Del:R:0	0.00008031	0.01123692	0.00034819	0.00631133	0.03105025	0.02972202	0.08673779
3:Del:R:1	0.00000000	0.00653282	0.00146574	0.00000985	0.00032799	0.00125986	0.00243987
3:Del:R:2	0.00000003	0.00035544	0.00000315	0.00000818	0.00060821	0.00081984	0.00113764
3:Del:R:3	0.00000042	0.00000410	0.00000396	0.00001243	0.00002434	0.00002561	0.00002756
3:Del:R:4	0.00000042	0.00000410	0.00000396	0.00001243	0.00002434	0.00002561	0.00002756
3:Del:R:5	0.00000042	0.00000410	0.00000396	0.00001243	0.00002434	0.00002561	0.00002756
4:Del:R:0	0.00000001	0.00418434	0.00000229	0.00811557	0.01500198	0.07326582	0.03341449
4:Del:R:1	0.00000000	0.00009178	0.00000234	0.00012445	0.00032697	0.00131472	0.00113189
4:Del:R:2	0.00000042	0.00000410	0.00000396	0.00001243	0.00002434	0.00002561	0.00002756
4:Del:R:3	0.00000042	0.00000410	0.00000396	0.00001243	0.00002434	0.00002561	0.00002756
4:Del:R:4	0.00000042	0.00000410	0.00000396	0.00001243	0.00002434	0.00002561	0.00002756
4:Del:R:5	0.00000042	0.00000410	0.00000396	0.00001243	0.00002434	0.00002561	0.00002756
5:Del:R:0	0.00000001	0.00023977	0.00000007	0.00000099	0.49083252	0.00000734	0.00000513
5:Del:R:1	0.00000042	0.00000410	0.00000396	0.00001243	0.00002434	0.00002561	0.00002756
5:Del:R:2	0.00000042	0.00000410	0.00000396	0.00001243	0.00002434	0.00002561	0.00002756
5:Del:R:3	0.00000042	0.00000410	0.00000396	0.00001243	0.00002434	0.00002561	0.00002756
5:Del:R:4	0.00000042	0.00000410	0.00000396	0.00001243	0.00002434	0.00002561	0.00002756
5:Del:R:5	0.00000042	0.00000410	0.00000396	0.00001243	0.00002434	0.00002561	0.00002756
2:Ins:R:0	0.00000000	0.00000080	0.00000329	0.00183694	0.00392096	0.01228537	0.00954584
2:Ins:R:1	0.00000001	0.00067221	0.00247044	0.01139098	0.00633065	0.01264477	0.01714964
2:Ins:R:2	0.00000000	0.00062618	0.00428793	0.00162676	0.00448143	0.01299102	0.00890306
2:Ins:R:3	0.00000024	0.00085543	0.00000408	0.00001155	0.00002241	0.00002845	0.00002668
2:Ins:R:4	0.00000004	0.00117436	0.00097159	0.00031406	0.00030669	0.00087369	0.00177674
2:Ins:R:5	0.00000002	0.00064040	0.00000994	0.00030222	0.00056322	0.00269694	0.00172776
3:Ins:R:0	0.00000001	0.00102514	0.00000221	0.00137546	0.00292920	0.00381340	0.01022151
3:Ins:R:1	0.00000000	0.00092205	0.00000158	0.00059448	0.00406752	0.00131488	0.00275399
3:Ins:R:2	0.00000000	0.00089047	0.00000346	0.00071161	0.00133060	0.00218315	0.00379361
3:Ins:R:3	0.00000042	0.00000410	0.00000396	0.00001243	0.00002434	0.00002561	0.00002756
3:Ins:R:4	0.00000006	0.00096503	0.00000312	0.00008059	0.00025295	0.00058918	0.00059899
3:Ins:R:5	0.00000003	0.00107721	0.00000433	0.00084810	0.00035938	0.00066777	0.00151085
4:Ins:R:0	0.00000000	0.00039647	0.00000167	0.00110977	0.00187593	0.00193841	0.00311263
4:Ins:R:1	0.00000000	0.00193094	0.00069690	0.00001009	0.00291017	0.00963531	0.00380638
4:Ins:R:2	0.00000006	0.00000245	0.00014594	0.00018339	0.00082298	0.00110827	0.00100920
4:Ins:R:3	0.00000042	0.00000410	0.00000396	0.00001243	0.00002434	0.00002561	0.00002756
4:Ins:R:4	0.00000042	0.00000410	0.00000396	0.00001243	0.00002434	0.00002561	0.00002756
4:Ins:R:5	0.00000017	0.00008259	0.00000305	0.00017658	0.00023428	0.00056200	0.00058628
5:Ins:R:0	0.00000000	0.00152914	0.00100584	0.00441880	0.00390644	0.00598666	0.00560417
5:Ins:R:1	0.00000001	0.00209390	0.00000289	0.00315508	0.00797529	0.01590125	0.00980020
5:Ins:R:2	0.00000042	0.00000410	0.00000396	0.00001243	0.00002434	0.00002561	0.00002756
5:Ins:R:3	0.00000042	0.00000410	0.00000396	0.00001243	0.00002434	0.00002561	0.00002756
5:Ins:R:4	0.00000018	0.00012537	0.00008166	0.00055028	0.00009109	0.00028211	0.00049384
5:Ins:R:5	0.00000012	0.00027170	0.00000243	0.00009699	0.00025719	0.00128225	0.00057581
2:Del:M:1	0.00000002	0.00797957	0.00000099	0.01291701	0.01076845	0.03176552	0.05538315
3:Del:M:1	0.00000000	0.02821203	0.00825181	0.00498831	0.00905651	0.04517046	0.05704465
3:Del:M:2	0.00000001	0.00635466	0.00331825	0.00262927	0.00461726	0.02417955	0.02025552
4:Del:M:1	0.00000002	0.00233758	0.00362677	0.00000393	0.00133636	0.03126772	0.05029181
4:Del:M:2	0.00000001	0.00016384	0.00000191	0.00173334	0.00255655	0.01372714	0.00991700
4:Del:M:3	0.00000002	0.00006439	0.00077553	0.00051143	0.00047461	0.00458540	0.00277769
5:Del:M:1	0.00000002	0.00005870	0.00000124	0.00000735	0.18118231	0.07708014	0.02938580
5:Del:M:2	0.00000000	0.00012278	0.00000297	0.00810444	0.06216076	0.01890776	0.00172659
5:Del:M:3	0.00000000	0.00000080	0.00375184	0.00062177	0.01371051	0.00561293	0.00334848
5:Del:M:4	0.00000000	0.00019226	0.00103321	0.00214248	0.00355375	0.00494099	0.00374627
5:Del:M:5	0.00000002	0.00000183	0.00020776	0.00029472	0.00185526	0.00132659	0.00271078
