Samples	SBS96A	SBS96B	SBS96C	SBS96D	SBS96E	SBS96F	SBS96G	SBS96H	SBS96I
TCGA-3C-AAAU-01	0	0	18	17	0	11	0	0	0
TCGA-3C-AALI-01	344	267	0	0	0	0	0	197	0
TCGA-3C-AALJ-01	9	0	6	7	0	0	29	15	0
TCGA-3C-AALK-01	5	6	17	4	1	6	6	1	18
TCGA-4H-AAAK-01	0	0	6	0	0	5	0	22	0
TCGA-5L-AAT0-01	55	78	0	114	0	0	0	32	0
TCGA-5L-AAT1-01	677	754	0	414	0	0	0	141	0
TCGA-5T-A9QA-01	0	0	35	18	0	0	0	0	0
TCGA-A1-A0SB-01	0	0	4	0	0	5	7	0	0
TCGA-A1-A0SD-01	0	2	10	0	0	0	28	0	0
TCGA-A1-A0SE-01	0	4	0	14	0	6	0	12	0
TCGA-A1-A0SF-01	5	29	8	22	0	0	0	0	0
TCGA-A1-A0SG-01	0	0	6	6	0	0	0	23	0
TCGA-A1-A0SH-01	32	40	9	29	0	0	0	0	28
TCGA-A1-A0SI-01	130	87	0	61	0	0	0	0	0
TCGA-A1-A0SJ-01	5	6	18	0	0	0	0	0	11
TCGA-A1-A0SK-01	0	0	11	0	17	0	45	11	0
TCGA-A1-A0SM-01	0	0	6	0	0	5	0	21	0
TCGA-A1-A0SN-01	19	7	13	11	0	0	0	26	0
TCGA-A1-A0SO-01	13	11	9	18	101	16	75	4	106
TCGA-A1-A0SP-01	0	0	16	17	29	8	0	0	0
TCGA-A2-A04N-01	0	6	7	0	0	0	14	26	0
TCGA-A2-A04R-01	6	1	6	10	17	5	29	1	27
TCGA-A2-A04U-01	3	0	11	0	19	0	16	18	0
TCGA-A2-A04W-01	59	41	0	36	0	0	0	51	0
TCGA-A2-A0CK-01	0	4	13	3	0	0	7	0	0
TCGA-A2-A0CL-01	77	71	25	0	0	0	0	27	0
TCGA-A2-A0CR-01	85	102	0	23	0	0	0	0	0
TCGA-A2-A0CS-01	0	0	20	0	0	0	17	0	11
TCGA-A2-A0CV-01	0	0	11	0	0	0	0	13	0
TCGA-A2-A0CW-01	11	18	14	0	0	0	23	0	18
TCGA-A2-A0D3-01	0	3	29	0	0	0	0	0	0
TCGA-A2-A0EN-01	0	2	4	0	0	0	24	9	0
TCGA-A2-A0EP-01	3	1	0	3	0	4	5	0	0
TCGA-A2-A0ES-01	0	0	2	4	0	0	6	7	0
TCGA-A2-A0EW-01	2	0	6	5	0	7	0	0	0
TCGA-A2-A0ST-01	2	2	6	4	0	0	14	0	0
TCGA-A2-A0SU-01	0	2	10	0	23	0	0	0	0
TCGA-A2-A0SX-01	3	5	9	0	0	6	0	0	18
TCGA-A2-A0SY-01	62	44	0	30	0	0	0	41	0
TCGA-A2-A0T0-01	15	10	10	3	89	40	3	11	36
TCGA-A2-A0T1-01	0	0	5	0	0	5	10	12	0
TCGA-A2-A0T3-01	0	0	13	0	0	0	0	0	31
TCGA-A2-A0T4-01	6	4	10	0	15	6	0	0	0
TCGA-A2-A0T5-01	0	2	7	0	4	0	0	0	0
TCGA-A2-A0T6-01	0	4	16	0	0	0	8	0	0
TCGA-A2-A0T7-01	0	4	10	0	0	0	10	5	0
TCGA-A2-A0YC-01	0	5	11	0	16	0	0	0	0
TCGA-A2-A0YD-01	18	24	0	0	0	0	0	45	0
TCGA-A2-A0YE-01	0	8	15	0	0	0	0	0	20
TCGA-A2-A0YF-01	0	0	9	7	0	0	0	0	23
TCGA-A2-A0YG-01	0	7	15	18	0	8	30	0	0
TCGA-A2-A0YH-01	27	16	11	16	0	0	30	0	0
TCGA-A2-A0YI-01	1	0	0	4	0	0	7	6	0
TCGA-A2-A0YJ-01	7	0	31	0	49	11	0	0	0
TCGA-A2-A0YK-01	229	189	0	60	0	0	0	0	0
TCGA-A2-A0YL-01	13	16	6	8	0	0	0	0	0
TCGA-A2-A0YM-01	19	15	28	20	2	8	13	3	1
TCGA-A2-A0YT-01	0	20	19	0	0	0	0	42	0
TCGA-A2-A1FV-01	0	10	15	0	0	0	25	0	0
TCGA-A2-A1FW-01	5	0	24	15	0	0	0	23	28
TCGA-A2-A1FX-01	0	0	8	9	0	0	0	0	11
TCGA-A2-A1FZ-01	0	0	6	4	0	7	12	0	0
TCGA-A2-A1G0-01	0	3	0	0	0	0	13	7	0
TCGA-A2-A1G1-01	0	4	5	0	0	0	18	0	12
TCGA-A2-A1G6-01	2	0	3	0	5	0	0	0	0
TCGA-A2-A259-01	0	2	4	12	6	0	0	5	0
TCGA-A2-A25A-01	35	46	13	35	0	0	0	0	0
TCGA-A2-A25B-01	3	3	11	26	40	10	6	16	13
TCGA-A2-A25C-01	0	0	0	8	0	10	0	0	21
TCGA-A2-A25D-01	4	5	6	8	0	7	34	0	0
TCGA-A2-A25E-01	0	6	5	0	32	11	0	7	0
TCGA-A2-A25F-01	0	0	0	0	6	0	0	0	0
TCGA-A2-A3KD-01	0	2	6	0	0	0	10	0	0
TCGA-A2-A3XT-01	27	4	0	0	41	15	35	0	0
TCGA-A2-A3XU-01	0	2	11	0	0	6	12	0	0
TCGA-A2-A3XV-01	0	0	7	0	0	11	15	15	0
TCGA-A2-A3XW-01	0	2	3	0	0	3	0	9	0
TCGA-A2-A3XX-01	0	4	12	0	23	0	0	13	0
TCGA-A2-A3XZ-01	15	9	9	0	0	0	0	19	0
TCGA-A2-A3Y0-01	44	12	26	0	122	39	0	0	0
TCGA-A2-A4S1-01	0	4	20	0	0	12	0	0	62
TCGA-A2-A4S2-01	0	8	7	0	0	8	20	0	0
TCGA-A2-A4S3-01	8	7	18	12	0	12	29	0	21
TCGA-A7-A0CE-01	0	3	7	15	26	10	0	0	0
TCGA-A7-A0CH-01	0	0	2	7	0	0	8	0	0
TCGA-A7-A0D9-01	1	2	2	7	0	0	0	0	0
TCGA-A7-A0DA-01	11	10	12	0	106	0	0	18	30
TCGA-A7-A0DB-01	9	12	15	0	0	0	0	0	17
TCGA-A7-A13D-01	14	5	21	15	85	0	0	0	0
TCGA-A7-A13E-01	5	0	41	10	0	0	24	0	0
TCGA-A7-A13F-01	3	0	16	8	0	0	0	18	0
TCGA-A7-A13G-01	2	8	10	0	12	0	0	0	0
TCGA-A7-A26E-01	0	20	15	0	0	0	0	32	0
TCGA-A7-A26F-01	0	4	8	0	0	0	20	14	0
TCGA-A7-A26G-01	8	10	6	0	19	0	0	8	17
TCGA-A7-A26H-01	44	31	26	27	0	0	22	0	0
TCGA-A7-A26I-01	2	5	4	4	11	4	7	6	3
TCGA-A7-A26J-01	0	0	4	13	0	0	16	0	9
TCGA-A7-A2KD-01	0	9	22	0	16	0	0	8	0
TCGA-A7-A3RF-01	0	3	4	0	0	0	33	0	0
TCGA-A7-A425-01	0	0	9	4	0	0	20	0	0
TCGA-A7-A4SC-01	0	0	10	8	0	0	0	7	13
TCGA-A7-A4SD-01	0	0	32	0	0	0	0	13	17
TCGA-A7-A4SE-01	29	11	0	17	45	15	29	0	0
TCGA-A7-A56D-01	46	63	39	48	0	0	0	0	29
TCGA-A7-A5ZV-01	28	6	31	23	82	27	54	1	16
TCGA-A7-A5ZW-01	7	6	6	0	0	8	0	9	0
TCGA-A7-A5ZX-01	0	4	4	9	11	0	0	14	0
TCGA-A7-A6VV-01	8	0	16	10	0	0	30	0	0
TCGA-A7-A6VW-01	5	5	0	0	16	11	42	13	0
TCGA-A7-A6VX-01	12	26	0	26	40	17	56	0	0
TCGA-A7-A6VY-01	13	5	12	23	68	15	0	0	0
TCGA-A8-A075-01	11	14	6	26	0	0	43	0	0
TCGA-AC-A23C-01	21	34	13	19	0	22	0	0	36
TCGA-AC-A23E-01	0	0	10	0	0	0	0	6	8
TCGA-AC-A23H-01	3167	2629	0	582	0	0	0	0	0
TCGA-AC-A2B8-01	42	46	12	28	0	0	0	0	0
TCGA-AC-A2BK-01	6	0	32	0	54	18	0	0	0
TCGA-AC-A2BM-01	4	0	10	0	0	0	0	0	12
TCGA-AC-A2FB-01	0	5	3	0	0	0	9	0	0
TCGA-AC-A2FF-01	2	0	0	9	0	0	0	0	0
TCGA-AC-A2FG-01	0	8	6	0	0	0	14	11	0
TCGA-AC-A2FK-01	0	0	0	3	0	0	0	0	0
TCGA-AC-A2FO-01	4	5	0	10	0	0	8	0	0
TCGA-AC-A2QH-01	0	3	13	0	0	0	0	0	11
TCGA-AC-A3HN-01	2	2	7	0	6	5	0	0	0
TCGA-AC-A3OD-01	0	10	10	0	0	0	0	19	0
TCGA-AC-A3QP-01	0	0	0	0	0	6	13	16	0
TCGA-AC-A3QQ-01	0	0	17	10	9	0	0	0	0
TCGA-AC-A3W5-01	43	23	24	22	99	0	0	0	0
TCGA-AC-A3YI-01	0	0	3	0	0	5	0	10	0
TCGA-AC-A3YJ-01	0	3	14	10	0	0	11	0	0
TCGA-AC-A4ZE-01	0	9	15	0	15	12	23	0	0
TCGA-AC-A5EH-01	14	11	11	15	54	21	39	6	34
TCGA-AC-A5EI-01	0	11	10	0	0	0	22	0	0
TCGA-AC-A5XS-01	252	228	0	235	0	0	0	0	0
TCGA-AC-A5XU-01	6	10	57	40	0	0	0	0	0
TCGA-AC-A62V-01	7	0	48	18	33	0	0	0	0
TCGA-AC-A62X-01	0	0	49	10	0	0	0	0	28
TCGA-AC-A62Y-01	17	15	16	0	0	11	30	0	0
TCGA-AC-A6IV-01	0	0	2	0	0	0	6	19	0
TCGA-AC-A6IW-01	64	28	38	45	56	0	0	0	0
TCGA-AC-A6IX-01	8	26	15	9	0	13	0	0	0
TCGA-AC-A6NO-01	0	0	10	8	0	7	11	7	0
TCGA-AC-A7VB-01	0	0	19	0	0	6	0	0	10
TCGA-AC-A7VC-01	0	0	6	0	0	0	6	14	0
TCGA-AC-A8OP-01	14	9	45	22	47	31	0	30	46
TCGA-AC-A8OQ-01	0	19	24	0	0	0	60	34	0
TCGA-AC-A8OR-01	0	0	15	0	17	0	0	0	0
TCGA-AC-A8OS-01	5	15	10	0	0	11	38	0	0
TCGA-AN-A0XL-01	0	0	10	11	0	5	0	0	14
TCGA-AN-A0XN-01	14	1	7	15	42	26	36	14	20
TCGA-AN-A0XO-01	0	9	0	0	0	9	0	25	0
TCGA-AN-A0XP-01	3	5	7	0	0	9	0	0	10
TCGA-AN-A0XR-01	3	5	7	0	0	0	23	0	0
TCGA-AN-A0XS-01	0	9	5	0	0	0	0	18	0
TCGA-AN-A0XT-01	0	0	9	3	0	0	10	0	0
TCGA-AN-A0XU-01	14	6	0	0	0	0	77	0	40
TCGA-AN-A0XV-01	6	0	10	0	0	10	0	18	0
TCGA-AN-A0XW-01	241	182	0	0	0	0	0	0	0
TCGA-AO-A03M-01	578	396	0	176	0	0	0	0	0
TCGA-AO-A03N-01	38	34	18	44	0	0	0	0	0
TCGA-AO-A03U-01	2	0	0	3	0	0	0	0	0
TCGA-AO-A03V-01	9	6	6	23	0	0	17	11	0
TCGA-AO-A0JG-01	0	2	0	0	0	5	0	0	14
TCGA-AO-A124-01	6	1	13	19	62	12	14	9	42
TCGA-AO-A125-01	0	4	15	0	14	0	0	12	0
TCGA-AO-A126-01	0	3	2	0	0	0	15	5	0
TCGA-AO-A128-01	0	0	521	0	0	689	0	0	0
TCGA-AO-A129-01	22	14	8	0	32	19	49	0	0
TCGA-AO-A12A-01	0	7	12	0	0	0	0	0	0
TCGA-AO-A12B-01	0	1	10	0	0	0	12	0	0
TCGA-AO-A12D-01	7	20	5	15	0	0	0	26	0
TCGA-AO-A12E-01	0	0	14	7	0	0	12	0	0
TCGA-AO-A12F-01	0	0	24	0	0	0	0	0	16
TCGA-AO-A12G-01	4	3	11	6	0	0	18	0	0
TCGA-AO-A12H-01	0	0	7	5	0	0	11	7	0
TCGA-AO-A1KO-01	0	0	0	0	0	4	0	6	0
TCGA-AO-A1KR-01	8	6	10	0	45	9	0	11	0
TCGA-AO-A1KT-01	0	4	13	0	12	13	0	9	0
TCGA-AQ-A04H-01	5	4	44	0	0	0	28	0	0
TCGA-AQ-A0Y5-01	10	11	22	0	13	0	0	14	0
TCGA-AQ-A1H2-01	0	2	10	0	0	0	14	8	0
TCGA-AQ-A1H3-01	0	0	19	0	0	0	8	0	0
TCGA-AQ-A54O-01	0	5	9	0	11	0	0	0	0
TCGA-AQ-A7U7-01	29	35	7	0	0	0	0	25	0
TCGA-AR-A0TP-01	4	5	0	0	25	11	26	0	0
TCGA-AR-A0TQ-01	0	12	11	10	0	0	0	0	16
TCGA-AR-A0TR-01	0	0	12	8	0	11	0	11	0
TCGA-AR-A0TS-01	8	7	20	0	33	0	0	0	22
TCGA-AR-A0TT-01	6	11	18	0	18	11	0	11	0
TCGA-AR-A0TU-01	8	4	11	0	27	0	18	0	22
TCGA-AR-A0TV-01	3	3	18	12	0	0	43	0	0
TCGA-AR-A0TW-01	0	0	16	0	0	0	15	14	22
TCGA-AR-A0TX-01	166	156	0	26	0	0	0	59	0
TCGA-AR-A0TZ-01	11	10	8	0	0	0	0	22	16
TCGA-AR-A0U0-01	7	1	7	9	8	1	1	5	11
TCGA-AR-A0U1-01	12	0	0	17	37	22	0	0	21
TCGA-AR-A0U2-01	0	0	27	0	0	11	0	0	18
TCGA-AR-A0U3-01	0	0	14	12	0	0	0	14	0
TCGA-AR-A0U4-01	40	13	10	23	52	0	0	0	63
TCGA-AR-A1AH-01	6	0	13	0	19	23	0	0	59
TCGA-AR-A1AI-01	16	0	14	22	0	0	0	37	0
TCGA-AR-A1AJ-01	8	18	14	0	0	0	13	0	0
TCGA-AR-A1AK-01	17	15	13	13	0	0	0	9	15
TCGA-AR-A1AL-01	3	4	7	7	0	9	0	0	0
TCGA-AR-A1AN-01	4	0	14	5	0	0	8	0	0
TCGA-AR-A1AO-01	15	11	12	18	52	0	0	14	0
TCGA-AR-A1AP-01	6	3	19	12	0	0	0	11	0
TCGA-AR-A1AQ-01	2	2	11	0	19	7	0	0	0
TCGA-AR-A1AR-01	7	3	13	0	0	0	24	0	16
TCGA-AR-A1AS-01	3	14	7	0	10	0	0	7	0
TCGA-AR-A1AT-01	0	2	10	0	20	0	0	0	0
TCGA-AR-A1AU-01	0	0	10	11	0	5	0	0	0
TCGA-AR-A1AV-01	0	0	26	23	0	0	0	0	0
TCGA-AR-A1AW-01	0	2	13	0	0	11	0	0	15
TCGA-AR-A1AX-01	0	0	3	11	0	0	0	18	0
TCGA-AR-A1AY-01	5	7	16	14	0	8	22	0	0
TCGA-AR-A24H-01	19	8	15	0	65	0	0	0	45
TCGA-AR-A24K-01	0	0	5	0	17	0	0	12	0
TCGA-AR-A24L-01	6	0	0	5	25	0	17	0	0
TCGA-AR-A24M-01	0	0	5	0	0	8	0	0	12
TCGA-AR-A24N-01	0	7	19	0	14	7	0	0	0
TCGA-AR-A24O-01	2	0	6	0	0	0	14	0	0
TCGA-AR-A24P-01	0	0	3	0	0	0	0	16	0
TCGA-AR-A24Q-01	18	17	0	33	94	25	0	0	45
TCGA-AR-A24R-01	0	2	11	0	7	6	0	0	0
TCGA-AR-A24S-01	4	7	16	7	0	10	13	0	0
TCGA-AR-A24T-01	0	2	9	0	0	0	8	5	0
TCGA-AR-A24U-01	10	9	12	13	0	0	0	0	0
TCGA-AR-A24V-01	3	3	11	0	0	0	0	11	0
TCGA-AR-A24W-01	0	0	0	7	0	0	0	7	0
TCGA-AR-A24X-01	0	0	6	0	0	5	0	23	0
TCGA-AR-A24Z-01	3	5	14	0	16	0	18	0	0
TCGA-AR-A250-01	48	15	33	23	0	0	0	36	0
TCGA-AR-A251-01	31	0	0	23	85	17	49	0	0
TCGA-AR-A252-01	0	0	10	4	0	5	0	0	0
TCGA-AR-A254-01	0	3	13	10	0	0	0	16	0
TCGA-AR-A255-01	16	14	7	0	0	0	0	21	31
TCGA-AR-A256-01	15	12	7	34	88	15	44	1	8
TCGA-AR-A2LE-01	106	149	0	139	0	0	0	0	0
TCGA-AR-A2LH-01	14	21	7	29	0	0	0	0	0
TCGA-AR-A2LK-01	0	4	20	10	0	0	14	0	0
TCGA-AR-A2LL-01	0	0	11	4	0	0	22	0	0
TCGA-AR-A2LM-01	0	0	0	0	0	0	9	8	0
TCGA-AR-A2LN-01	3	12	8	31	0	0	0	0	0
TCGA-AR-A2LO-01	2	2	4	0	0	0	9	0	0
TCGA-AR-A2LQ-01	0	0	3	0	0	0	10	0	0
TCGA-AR-A2LR-01	1	1	12	3	11	2	12	11	17
TCGA-AR-A5QM-01	0	0	8	0	0	0	19	9	0
TCGA-AR-A5QN-01	0	5	20	6	0	8	0	10	0
TCGA-AR-A5QP-01	0	3	8	4	0	5	14	0	0
TCGA-AR-A5QQ-01	8	6	14	0	48	20	0	0	0
TCGA-B6-A0I1-01	0	5	11	0	0	0	52	12	0
TCGA-B6-A0IH-01	0	0	15	7	0	7	0	12	0
TCGA-B6-A0RH-01	5	8	5	5	0	0	22	0	0
TCGA-B6-A0RL-01	5	16	28	0	20	0	0	0	0
TCGA-B6-A0RM-01	0	7	13	0	0	0	16	0	0
TCGA-B6-A0RN-01	0	2	14	0	0	6	11	0	0
TCGA-B6-A0RO-01	0	3	0	0	12	6	0	22	0
TCGA-B6-A0RP-01	0	0	8	11	0	0	11	0	0
TCGA-B6-A0RQ-01	3	11	8	20	0	0	14	0	0
TCGA-B6-A0RT-01	21	0	11	0	40	0	0	0	0
TCGA-B6-A0RU-01	0	4	8	8	0	11	0	15	12
TCGA-B6-A0RV-01	25	32	10	0	0	0	0	0	0
TCGA-B6-A0WS-01	1	2	2	0	0	8	0	0	5
TCGA-B6-A0WT-01	0	0	6	4	0	5	0	7	0
TCGA-B6-A0WV-01	4	0	4	9	0	0	20	0	0
TCGA-B6-A0WW-01	3	9	12	0	0	0	0	0	23
TCGA-B6-A0WX-01	0	0	11	0	0	7	0	11	16
TCGA-B6-A0WY-01	3	6	8	0	0	8	0	10	0
TCGA-B6-A0WZ-01	23	51	0	21	0	0	0	0	0
TCGA-B6-A0X0-01	0	2	2	0	0	0	7	6	8
TCGA-B6-A0X1-01	13	0	0	21	26	14	0	18	0
TCGA-B6-A0X4-01	0	0	0	0	0	0	0	22	0
TCGA-B6-A0X5-01	0	3	0	0	0	0	0	23	22
TCGA-B6-A0X7-01	0	4	6	0	0	0	7	6	0
TCGA-B6-A1KN-01	0	0	12	14	0	10	0	0	36
TCGA-B6-A2IU-01	0	14	9	0	0	0	0	31	0
TCGA-B6-A401-01	0	0	10	0	7	0	0	11	0
TCGA-B6-A409-01	3	3	14	7	0	0	29	0	0
TCGA-B6-A40B-01	5	13	12	17	0	0	19	0	0
TCGA-B6-A40C-01	0	4	19	0	0	0	20	0	11
TCGA-BH-A0AU-01	3	2	8	0	0	0	10	0	0
TCGA-BH-A0AV-01	11	0	0	17	31	13	15	0	0
TCGA-BH-A0AY-01	0	5	6	0	0	0	0	22	13
TCGA-BH-A0AZ-01	9	14	0	0	22	0	25	0	0
TCGA-BH-A0B0-01	19	41	0	16	0	0	0	23	0
TCGA-BH-A0B3-01	0	2	7	0	0	0	0	0	9
TCGA-BH-A0B6-01	494	528	0	268	0	0	0	0	0
TCGA-BH-A0B7-01	7	4	11	0	0	0	0	20	0
TCGA-BH-A0B8-01	0	3	0	13	0	0	18	0	0
TCGA-BH-A0BA-01	3	6	6	0	0	5	9	0	0
TCGA-BH-A0BC-01	3	7	12	6	0	0	17	0	0
TCGA-BH-A0BF-01	7	0	8	0	10	0	0	8	0
TCGA-BH-A0BG-01	4	6	8	0	27	0	0	0	0
TCGA-BH-A0BJ-01	0	0	0	0	0	0	0	7	10
TCGA-BH-A0BL-01	0	0	12	0	25	0	0	10	22
TCGA-BH-A0BM-01	0	3	2	0	0	0	0	0	14
TCGA-BH-A0BO-01	5	0	4	0	0	12	0	10	0
TCGA-BH-A0BP-01	30	17	31	34	43	0	0	41	0
TCGA-BH-A0BQ-01	0	3	10	0	0	0	0	7	10
TCGA-BH-A0BS-01	0	2	3	0	0	0	18	0	0
TCGA-BH-A0BT-01	0	4	19	16	0	9	0	0	0
TCGA-BH-A0BV-01	0	3	3	6	0	0	7	5	0
TCGA-BH-A0BW-01	7	10	7	0	22	17	29	11	0
TCGA-BH-A0BZ-01	27	11	21	18	115	27	0	0	77
TCGA-BH-A0C0-01	1	4	4	4	15	11	2	5	2
TCGA-BH-A0C1-01	0	9	21	0	12	8	0	0	0
TCGA-BH-A0C3-01	0	0	0	0	0	4	10	4	0
TCGA-BH-A0C7-01	3	0	14	0	0	0	32	9	0
TCGA-BH-A0DD-01	3	4	17	0	0	6	0	7	0
TCGA-BH-A0DE-01	0	0	0	12	0	0	21	0	0
TCGA-BH-A0DG-01	8	5	0	0	0	0	0	25	9
TCGA-BH-A0DH-01	0	15	21	0	0	0	0	16	0
TCGA-BH-A0DI-01	11	10	15	10	16	0	0	0	0
TCGA-BH-A0DK-01	0	4	10	0	0	0	0	0	39
TCGA-BH-A0DL-01	5	15	23	0	0	11	0	0	11
TCGA-BH-A0DO-01	3	3	4	0	7	0	0	13	0
TCGA-BH-A0DP-01	0	4	3	3	9	0	0	0	0
TCGA-BH-A0DQ-01	0	0	13	0	0	0	22	0	0
TCGA-BH-A0DT-01	0	3	6	0	6	0	0	0	0
TCGA-BH-A0DV-01	0	4	0	0	0	0	11	0	0
TCGA-BH-A0DX-01	14	29	10	0	0	0	0	10	14
TCGA-BH-A0DZ-01	95	71	0	51	0	0	0	0	0
TCGA-BH-A0E0-01	0	0	16	8	0	0	0	0	0
TCGA-BH-A0E1-01	4	2	5	0	0	0	0	8	0
TCGA-BH-A0E9-01	0	2	16	0	10	0	0	0	0
TCGA-BH-A0EA-01	0	3	5	0	0	0	8	16	0
TCGA-BH-A0EI-01	0	0	10	8	0	6	0	0	0
TCGA-BH-A0H3-01	0	1	2	0	0	0	14	0	0
TCGA-BH-A0H5-01	53	57	0	40	0	0	0	19	0
TCGA-BH-A0H7-01	4	1	4	0	0	4	0	4	0
TCGA-BH-A0H9-01	0	4	0	0	9	4	0	6	0
TCGA-BH-A0HA-01	17	26	147	0	0	192	0	0	0
TCGA-BH-A0HI-01	0	6	11	0	0	0	0	0	18
TCGA-BH-A0HK-01	8	21	13	21	0	0	0	0	0
TCGA-BH-A0HN-01	0	5	13	0	0	0	0	16	0
TCGA-BH-A0HP-01	134	120	0	103	0	0	0	0	0
TCGA-BH-A0RX-01	0	4	28	0	0	0	0	17	0
TCGA-BH-A0W3-01	2	3	5	0	13	0	0	0	0
TCGA-BH-A0W4-01	3	7	0	0	0	0	0	29	0
TCGA-BH-A0W5-01	0	0	11	0	0	5	0	6	7
TCGA-BH-A0W7-01	132	129	0	0	0	0	0	0	0
TCGA-BH-A0WA-01	6	9	8	29	49	12	0	0	0
TCGA-BH-A18F-01	0	15	11	13	0	0	0	16	12
TCGA-BH-A18G-01	0	0	615	0	0	1053	0	0	0
TCGA-BH-A18H-01	4	5	4	19	0	11	11	0	0
TCGA-BH-A18I-01	0	5	15	0	0	0	0	11	0
TCGA-BH-A18J-01	30	52	8	0	0	0	0	0	21
TCGA-BH-A18K-01	13	16	0	0	18	0	0	21	0
TCGA-BH-A18L-01	0	0	27	11	0	8	0	0	19
TCGA-BH-A18M-01	3	2	8	5	0	0	0	0	0
TCGA-BH-A18N-01	0	0	19	0	0	16	0	8	0
TCGA-BH-A18P-01	145	164	0	87	0	0	0	42	0
TCGA-BH-A18Q-01	8	0	0	15	32	0	52	0	0
TCGA-BH-A18R-01	0	4	0	10	11	0	17	0	0
TCGA-BH-A18S-01	3	0	0	0	12	10	0	12	0
TCGA-BH-A18T-01	11	6	7	2	51	9	8	7	1
TCGA-BH-A18U-01	31	52	28	23	0	0	44	0	0
TCGA-BH-A18V-01	63	25	0	31	74	0	0	0	57
TCGA-BH-A1EO-01	0	7	24	0	0	0	19	0	0
TCGA-BH-A1ET-01	0	0	10	0	0	6	0	0	17
TCGA-BH-A1EU-01	0	0	4	7	0	5	18	0	0
TCGA-BH-A1EV-01	33	29	18	25	0	0	0	24	0
TCGA-BH-A1EW-01	0	2	0	11	0	3	0	5	0
TCGA-BH-A1EX-01	0	0	6	0	0	6	0	23	0
TCGA-BH-A1EY-01	11	5	7	0	0	8	0	24	0
TCGA-BH-A1F0-01	18	0	7	21	27	0	0	22	0
TCGA-BH-A1F2-01	7	10	25	10	0	0	0	0	19
TCGA-BH-A1F5-01	0	4	10	5	0	0	18	7	0
TCGA-BH-A1F6-01	4	4	17	0	21	7	0	0	0
TCGA-BH-A1F8-01	46	74	17	29	0	0	0	0	26
TCGA-BH-A1FC-01	20	15	20	9	13	12	27	2	12
TCGA-BH-A1FE-01	0	5	3	0	0	0	0	7	11
TCGA-BH-A1FG-01	0	0	8	5	0	0	8	0	0
TCGA-BH-A1FH-01	0	0	8	11	0	0	14	0	0
TCGA-BH-A1FJ-01	0	0	13	11	0	0	21	0	0
TCGA-BH-A1FL-01	0	2	9	5	0	4	0	6	0
TCGA-BH-A1FM-01	8	12	14	0	0	0	0	28	0
TCGA-BH-A1FN-01	43	36	0	0	0	0	40	0	27
TCGA-BH-A1FR-01	1	0	6	4	6	0	0	0	0
TCGA-BH-A1FU-01	14	4	7	12	20	25	11	19	6
TCGA-BH-A201-01	0	2	3	5	0	8	0	0	9
TCGA-BH-A202-01	0	3	9	0	0	0	0	0	16
TCGA-BH-A203-01	13	15	35	0	0	0	0	36	0
TCGA-BH-A204-01	4	1	9	9	2	4	14	4	5
TCGA-BH-A208-01	20	16	11	14	0	0	21	0	0
TCGA-BH-A209-01	53	31	0	16	0	0	0	19	0
TCGA-BH-A28Q-01	2	2	15	0	7	0	0	0	0
TCGA-BH-A2L8-01	265	287	0	76	0	0	0	0	0
TCGA-BH-A42U-01	3	11	0	6	0	0	0	12	0
TCGA-BH-A42V-01	16	25	5	0	0	0	0	9	0
TCGA-BH-A5IZ-01	5	4	12	21	0	0	31	0	23
TCGA-BH-A5J0-01	13	36	13	21	0	0	0	19	0
TCGA-BH-A6R8-01	2	2	15	10	0	0	0	8	0
TCGA-BH-A6R9-01	0	0	4	0	12	0	0	9	0
TCGA-BH-A8FY-01	5	0	7	21	23	0	0	0	0
TCGA-BH-A8FZ-01	5	9	13	0	27	17	0	0	20
TCGA-BH-A8G0-01	0	0	6	0	0	4	0	7	0
TCGA-BH-AB28-01	0	8	22	0	0	13	0	0	0
TCGA-C8-A12K-01	50	13	13	20	77	0	0	0	0
TCGA-C8-A12L-01	4	3	8	2	32	2	23	9	6
TCGA-C8-A12M-01	0	0	18	0	20	8	0	36	0
TCGA-C8-A12N-01	3	0	10	0	0	4	0	0	10
TCGA-C8-A12O-01	0	0	21	11	0	0	17	0	0
TCGA-C8-A12P-01	54	51	21	26	0	0	0	21	29
TCGA-C8-A12Q-01	37	40	0	20	0	0	0	42	0
TCGA-C8-A12T-01	94	75	17	28	0	0	0	0	0
TCGA-C8-A12U-01	6	5	21	0	0	0	29	0	0
TCGA-C8-A12V-01	4	0	0	0	0	9	30	9	0
TCGA-C8-A12W-01	4	0	30	0	0	0	29	14	0
TCGA-C8-A12X-01	0	0	36	19	0	10	0	0	0
TCGA-C8-A12Y-01	0	3	24	0	0	19	0	0	0
TCGA-C8-A12Z-01	12	9	19	21	0	0	0	0	0
TCGA-C8-A130-01	4	3	23	0	0	7	0	17	0
TCGA-C8-A131-01	0	7	8	9	15	8	0	27	0
TCGA-C8-A132-01	23	9	7	9	0	0	36	0	0
TCGA-C8-A133-01	0	5	0	0	0	4	0	10	14
TCGA-C8-A134-01	6	0	9	0	54	0	0	0	48
TCGA-C8-A135-01	5	4	31	0	0	10	0	11	16
TCGA-C8-A137-01	13	8	5	14	0	0	0	22	0
TCGA-C8-A138-01	0	0	15	10	0	0	0	0	27
TCGA-C8-A1HE-01	10	22	8	0	0	0	14	0	0
TCGA-C8-A1HF-01	7	9	9	8	0	6	0	0	0
TCGA-C8-A1HG-01	3	3	28	15	11	9	0	0	0
TCGA-C8-A1HI-01	8	8	15	0	0	0	41	0	0
TCGA-C8-A1HJ-01	12	0	11	0	64	18	0	0	19
TCGA-C8-A1HK-01	22	7	8	0	0	0	0	22	14
TCGA-C8-A1HL-01	0	0	11	6	0	7	0	0	13
TCGA-C8-A1HM-01	217	105	26	100	0	0	0	0	0
TCGA-C8-A1HN-01	0	3	20	11	0	0	22	0	14
TCGA-C8-A1HO-01	3	9	7	0	0	0	15	0	15
TCGA-C8-A26V-01	35	23	12	0	0	0	0	26	0
TCGA-C8-A26W-01	13	15	0	13	0	0	0	28	0
TCGA-C8-A26X-01	0	4	21	0	18	0	0	11	21
TCGA-C8-A26Y-01	323	313	0	87	0	0	0	0	193
TCGA-C8-A26Z-01	0	2	19	0	19	0	0	9	0
TCGA-C8-A273-01	0	0	5	0	0	0	10	9	0
TCGA-C8-A274-01	90	128	23	0	0	0	0	0	40
TCGA-C8-A275-01	54	31	0	26	0	0	0	31	0
TCGA-C8-A278-01	7	8	9	0	0	0	15	14	0
TCGA-C8-A27A-01	2	6	5	0	0	0	0	12	15
TCGA-C8-A27B-01	67	8	0	23	64	0	0	0	0
TCGA-C8-A3M7-01	36	87	28	70	0	0	0	0	0
TCGA-C8-A3M8-01	9	5	11	0	0	11	26	0	0
TCGA-C8-A8HP-01	96	93	0	24	0	0	0	60	0
TCGA-C8-A8HQ-01	128	149	0	0	0	0	0	95	0
TCGA-C8-A8HR-01	0	0	16	12	20	12	0	0	0
TCGA-C8-A9FZ-01	3	0	15	0	11	0	0	0	0
TCGA-D8-A13Y-01	10	10	10	21	0	12	19	0	0
TCGA-D8-A13Z-01	13	4	25	0	40	0	0	0	21
TCGA-D8-A140-01	0	21	28	38	0	17	30	0	0
TCGA-D8-A141-01	0	0	8	4	0	0	9	0	0
TCGA-D8-A142-01	14	0	37	17	32	0	48	18	0
TCGA-D8-A143-01	0	3	15	0	27	0	16	0	0
TCGA-D8-A145-01	4	0	19	0	15	9	0	0	0
TCGA-D8-A146-01	0	4	10	9	0	9	0	9	0
TCGA-D8-A147-01	43	13	2	31	68	12	6	12	13
TCGA-D8-A1J8-01	256	245	94	114	0	134	0	118	0
TCGA-D8-A1J9-01	101	105	0	0	0	0	0	72	0
TCGA-D8-A1JB-01	3	4	4	3	15	5	14	5	10
TCGA-D8-A1JC-01	32	29	9	26	0	0	0	26	0
TCGA-D8-A1JD-01	14	10	0	0	31	0	37	12	18
TCGA-D8-A1JE-01	0	2	10	0	0	0	14	0	14
TCGA-D8-A1JF-01	3	3	11	0	0	9	16	7	0
TCGA-D8-A1JG-01	0	0	13	0	0	0	0	58	98
TCGA-D8-A1JH-01	0	3	5	0	0	5	11	0	0
TCGA-D8-A1JI-01	0	0	4	16	0	7	15	0	0
TCGA-D8-A1JJ-01	19	34	14	0	0	0	0	31	0
TCGA-D8-A1JK-01	7	14	0	39	0	41	72	0	76
TCGA-D8-A1JL-01	11	0	0	0	43	19	31	23	0
TCGA-D8-A1JM-01	0	0	9	0	0	0	13	16	15
TCGA-D8-A1JN-01	44	78	0	24	0	0	0	62	0
TCGA-D8-A1JP-01	11	0	0	24	52	17	31	0	0
TCGA-D8-A1JS-01	0	1	7	10	0	4	0	0	7
TCGA-D8-A1JT-01	0	0	13	0	0	0	28	0	0
TCGA-D8-A1JU-01	0	1	4	0	0	4	11	0	0
TCGA-D8-A1X5-01	4	3	17	0	0	9	0	0	33
TCGA-D8-A1X6-01	0	4	21	0	17	0	0	0	0
TCGA-D8-A1X7-01	0	0	4	14	0	0	9	5	0
TCGA-D8-A1X9-01	6	0	0	0	0	14	32	0	50
TCGA-D8-A1XA-01	0	0	8	7	0	5	0	0	8
TCGA-D8-A1XB-01	0	8	18	0	0	9	0	15	0
TCGA-D8-A1XC-01	0	0	18	16	0	0	0	0	0
TCGA-D8-A1XF-01	0	0	20	13	0	0	0	18	0
TCGA-D8-A1XG-01	0	1	0	0	7	10	0	9	0
TCGA-D8-A1XK-01	0	0	61	0	0	1010	229	0	0
TCGA-D8-A1XL-01	5	5	8	0	34	17	0	12	29
TCGA-D8-A1XM-01	5	13	10	16	0	0	0	20	0
TCGA-D8-A1XO-01	5	6	5	0	0	0	13	0	0
TCGA-D8-A1XQ-01	25	20	194	15	104	446	120	62	45
TCGA-D8-A1XR-01	0	2	11	6	0	13	0	0	0
TCGA-D8-A1XS-01	0	4	5	0	0	0	0	17	0
TCGA-D8-A1XT-01	0	0	17	18	10	0	0	0	0
TCGA-D8-A1XU-01	3	12	8	0	12	0	0	0	0
TCGA-D8-A1XV-01	4	0	11	0	0	0	21	0	0
TCGA-D8-A1XW-01	9	8	7	0	50	12	24	12	0
TCGA-D8-A1XY-01	0	6	29	14	0	0	10	0	0
TCGA-D8-A1XZ-01	10	1	35	2	18	1	1	23	5
TCGA-D8-A1Y0-01	10	4	5	7	11	8	22	4	10
TCGA-D8-A1Y1-01	0	20	150	0	0	0	63	0	0
TCGA-D8-A1Y2-01	3	9	10	0	0	0	0	0	0
TCGA-D8-A1Y3-01	0	3	33	0	15	0	16	0	0
TCGA-D8-A27E-01	0	0	0	4	4	0	0	3	0
TCGA-D8-A27F-01	10	2	0	0	0	0	35	0	23
TCGA-D8-A27G-01	472	493	0	211	0	0	0	0	0
TCGA-D8-A27H-01	47	11	10	18	74	0	0	0	0
TCGA-D8-A27I-01	4	5	7	0	0	0	20	0	0
TCGA-D8-A27K-01	2	0	8	0	0	0	11	0	0
TCGA-D8-A27L-01	5	12	8	18	0	0	0	10	0
TCGA-D8-A27M-01	11	0	6	0	26	0	0	15	32
TCGA-D8-A27N-01	0	0	25	10	0	0	0	10	15
TCGA-D8-A27P-01	0	0	12	8	0	10	0	0	0
TCGA-D8-A27R-01	3	2	0	0	0	0	16	14	0
TCGA-D8-A27T-01	0	4	16	6	0	5	0	0	0
TCGA-D8-A27V-01	82	63	0	40	0	0	0	50	0
TCGA-D8-A27W-01	3	3	36	0	0	0	0	13	0
TCGA-D8-A3Z6-01	0	7	11	0	0	8	11	0	0
TCGA-D8-A4Z1-01	6	23	0	0	0	0	0	17	0
TCGA-D8-A73U-01	41	101	16	49	0	0	0	0	0
TCGA-D8-A73W-01	0	4	30	0	18	0	0	0	0
TCGA-D8-A73X-01	0	6	13	0	0	7	19	7	0
TCGA-E2-A105-01	0	6	20	12	20	9	0	0	0
TCGA-E2-A107-01	0	7	7	0	0	5	10	7	0
TCGA-E2-A108-01	77	61	0	0	0	0	48	0	0
TCGA-E2-A109-01	0	0	21	18	17	11	0	0	17
TCGA-E2-A10A-01	3	5	5	7	8	0	0	0	0
TCGA-E2-A10B-01	13	16	9	11	0	11	13	0	0
TCGA-E2-A10C-01	185	234	0	100	0	0	0	0	0
TCGA-E2-A10F-01	0	4	14	5	0	0	0	0	7
TCGA-E2-A14N-01	15	9	0	0	40	0	22	23	0
TCGA-E2-A14O-01	0	0	12	0	0	0	0	24	0
TCGA-E2-A14P-01	7	18	26	19	0	0	0	18	24
TCGA-E2-A14Q-01	0	5	14	0	0	0	11	0	10
TCGA-E2-A14R-01	16	0	0	14	41	17	41	14	0
TCGA-E2-A14T-01	5	5	11	0	0	7	0	15	0
TCGA-E2-A14V-01	36	25	19	0	0	0	22	39	0
TCGA-E2-A14W-01	12	0	0	13	53	0	0	24	0
TCGA-E2-A14X-01	0	6	21	0	0	0	0	10	0
TCGA-E2-A14Y-01	14	16	8	0	0	0	12	0	0
TCGA-E2-A14Z-01	8	21	8	13	25	0	0	20	0
TCGA-E2-A150-01	0	4	19	0	0	10	0	12	46
TCGA-E2-A152-01	51	44	0	23	0	0	0	53	0
TCGA-E2-A153-01	0	9	17	0	0	0	0	0	0
TCGA-E2-A154-01	0	0	14	0	0	0	0	22	22
TCGA-E2-A155-01	4	13	19	0	0	9	0	11	25
TCGA-E2-A156-01	0	4	3	4	0	0	14	0	0
TCGA-E2-A158-01	7	0	6	0	48	0	22	14	0
TCGA-E2-A159-01	85	65	17	34	0	0	0	0	0
TCGA-E2-A15A-01	0	0	15	12	0	0	0	0	35
TCGA-E2-A15C-01	0	0	23	9	0	0	18	0	0
TCGA-E2-A15D-01	0	0	14	0	0	8	0	0	12
TCGA-E2-A15E-01	6	0	9	0	0	9	16	0	0
TCGA-E2-A15F-01	0	0	13	8	7	0	0	0	0
TCGA-E2-A15G-01	0	9	10	0	0	0	38	16	0
TCGA-E2-A15H-01	0	0	18	9	0	6	0	0	0
TCGA-E2-A15I-01	0	4	15	9	0	0	15	0	0
TCGA-E2-A15J-01	0	0	9	8	0	5	0	0	0
TCGA-E2-A15K-01	0	0	18	19	0	0	16	0	0
TCGA-E2-A15L-01	3	0	14	5	0	0	12	0	0
TCGA-E2-A15M-01	17	19	32	12	28	0	0	0	0
TCGA-E2-A15O-01	0	2	5	0	0	0	22	5	0
TCGA-E2-A15P-01	0	0	12	8	0	8	0	0	0
TCGA-E2-A15R-01	0	4	18	10	0	0	0	15	0
TCGA-E2-A15S-01	5	9	0	0	0	12	42	0	0
TCGA-E2-A15T-01	2	0	10	0	0	0	21	7	0
TCGA-E2-A1AZ-01	21	9	0	0	0	0	0	49	0
TCGA-E2-A1B0-01	4	6	11	0	0	13	0	26	0
TCGA-E2-A1B1-01	15	11	9	31	0	0	0	0	0
TCGA-E2-A1B4-01	0	5	5	19	0	0	0	13	0
TCGA-E2-A1B5-01	8	15	9	0	0	0	0	14	0
TCGA-E2-A1B6-01	3	0	11	0	29	0	13	0	0
TCGA-E2-A1BC-01	3	0	11	5	16	6	0	0	0
TCGA-E2-A1BD-01	0	0	22	0	0	0	0	0	21
TCGA-E2-A1IE-01	0	0	8	0	0	0	22	0	0
TCGA-E2-A1IF-01	0	0	4	0	0	6	14	0	0
TCGA-E2-A1IG-01	0	6	7	14	0	0	14	16	0
TCGA-E2-A1IH-01	18	15	7	10	0	12	23	0	0
TCGA-E2-A1II-01	0	0	13	0	21	0	0	0	0
TCGA-E2-A1IJ-01	0	0	7	0	0	0	0	0	11
TCGA-E2-A1IK-01	0	0	0	0	0	0	0	17	0
TCGA-E2-A1IL-01	0	0	7	0	11	0	0	13	0
TCGA-E2-A1IN-01	107	95	21	25	0	0	0	0	0
TCGA-E2-A1IO-01	0	2	8	0	0	0	0	6	0
TCGA-E2-A1IU-01	0	5	0	0	0	0	0	26	0
TCGA-E2-A1L6-01	0	2	0	0	0	5	0	21	0
TCGA-E2-A1L7-01	3	0	0	7	0	0	56	0	15
TCGA-E2-A1L8-01	3	3	5	6	0	5	16	0	0
TCGA-E2-A1L9-01	0	3	7	0	9	4	0	5	0
TCGA-E2-A1LA-01	9	0	12	0	65	21	0	0	0
TCGA-E2-A1LB-01	13	10	7	25	0	0	0	0	0
TCGA-E2-A1LG-01	99	38	0	57	0	0	0	25	0
TCGA-E2-A1LH-01	43	13	13	22	75	18	0	0	47
TCGA-E2-A1LI-01	7	6	0	0	15	0	0	9	0
TCGA-E2-A1LK-01	4	0	33	0	0	0	0	17	0
TCGA-E2-A1LL-01	7	0	12	0	23	7	12	0	0
TCGA-E2-A2P6-01	34	72	24	56	0	0	0	0	0
TCGA-E2-A56Z-01	0	0	12	7	0	10	17	14	0
TCGA-E2-A570-01	0	0	11	10	9	0	0	0	0
TCGA-E2-A572-01	2	2	9	0	0	0	16	0	0
TCGA-E2-A573-01	5	0	16	11	28	12	0	0	0
TCGA-E2-A574-01	31	29	22	38	0	0	0	36	0
TCGA-E2-A576-01	0	0	26	16	0	0	28	0	0
TCGA-E2-A9RU-01	8	6	42	35	0	0	0	0	16
TCGA-E9-A1N3-01	2	0	2	0	0	4	14	0	9
TCGA-E9-A1N4-01	6	3	5	6	0	0	0	14	0
TCGA-E9-A1N5-01	6	9	4	0	10	10	0	0	0
TCGA-E9-A1N8-01	8	3	0	0	0	8	0	17	0
TCGA-E9-A1N9-01	0	9	19	0	20	0	0	0	18
TCGA-E9-A1NA-01	14	5	8	20	20	3	6	16	25
TCGA-E9-A1NE-01	3	4	6	0	34	0	0	0	15
TCGA-E9-A1NF-01	3	18	0	0	0	0	19	21	0
TCGA-E9-A1NG-01	0	2	5	0	0	0	14	0	0
TCGA-E9-A1NH-01	0	2	8	0	0	7	20	0	0
TCGA-E9-A1QZ-01	0	0	4	0	0	3	9	0	7
TCGA-E9-A1R0-01	4	3	13	5	0	0	0	10	0
TCGA-E9-A1R2-01	15	0	0	0	0	14	37	0	0
TCGA-E9-A1R3-01	0	3	5	0	7	4	0	6	0
TCGA-E9-A1R4-01	41	51	17	44	0	0	0	0	0
TCGA-E9-A1R5-01	0	4	10	0	0	0	26	11	0
TCGA-E9-A1R6-01	0	0	10	0	0	0	0	15	11
TCGA-E9-A1R7-01	4	9	10	4	19	6	6	2	3
TCGA-E9-A1RA-01	0	6	5	0	0	0	14	0	0
TCGA-E9-A1RB-01	0	0	11	0	15	12	0	0	0
TCGA-E9-A1RC-01	0	0	17	0	12	9	0	17	0
TCGA-E9-A1RD-01	2	6	8	0	7	0	0	0	0
TCGA-E9-A1RE-01	1	2	25	8	5	9	6	9	1
TCGA-E9-A1RF-01	15	4	25	12	56	3	13	9	33
TCGA-E9-A1RG-01	5	3	5	9	0	0	19	0	0
TCGA-E9-A1RH-01	8	6	18	13	14	7	17	9	19
TCGA-E9-A1RI-01	0	6	8	0	0	0	0	0	15
TCGA-E9-A226-01	23	13	12	31	0	0	0	0	0
TCGA-E9-A227-01	2	0	2	9	6	0	0	0	0
TCGA-E9-A228-01	6	5	25	16	0	0	0	0	0
TCGA-E9-A229-01	7	0	15	8	0	0	0	0	0
TCGA-E9-A22A-01	5	4	4	6	0	0	17	0	0
TCGA-E9-A22B-01	3	8	18	14	5	3	19	3	3
TCGA-E9-A22D-01	3	3	15	0	0	0	0	19	0
TCGA-E9-A22E-01	25	9	10	21	41	0	38	0	0
TCGA-E9-A22G-01	8	0	0	0	33	30	20	0	26
TCGA-E9-A22H-01	0	2	19	5	0	0	0	0	0
TCGA-E9-A243-01	12	4	6	11	26	15	2	3	10
TCGA-E9-A244-01	0	4	21	0	30	11	21	0	34
TCGA-E9-A245-01	0	0	0	0	0	0	0	6	17
TCGA-E9-A247-01	0	0	31	0	10	6	0	0	0
TCGA-E9-A248-01	0	6	14	0	0	0	0	0	8
TCGA-E9-A249-01	0	2	12	0	0	0	11	0	0
TCGA-E9-A24A-01	0	0	6	0	0	0	0	5	11
TCGA-E9-A295-01	0	0	36	0	0	0	0	0	73
TCGA-E9-A2JS-01	0	0	39	0	0	0	0	15	35
TCGA-E9-A2JT-01	14	14	0	0	0	0	0	0	0
TCGA-E9-A3HO-01	6	3	0	0	24	0	30	9	0
TCGA-E9-A3QA-01	15	9	0	0	26	0	0	12	0
TCGA-E9-A3X8-01	5	0	7	12	0	0	13	0	0
TCGA-E9-A54Y-01	0	15	18	13	0	0	0	0	12
TCGA-E9-A5FK-01	0	0	10	8	0	0	9	0	12
TCGA-E9-A5FL-01	19	8	10	0	51	20	0	25	0
TCGA-E9-A5UO-01	0	0	14	6	0	0	18	0	0
TCGA-E9-A6HE-01	0	0	13	9	0	0	0	0	0
TCGA-EW-A1IW-01	25	47	23	0	32	0	0	0	0
TCGA-EW-A1IX-01	17	13	0	12	0	0	0	0	0
TCGA-EW-A1IY-01	2	9	0	10	0	0	0	17	0
TCGA-EW-A1IZ-01	0	0	177	0	0	166	0	92	0
TCGA-EW-A1J1-01	0	0	9	0	0	0	0	7	7
TCGA-EW-A1J3-01	0	0	6	18	0	6	0	0	0
TCGA-EW-A1J5-01	195	251	0	94	0	0	0	0	0
TCGA-EW-A1J6-01	0	3	9	0	0	0	32	0	0
TCGA-EW-A1OV-01	37	74	13	16	0	0	0	0	0
TCGA-EW-A1OX-01	4	2	6	9	0	0	0	0	0
TCGA-EW-A1OZ-01	5	7	31	13	20	0	0	0	0
TCGA-EW-A1P0-01	0	0	0	0	0	5	13	4	6
TCGA-EW-A1P1-01	0	0	0	0	0	0	3	0	0
TCGA-EW-A1P3-01	0	2	7	6	0	0	13	0	0
TCGA-EW-A1P4-01	10	0	6	0	0	10	37	14	0
TCGA-EW-A1P5-01	0	0	14	0	0	0	0	0	6
TCGA-EW-A1P6-01	0	0	5	6	0	0	15	0	0
TCGA-EW-A1P7-01	0	0	0	0	15	4	0	0	0
TCGA-EW-A1P8-01	0	0	8	11	15	5	0	0	0
TCGA-EW-A1PA-01	3	0	4	11	0	0	0	23	0
TCGA-EW-A1PB-01	53	22	0	40	35	0	0	0	32
TCGA-EW-A1PD-01	12	5	0	24	40	12	0	0	0
TCGA-EW-A1PE-01	0	8	11	0	12	7	0	0	0
TCGA-EW-A1PG-01	0	0	0	0	0	0	0	11	0
TCGA-EW-A1PH-01	5	4	19	0	15	0	0	19	0
TCGA-EW-A2FR-01	8	4	11	15	0	0	16	0	0
TCGA-EW-A2FS-01	0	0	14	10	0	11	0	0	10
TCGA-EW-A2FV-01	0	2	0	0	0	0	8	22	0
TCGA-EW-A2FW-01	0	4	16	0	0	0	0	0	6
TCGA-EW-A423-01	10	10	28	21	19	0	0	0	0
TCGA-EW-A6S9-01	0	4	11	0	0	0	8	0	8
TCGA-EW-A6SA-01	7	9	19	15	12	11	6	23	21
TCGA-EW-A6SB-01	6	0	15	11	14	15	0	20	0
TCGA-EW-A6SC-01	0	8	7	0	11	13	0	0	0
TCGA-EW-A6SD-01	14	18	12	0	0	11	0	0	13
TCGA-GI-A2C8-01	15	8	24	0	51	12	0	0	38
TCGA-GM-A2D9-01	199	261	0	185	0	0	0	0	0
TCGA-GM-A2DA-01	6	4	10	0	0	0	14	11	0
TCGA-GM-A2DB-01	8	0	18	21	0	0	59	0	22
TCGA-GM-A2DC-01	0	0	12	0	0	0	15	0	0
TCGA-GM-A2DD-01	3	3	9	1	19	13	3	11	6
TCGA-GM-A2DF-01	5	0	19	10	19	0	0	0	0
TCGA-GM-A2DH-01	69	33	0	0	54	0	0	30	46
TCGA-GM-A2DI-01	29	32	0	0	0	0	0	30	0
TCGA-GM-A2DK-01	0	4	6	0	0	8	0	10	9
TCGA-GM-A2DL-01	3	6	9	7	0	0	0	0	24
TCGA-GM-A2DM-01	0	4	0	0	0	6	0	7	10
TCGA-GM-A2DN-01	0	2	8	9	0	0	0	0	0
TCGA-GM-A2DO-01	68	74	0	39	0	0	0	39	0
TCGA-GM-A3NW-01	28	18	20	29	0	0	0	0	0
TCGA-GM-A3XL-01	33	8	8	11	49	14	7	10	4
TCGA-GM-A4E0-01	0	0	10	0	0	0	12	12	0
TCGA-GM-A5PV-01	0	9	0	0	0	0	26	12	0
TCGA-GM-A5PX-01	4	7	12	0	11	8	0	0	0
TCGA-HN-A2NL-01	7	2	8	2	13	7	32	5	15
TCGA-HN-A2OB-01	1	3	6	0	0	0	9	0	0
TCGA-JL-A3YX-01	6	16	15	6	0	6	0	0	0
TCGA-LD-A66U-01	0	0	17	0	0	11	0	0	16
TCGA-LD-A74U-01	94	149	27	82	0	0	0	0	0
TCGA-LD-A7W5-01	8	10	20	0	0	0	15	12	0
TCGA-LD-A7W6-01	0	0	13	13	0	0	20	0	0
TCGA-LD-A9QF-01	0	2	12	0	0	0	17	8	0
TCGA-LL-A440-01	0	1	2	0	0	0	0	3	0
TCGA-LL-A50Y-01	0	2	12	6	0	6	17	0	0
TCGA-LL-A5YL-01	9	22	13	20	0	0	0	29	0
TCGA-LL-A5YM-01	3	0	14	23	0	0	0	0	0
TCGA-LL-A5YN-01	0	0	11	8	13	0	0	11	0
TCGA-LL-A5YO-01	12	0	4	8	15	9	0	0	13
TCGA-LL-A5YP-01	6	6	3	15	27	9	8	5	26
TCGA-LL-A6FP-01	0	13	0	13	0	0	0	29	20
TCGA-LL-A6FQ-01	0	4	30	14	0	8	13	0	0
TCGA-LL-A6FR-01	0	0	15	0	22	8	0	18	0
TCGA-LL-A73Y-01	89	35	0	0	0	20	0	49	0
TCGA-LL-A73Z-01	0	0	15	9	0	0	24	0	0
TCGA-LL-A740-01	0	5	18	16	17	12	0	0	0
TCGA-LL-A7SZ-01	0	8	16	0	0	11	0	24	16
TCGA-LL-A7T0-01	4	9	28	0	0	0	0	16	20
TCGA-LL-A8F5-01	15	0	11	33	54	25	62	0	0
TCGA-LL-A9Q3-01	0	10	22	0	14	8	0	14	0
TCGA-OK-A5Q2-01	0	5	8	0	0	0	0	30	0
TCGA-OL-A5D6-01	0	6	8	0	0	0	28	15	0
TCGA-OL-A5D7-01	9	7	17	0	37	10	0	0	0
TCGA-OL-A5D8-01	0	4	14	0	15	6	0	0	0
TCGA-OL-A5DA-01	31	28	0	0	0	0	0	55	0
TCGA-OL-A5RU-01	0	0	26	20	0	0	0	0	0
TCGA-OL-A5RV-01	0	0	8	0	0	0	9	0	0
TCGA-OL-A5RW-01	80	31	0	38	74	30	0	0	0
TCGA-OL-A5RX-01	0	0	15	0	0	8	0	12	0
TCGA-OL-A5RY-01	2	1	6	0	0	4	0	0	0
TCGA-OL-A5RZ-01	8	12	52	17	32	0	0	0	31
TCGA-OL-A5S0-01	3	4	19	0	11	0	0	7	0
TCGA-OL-A66H-01	0	0	6	6	11	4	0	0	0
TCGA-OL-A66I-01	0	0	17	23	16	0	0	0	0
TCGA-OL-A66J-01	0	7	19	10	0	10	22	0	0
TCGA-OL-A66K-01	0	0	28	19	0	0	0	0	0
TCGA-OL-A66L-01	26	50	18	0	0	0	0	0	0
TCGA-OL-A66N-01	0	0	24	8	0	0	17	9	0
TCGA-OL-A66O-01	0	0	16	0	0	0	22	0	0
TCGA-OL-A66P-01	0	0	10	11	21	18	0	21	42
TCGA-OL-A6VO-01	0	2	19	0	0	0	0	0	17
TCGA-OL-A6VQ-01	17	33	17	0	0	0	0	0	15
TCGA-OL-A6VR-01	0	1	7	0	0	4	0	0	5
TCGA-OL-A97C-01	1	1	16	8	17	14	8	2	3
TCGA-PE-A5DC-01	10	10	20	21	43	16	34	0	0
TCGA-PE-A5DD-01	15	23	20	27	0	0	0	0	0
TCGA-PE-A5DE-01	173	283	0	125	0	0	0	108	0
TCGA-PL-A8LV-01	27	14	8	16	34	16	33	1	6
TCGA-PL-A8LX-01	0	0	16	0	20	13	0	0	0
TCGA-PL-A8LY-01	0	0	0	0	0	3	4	0	0
TCGA-PL-A8LZ-01	0	12	8	37	35	0	44	0	0
TCGA-S3-A6ZF-01	5	3	26	0	0	0	18	0	0
TCGA-S3-A6ZG-01	0	3	12	0	0	0	0	45	0
TCGA-S3-A6ZH-01	0	3	15	7	12	0	0	8	0
TCGA-S3-AA0Z-01	7	13	24	0	0	0	0	0	33
TCGA-S3-AA10-01	15	8	7	16	67	0	37	0	0
TCGA-S3-AA11-01	0	0	0	20	0	11	0	23	42
TCGA-S3-AA12-01	3	4	13	7	0	0	33	0	0
TCGA-S3-AA14-01	3	3	12	0	6	0	0	0	0
TCGA-S3-AA15-01	21	13	7	19	0	0	0	0	0
TCGA-S3-AA17-01	12	8	7	0	31	15	45	23	0
TCGA-UL-AAZ6-01	11	9	10	3	23	20	17	16	31
TCGA-UU-A93S-01	10	0	28	33	63	20	0	0	42
TCGA-V7-A7HQ-01	4	2	9	0	16	0	0	0	0
TCGA-W8-A86G-01	0	2	9	0	0	0	24	0	0
TCGA-WT-AB41-01	0	22	13	8	0	0	19	0	0
TCGA-WT-AB44-01	0	0	26	9	0	7	0	0	18
TCGA-XX-A899-01	8	19	0	0	0	0	0	33	0
TCGA-XX-A89A-01	117	53	0	40	0	0	0	55	0
TCGA-Z7-A8R5-01	0	0	23	0	0	0	11	0	0
TCGA-Z7-A8R6-01	22	37	18	12	0	0	0	18	0
