MutationType	DBS78A	DBS78B	DBS78C	DBS78D	DBS78E	DBS78F	DBS78G	DBS78H	DBS78I
AC>CA	4.03E-06	1.26E-05	4.31E-06	4.55E-02	6.49E-06	6.13E-06	1.29E-05	1.06E-05	1.59E-05
AC>CG	3.78E-06	9.26E-06	5.07E-06	2.09E-06	3.31E-06	6.92E-06	8.07E-06	4.60E-06	1.35E-05
AC>CT	3.78E-06	9.26E-06	5.07E-06	2.09E-06	3.31E-06	6.92E-06	8.07E-06	4.60E-06	1.35E-05
AC>GA	3.78E-06	9.26E-06	5.07E-06	2.09E-06	3.31E-06	6.92E-06	8.07E-06	4.60E-06	1.35E-05
AC>GG	4.95E-06	5.24E-06	7.24E-06	3.85E-06	1.13E-01	9.62E-06	1.14E-05	4.98E-02	1.83E-05
AC>GT	3.78E-06	9.26E-06	5.07E-06	2.09E-06	3.31E-06	6.92E-06	8.07E-06	4.60E-06	1.35E-05
AC>TA	3.78E-06	9.26E-06	5.07E-06	2.09E-06	3.31E-06	6.92E-06	8.07E-06	4.60E-06	1.35E-05
AC>TG	3.78E-06	9.26E-06	5.07E-06	2.09E-06	3.31E-06	6.92E-06	8.07E-06	4.60E-06	1.35E-05
AC>TT	6.55E-06	1.28E-05	9.48E-06	5.26E-06	1.37E-05	1.99E-01	6.64E-02	1.45E-05	1.79E-05
AT>CA	3.78E-06	9.26E-06	5.07E-06	2.09E-06	3.31E-06	6.92E-06	8.07E-06	4.60E-06	1.35E-05
AT>CC	3.78E-06	9.26E-06	5.07E-06	2.09E-06	3.31E-06	6.92E-06	8.07E-06	4.60E-06	1.35E-05
AT>CG	3.78E-06	9.26E-06	5.07E-06	2.09E-06	3.31E-06	6.92E-06	8.07E-06	4.60E-06	1.35E-05
AT>GA	3.78E-06	9.26E-06	5.07E-06	2.09E-06	3.31E-06	6.92E-06	8.07E-06	4.60E-06	1.35E-05
AT>GC	3.78E-06	9.26E-06	5.07E-06	2.09E-06	3.31E-06	6.92E-06	8.07E-06	4.60E-06	1.35E-05
AT>TA	3.78E-06	9.26E-06	5.07E-06	2.09E-06	3.31E-06	6.92E-06	8.07E-06	4.60E-06	1.35E-05
CC>AA	5.70E-02	8.80E-06	1.50E-01	3.99E-02	4.68E-06	7.80E-03	2.11E-05	1.73E-05	7.55E-05
CC>AG	6.41E-06	2.59E-06	4.99E-02	3.59E-06	6.64E-02	9.31E-06	1.93E-01	6.63E-02	1.91E-05
CC>AT	2.50E-02	9.01E-06	5.14E-02	4.15E-06	8.20E-06	8.15E-06	9.32E-06	1.33E-05	4.98E-02
CC>GA	3.78E-06	9.26E-06	5.07E-06	2.09E-06	3.31E-06	6.92E-06	8.07E-06	4.60E-06	1.35E-05
CC>GG	3.78E-06	9.26E-06	5.07E-06	2.09E-06	3.31E-06	6.92E-06	8.07E-06	4.60E-06	1.35E-05
CC>GT	3.96E-06	1.09E-05	8.65E-06	4.94E-06	8.58E-06	1.78E-06	1.20E-05	1.24E-05	1.68E-01
CC>TA	3.63E-02	2.00E-02	8.23E-06	6.09E-02	4.74E-06	5.21E-06	1.02E-05	7.04E-06	1.72E-05
CC>TG	5.70E-02	1.37E-05	8.69E-06	2.29E-06	5.21E-06	7.48E-02	1.74E-05	7.83E-06	1.89E-05
CC>TT	1.82E-02	4.87E-02	1.01E-05	4.03E-06	1.13E-06	2.64E-06	2.32E-05	8.13E-06	1.95E-05
CG>AT	3.78E-06	9.26E-06	5.07E-06	2.09E-06	3.31E-06	6.92E-06	8.07E-06	4.60E-06	1.35E-05
CG>GC	3.78E-06	9.26E-06	5.07E-06	2.09E-06	3.31E-06	6.92E-06	8.07E-06	4.60E-06	1.35E-05
CG>GT	3.78E-06	9.26E-06	5.07E-06	2.09E-06	3.31E-06	6.92E-06	8.07E-06	4.60E-06	1.35E-05
CG>TA	3.78E-06	9.26E-06	5.07E-06	2.09E-06	3.31E-06	6.92E-06	8.07E-06	4.60E-06	1.35E-05
CG>TC	3.78E-06	9.26E-06	5.07E-06	2.09E-06	3.31E-06	6.92E-06	8.07E-06	4.60E-06	1.35E-05
CG>TT	3.78E-06	9.26E-06	5.07E-06	2.09E-06	3.31E-06	6.92E-06	8.07E-06	4.60E-06	1.35E-05
CT>AA	5.92E-07	2.94E-06	5.86E-06	6.15E-02	4.98E-02	7.55E-06	1.61E-05	9.17E-06	2.22E-05
CT>AC	7.49E-02	9.84E-06	3.01E-02	3.54E-06	9.41E-06	8.34E-06	1.14E-05	1.33E-05	4.98E-02
CT>AG	3.78E-06	9.26E-06	5.07E-06	2.09E-06	3.31E-06	6.92E-06	8.07E-06	4.60E-06	1.35E-05
CT>GA	3.78E-06	9.26E-06	5.07E-06	2.09E-06	3.31E-06	6.92E-06	8.07E-06	4.60E-06	1.35E-05
CT>GC	3.03E-06	6.33E-06	3.81E-06	3.92E-06	8.05E-02	9.40E-06	1.16E-05	3.32E-02	1.46E-05
CT>GG	3.78E-06	9.26E-06	5.07E-06	2.09E-06	3.31E-06	6.92E-06	8.07E-06	4.60E-06	1.35E-05
CT>TA	3.78E-06	9.26E-06	5.07E-06	2.09E-06	3.31E-06	6.92E-06	8.07E-06	4.60E-06	1.35E-05
CT>TC	3.78E-06	9.26E-06	5.07E-06	2.09E-06	3.31E-06	6.92E-06	8.07E-06	4.60E-06	1.35E-05
CT>TG	3.78E-06	9.26E-06	5.07E-06	2.09E-06	3.31E-06	6.92E-06	8.07E-06	4.60E-06	1.35E-05
GC>AA	5.45E-02	2.90E-02	3.01E-02	3.29E-06	3.81E-07	8.13E-06	1.48E-05	6.62E-02	9.97E-02
GC>AG	3.78E-06	9.26E-06	5.07E-06	2.09E-06	3.31E-06	6.92E-06	8.07E-06	4.60E-06	1.35E-05
GC>AT	3.78E-06	9.26E-06	5.07E-06	2.09E-06	3.31E-06	6.92E-06	8.07E-06	4.60E-06	1.35E-05
GC>CA	3.78E-06	9.26E-06	5.07E-06	2.09E-06	3.31E-06	6.92E-06	8.07E-06	4.60E-06	1.35E-05
GC>CG	3.78E-06	9.26E-06	5.07E-06	2.09E-06	3.31E-06	6.92E-06	8.07E-06	4.60E-06	1.35E-05
GC>TA	3.78E-06	9.26E-06	5.07E-06	2.09E-06	3.31E-06	6.92E-06	8.07E-06	4.60E-06	1.35E-05
TA>AT	5.79E-06	6.56E-06	8.58E-06	5.41E-06	9.96E-02	4.85E-06	1.33E-01	4.98E-02	1.44E-05
TA>CG	3.78E-06	9.26E-06	5.07E-06	2.09E-06	3.31E-06	6.92E-06	8.07E-06	4.60E-06	1.35E-05
TA>CT	3.78E-06	9.26E-06	5.07E-06	2.09E-06	3.31E-06	6.92E-06	8.07E-06	4.60E-06	1.35E-05
TA>GC	3.78E-06	9.26E-06	5.07E-06	2.09E-06	3.31E-06	6.92E-06	8.07E-06	4.60E-06	1.35E-05
TA>GG	3.78E-06	9.26E-06	5.07E-06	2.09E-06	3.31E-06	6.92E-06	8.07E-06	4.60E-06	1.35E-05
TA>GT	6.09E-06	4.40E-06	3.71E-06	7.44E-02	8.04E-06	4.17E-06	1.28E-05	1.24E-05	1.97E-05
TC>AA	8.12E-06	1.28E-05	2.00E-02	5.79E-06	6.22E-07	1.45E-01	1.92E-05	1.88E-05	1.82E-05
TC>AG	3.78E-06	9.26E-06	5.07E-06	2.09E-06	3.31E-06	6.92E-06	8.07E-06	4.60E-06	1.35E-05
TC>AT	1.48E-01	3.63E-02	4.92E-02	2.33E-06	8.35E-06	9.97E-02	2.08E-05	8.90E-06	6.10E-02
TC>CA	3.78E-06	9.26E-06	5.07E-06	2.09E-06	3.31E-06	6.92E-06	8.07E-06	4.60E-06	1.35E-05
TC>CG	3.78E-06	9.26E-06	5.07E-06	2.09E-06	3.31E-06	6.92E-06	8.07E-06	4.60E-06	1.35E-05
TC>CT	3.78E-06	9.26E-06	5.07E-06	2.09E-06	3.31E-06	6.92E-06	8.07E-06	4.60E-06	1.35E-05
TC>GA	3.78E-06	9.26E-06	5.07E-06	2.09E-06	3.31E-06	6.92E-06	8.07E-06	4.60E-06	1.35E-05
TC>GG	3.78E-06	9.26E-06	5.07E-06	2.09E-06	3.31E-06	6.92E-06	8.07E-06	4.60E-06	1.35E-05
TC>GT	2.50E-02	3.96E-06	3.56E-06	4.46E-06	9.16E-06	5.63E-06	2.24E-01	1.58E-05	9.93E-02
TG>AA	3.78E-06	9.26E-06	5.07E-06	2.09E-06	3.31E-06	6.92E-06	8.07E-06	4.60E-06	1.35E-05
TG>AC	3.78E-06	9.26E-06	5.07E-06	2.09E-06	3.31E-06	6.92E-06	8.07E-06	4.60E-06	1.35E-05
TG>AT	2.85E-02	1.16E-05	2.00E-02	2.96E-06	1.12E-05	1.25E-01	1.97E-05	1.71E-05	1.47E-05
TG>CA	3.78E-06	9.26E-06	5.07E-06	2.09E-06	3.31E-06	6.92E-06	8.07E-06	4.60E-06	1.35E-05
TG>CC	4.76E-06	7.10E-07	9.50E-06	4.37E-06	1.01E-05	8.87E-06	2.26E-05	1.12E-01	1.61E-05
TG>CT	3.03E-06	6.33E-06	3.81E-06	3.92E-06	8.05E-02	9.40E-06	1.16E-05	3.32E-02	1.46E-05
TG>GA	6.42E-06	9.95E-02	6.38E-06	2.85E-02	4.98E-02	5.28E-06	6.64E-02	1.11E-05	1.92E-05
TG>GC	2.50E-02	1.20E-05	7.93E-06	1.65E-06	7.81E-06	9.97E-02	1.74E-05	9.95E-02	1.79E-05
TG>GT	3.78E-06	9.26E-06	5.07E-06	2.09E-06	3.31E-06	6.92E-06	8.07E-06	4.60E-06	1.35E-05
TT>AA	1.82E-02	3.69E-02	7.16E-06	2.79E-06	2.50E-06	5.66E-06	1.28E-05	5.48E-06	1.38E-05
TT>AC	3.78E-06	9.26E-06	5.07E-06	2.09E-06	3.31E-06	6.92E-06	8.07E-06	4.60E-06	1.35E-05
TT>AG	3.78E-06	9.26E-06	5.07E-06	2.09E-06	3.31E-06	6.92E-06	8.07E-06	4.60E-06	1.35E-05
TT>CA	3.78E-06	9.26E-06	5.07E-06	2.09E-06	3.31E-06	6.92E-06	8.07E-06	4.60E-06	1.35E-05
TT>CC	3.78E-06	9.26E-06	5.07E-06	2.09E-06	3.31E-06	6.92E-06	8.07E-06	4.60E-06	1.35E-05
TT>CG	3.78E-06	9.26E-06	5.07E-06	2.09E-06	3.31E-06	6.92E-06	8.07E-06	4.60E-06	1.35E-05
TT>GA	3.78E-06	9.26E-06	5.07E-06	2.09E-06	3.31E-06	6.92E-06	8.07E-06	4.60E-06	1.35E-05
TT>GC	3.78E-06	9.26E-06	5.07E-06	2.09E-06	3.31E-06	6.92E-06	8.07E-06	4.60E-06	1.35E-05
TT>GG	3.78E-06	9.26E-06	5.07E-06	2.09E-06	3.31E-06	6.92E-06	8.07E-06	4.60E-06	1.35E-05
