MutationType	DBS78A	DBS78B	DBS78C	DBS78D	DBS78E	DBS78F	DBS78G	DBS78H	DBS78I
AC>CA	1.9283700385130943e-05	2.7116507681057556e-05	2.3542371673102024e-05	0.10843496523120848	3.677041713672225e-05	3.387750621186569e-05	7.469882402801886e-05	6.289636512519791e-05	7.348716790147591e-05
AC>CG	2.6829889247892424e-05	3.7614337634295226e-05	3.262780664954334e-05	2.338469676033128e-05	5.314280861057341e-05	3.325122488604393e-05	8.612511737737805e-05	8.37227882584557e-05	7.73886451497674e-05
AC>CT	2.6829889247892424e-05	3.7614337634295226e-05	3.262780664954334e-05	2.338469676033128e-05	5.314280861057341e-05	3.325122488604393e-05	8.612511737737805e-05	8.37227882584557e-05	7.73886451497674e-05
AC>GA	2.6829889247892424e-05	3.7614337634295226e-05	3.262780664954334e-05	2.338469676033128e-05	5.314280861057341e-05	3.325122488604393e-05	8.612511737737805e-05	8.37227882584557e-05	7.73886451497674e-05
AC>GG	1.2663376025612293e-05	6.660439687329167e-06	9.288217842082834e-06	1.4181949154590419e-05	0.2656711831361463	1.8972524277938162e-05	7.004442522884347e-05	0.04978691619415943	3.8944417386232996e-05
AC>GT	2.6829889247892424e-05	3.7614337634295226e-05	3.262780664954334e-05	2.338469676033128e-05	5.314280861057341e-05	3.325122488604393e-05	8.612511737737805e-05	8.37227882584557e-05	7.73886451497674e-05
AC>TA	2.6829889247892424e-05	3.7614337634295226e-05	3.262780664954334e-05	2.338469676033128e-05	5.314280861057341e-05	3.325122488604393e-05	8.612511737737805e-05	8.37227882584557e-05	7.73886451497674e-05
AC>TG	2.6829889247892424e-05	3.7614337634295226e-05	3.262780664954334e-05	2.338469676033128e-05	5.314280861057341e-05	3.325122488604393e-05	8.612511737737805e-05	8.37227882584557e-05	7.73886451497674e-05
AC>TT	2.128442467086013e-05	2.8382809182403436e-05	2.09824423127003e-05	1.845366092609879e-05	3.345916518924241e-05	0.19931807598986778	0.06645070087470231	6.779683462809771e-05	5.5543836677429684e-05
AT>CA	2.6829889247892424e-05	3.7614337634295226e-05	3.262780664954334e-05	2.338469676033128e-05	5.314280861057341e-05	3.325122488604393e-05	8.612511737737805e-05	8.37227882584557e-05	7.73886451497674e-05
AT>CC	2.6829889247892424e-05	3.7614337634295226e-05	3.262780664954334e-05	2.338469676033128e-05	5.314280861057341e-05	3.325122488604393e-05	8.612511737737805e-05	8.37227882584557e-05	7.73886451497674e-05
AT>CG	2.6829889247892424e-05	3.7614337634295226e-05	3.262780664954334e-05	2.338469676033128e-05	5.314280861057341e-05	3.325122488604393e-05	8.612511737737805e-05	8.37227882584557e-05	7.73886451497674e-05
AT>GA	2.6829889247892424e-05	3.7614337634295226e-05	3.262780664954334e-05	2.338469676033128e-05	5.314280861057341e-05	3.325122488604393e-05	8.612511737737805e-05	8.37227882584557e-05	7.73886451497674e-05
AT>GC	2.6829889247892424e-05	3.7614337634295226e-05	3.262780664954334e-05	2.338469676033128e-05	5.314280861057341e-05	3.325122488604393e-05	8.612511737737805e-05	8.37227882584557e-05	7.73886451497674e-05
AT>TA	2.6829889247892424e-05	3.7614337634295226e-05	3.262780664954334e-05	2.338469676033128e-05	5.314280861057341e-05	3.325122488604393e-05	8.612511737737805e-05	8.37227882584557e-05	7.73886451497674e-05
CC>AA	0.05704393079671664	9.682225231802321e-06	0.6936665773391724	0.03994979727429886	4.295873441151343e-05	0.009107832051699915	6.221001866215658e-05	3.622392531443808e-05	0.00010360861947447119
CC>AG	7.605495290846642e-06	4.0848759845470145e-06	0.049888803712670876	1.1730334137638464e-05	0.06638179271501983	2.7256537311357575e-05	0.26495180675628943	0.06631540360043857	2.593337445730981e-05
CC>AT	0.024991332738090934	2.321171587027493e-05	0.08003107480617473	1.6750017584854505e-05	4.0332622847927266e-05	2.1441745742824606e-05	7.346969796344638e-05	6.39330788544612e-05	0.04992070518710534
CC>GA	2.6829889247892424e-05	3.7614337634295226e-05	3.262780664954334e-05	2.338469676033128e-05	5.314280861057341e-05	3.325122488604393e-05	8.612511737737805e-05	8.37227882584557e-05	7.73886451497674e-05
CC>GG	2.6829889247892424e-05	3.7614337634295226e-05	3.262780664954334e-05	2.338469676033128e-05	5.314280861057341e-05	3.325122488604393e-05	8.612511737737805e-05	8.37227882584557e-05	7.73886451497674e-05
CC>GT	1.1402958715622801e-05	1.1702007206100953e-05	1.6513402218265583e-05	8.03996898931072e-06	3.769451468542684e-05	1.8347744408231392e-06	6.633444572798908e-05	3.501237237149013e-05	0.5962642431259155
CC>TA	0.03635767018167826	0.07846441461369977	2.09780502615331e-05	0.09698955264975666	4.853455029660836e-05	2.741768621490337e-05	7.397938825306482e-05	6.461153607233428e-05	6.604517966479762e-05
CC>TG	0.05706292512641085	2.0324875367805362e-05	2.232935439687616e-05	1.671580848778831e-05	4.5292187860468405e-05	0.18005494787212228	5.881240904273e-05	5.403132599894889e-05	5.5002476619847586e-05
CC>TT	0.018175532411872135	0.5923389732837677	1.5972313395126086e-05	8.51692598473619e-06	4.823747221962549e-05	1.82305808266392e-05	5.963319031296876e-05	3.354086761646613e-05	4.02960786263451e-05
CG>AT	2.6829889247892424e-05	3.7614337634295226e-05	3.262780664954334e-05	2.338469676033128e-05	5.314280861057341e-05	3.325122488604393e-05	8.612511737737805e-05	8.37227882584557e-05	7.73886451497674e-05
CG>GC	2.6829889247892424e-05	3.7614337634295226e-05	3.262780664954334e-05	2.338469676033128e-05	5.314280861057341e-05	3.325122488604393e-05	8.612511737737805e-05	8.37227882584557e-05	7.73886451497674e-05
CG>GT	2.6829889247892424e-05	3.7614337634295226e-05	3.262780664954334e-05	2.338469676033128e-05	5.314280861057341e-05	3.325122488604393e-05	8.612511737737805e-05	8.37227882584557e-05	7.73886451497674e-05
CG>TA	2.6829889247892424e-05	3.7614337634295226e-05	3.262780664954334e-05	2.338469676033128e-05	5.314280861057341e-05	3.325122488604393e-05	8.612511737737805e-05	8.37227882584557e-05	7.73886451497674e-05
CG>TC	2.6829889247892424e-05	3.7614337634295226e-05	3.262780664954334e-05	2.338469676033128e-05	5.314280861057341e-05	3.325122488604393e-05	8.612511737737805e-05	8.37227882584557e-05	7.73886451497674e-05
CG>TT	2.6829889247892424e-05	3.7614337634295226e-05	3.262780664954334e-05	2.338469676033128e-05	5.314280861057341e-05	3.325122488604393e-05	8.612511737737805e-05	8.37227882584557e-05	7.73886451497674e-05
CT>AA	7.670434152472151e-07	4.03618915686406e-06	7.118122866778265e-06	0.4678095281124115	0.049809740286687304	2.7774444146189125e-05	4.3093565091112394e-05	1.2416685719876227e-05	4.547232963432179e-05
CT>AC	0.07491730292913416	2.3753377445496076e-05	0.03014734611424501	1.7449952611059417e-05	3.4600421895447655e-05	2.0729763856424894e-05	6.816932145738974e-05	6.727303589286749e-05	0.04991431017409423
CT>AG	2.6829889247892424e-05	3.7614337634295226e-05	3.262780664954334e-05	2.338469676033128e-05	5.314280861057341e-05	3.325122488604393e-05	8.612511737737805e-05	8.37227882584557e-05	7.73886451497674e-05
CT>GA	2.6829889247892424e-05	3.7614337634295226e-05	3.262780664954334e-05	2.338469676033128e-05	5.314280861057341e-05	3.325122488604393e-05	8.612511737737805e-05	8.37227882584557e-05	7.73886451497674e-05
CT>GC	1.593403858350939e-05	9.441365364182275e-06	1.3114999501340207e-05	1.2811150174307783e-05	0.23253755631376408	2.7330171724315734e-05	7.914571397122927e-05	0.03319987759459764	3.642106561301262e-05
CT>GG	2.6829889247892424e-05	3.7614337634295226e-05	3.262780664954334e-05	2.338469676033128e-05	5.314280861057341e-05	3.325122488604393e-05	8.612511737737805e-05	8.37227882584557e-05	7.73886451497674e-05
CT>TA	2.6829889247892424e-05	3.7614337634295226e-05	3.262780664954334e-05	2.338469676033128e-05	5.314280861057341e-05	3.325122488604393e-05	8.612511737737805e-05	8.37227882584557e-05	7.73886451497674e-05
CT>TC	2.6829889247892424e-05	3.7614337634295226e-05	3.262780664954334e-05	2.338469676033128e-05	5.314280861057341e-05	3.325122488604393e-05	8.612511737737805e-05	8.37227882584557e-05	7.73886451497674e-05
CT>TG	2.6829889247892424e-05	3.7614337634295226e-05	3.262780664954334e-05	2.338469676033128e-05	5.314280861057341e-05	3.325122488604393e-05	8.612511737737805e-05	8.37227882584557e-05	7.73886451497674e-05
GC>AA	0.0545115513323708	0.09660913779953262	0.03016502110112924	1.2684251032624161e-05	4.926574765704572e-05	1.8466011556483864e-05	6.332823759294114e-05	0.06627425049227895	0.09972288666685927
GC>AG	2.6829889247892424e-05	3.7614337634295226e-05	3.262780664954334e-05	2.338469676033128e-05	5.314280861057341e-05	3.325122488604393e-05	8.612511737737805e-05	8.37227882584557e-05	7.73886451497674e-05
GC>AT	2.6829889247892424e-05	3.7614337634295226e-05	3.262780664954334e-05	2.338469676033128e-05	5.314280861057341e-05	3.325122488604393e-05	8.612511737737805e-05	8.37227882584557e-05	7.73886451497674e-05
GC>CA	2.6829889247892424e-05	3.7614337634295226e-05	3.262780664954334e-05	2.338469676033128e-05	5.314280861057341e-05	3.325122488604393e-05	8.612511737737805e-05	8.37227882584557e-05	7.73886451497674e-05
GC>CG	2.6829889247892424e-05	3.7614337634295226e-05	3.262780664954334e-05	2.338469676033128e-05	5.314280861057341e-05	3.325122488604393e-05	8.612511737737805e-05	8.37227882584557e-05	7.73886451497674e-05
GC>TA	2.6829889247892424e-05	3.7614337634295226e-05	3.262780664954334e-05	2.338469676033128e-05	5.314280861057341e-05	3.325122488604393e-05	8.612511737737805e-05	8.37227882584557e-05	7.73886451497674e-05
TA>AT	1.9746468846024155e-05	1.2945096432304127e-05	1.9704576161894138e-05	1.7778384947811364e-05	0.09968164854665897	1.095249390046238e-05	0.13279328556236578	0.049818472777951685	5.0530558655736965e-05
TA>CG	2.6829889247892424e-05	3.7614337634295226e-05	3.262780664954334e-05	2.338469676033128e-05	5.314280861057341e-05	3.325122488604393e-05	8.612511737737805e-05	8.37227882584557e-05	7.73886451497674e-05
TA>CT	2.6829889247892424e-05	3.7614337634295226e-05	3.262780664954334e-05	2.338469676033128e-05	5.314280861057341e-05	3.325122488604393e-05	8.612511737737805e-05	8.37227882584557e-05	7.73886451497674e-05
TA>GC	2.6829889247892424e-05	3.7614337634295226e-05	3.262780664954334e-05	2.338469676033128e-05	5.314280861057341e-05	3.325122488604393e-05	8.612511737737805e-05	8.37227882584557e-05	7.73886451497674e-05
TA>GG	2.6829889247892424e-05	3.7614337634295226e-05	3.262780664954334e-05	2.338469676033128e-05	5.314280861057341e-05	3.325122488604393e-05	8.612511737737805e-05	8.37227882584557e-05	7.73886451497674e-05
TA>GT	1.3090091999856669e-05	1.4039150846656412e-05	1.4292144805949647e-05	0.2567781651232508	2.1919294715644357e-05	3.2148920217878187e-05	6.989528192207217e-05	4.373592255433323e-05	6.715779018122703e-05
TC>AA	2.3749605634293403e-05	2.5432938431291242e-05	0.019994238559483075	1.3652347442556009e-05	4.884310328634456e-05	0.23229322543702438	7.280454575777639e-05	4.92770720126795e-05	6.924119843461085e-05
TC>AG	2.6829889247892424e-05	3.7614337634295226e-05	3.262780664954334e-05	2.338469676033128e-05	5.314280861057341e-05	3.325122488604393e-05	8.612511737737805e-05	8.37227882584557e-05	7.73886451497674e-05
TC>AT	0.5786554336547851	0.05450584611680824	0.07410877605758696	3.648285019429189e-06	1.3463351751852316e-05	0.09967386470602832	3.7322788026017405e-05	3.1394999037104296e-05	0.09970099511944124
TC>CA	2.6829889247892424e-05	3.7614337634295226e-05	3.262780664954334e-05	2.338469676033128e-05	5.314280861057341e-05	3.325122488604393e-05	8.612511737737805e-05	8.37227882584557e-05	7.73886451497674e-05
TC>CG	2.6829889247892424e-05	3.7614337634295226e-05	3.262780664954334e-05	2.338469676033128e-05	5.314280861057341e-05	3.325122488604393e-05	8.612511737737805e-05	8.37227882584557e-05	7.73886451497674e-05
TC>CT	2.6829889247892424e-05	3.7614337634295226e-05	3.262780664954334e-05	2.338469676033128e-05	5.314280861057341e-05	3.325122488604393e-05	8.612511737737805e-05	8.37227882584557e-05	7.73886451497674e-05
TC>GA	2.6829889247892424e-05	3.7614337634295226e-05	3.262780664954334e-05	2.338469676033128e-05	5.314280861057341e-05	3.325122488604393e-05	8.612511737737805e-05	8.37227882584557e-05	7.73886451497674e-05
TC>GG	2.6829889247892424e-05	3.7614337634295226e-05	3.262780664954334e-05	2.338469676033128e-05	5.314280861057341e-05	3.325122488604393e-05	8.612511737737805e-05	8.37227882584557e-05	7.73886451497674e-05
TC>GT	0.024959379773850925	9.429098170699035e-06	5.945262360368755e-06	7.4086357400255695e-06	2.54838351906983e-05	1.3557660572274761e-05	0.463497383887443	3.4529944649452914e-05	0.09934707877932851
TG>AA	2.6829889247892424e-05	3.7614337634295226e-05	3.262780664954334e-05	2.338469676033128e-05	5.314280861057341e-05	3.325122488604393e-05	8.612511737737805e-05	8.37227882584557e-05	7.73886451497674e-05
TG>AC	2.6829889247892424e-05	3.7614337634295226e-05	3.262780664954334e-05	2.338469676033128e-05	5.314280861057341e-05	3.325122488604393e-05	8.612511737737805e-05	8.37227882584557e-05	7.73886451497674e-05
TG>AT	0.028541146271709294	2.5347372866235673e-05	0.01999316648543754	1.9171151870978063e-05	4.278751293628341e-05	0.1776958126876707	5.36892337842626e-05	5.5660892203945875e-05	6.498813527286985e-05
TG>CA	2.6829889247892424e-05	3.7614337634295226e-05	3.262780664954334e-05	2.338469676033128e-05	5.314280861057341e-05	3.325122488604393e-05	8.612511737737805e-05	8.37227882584557e-05	7.73886451497674e-05
TG>CC	5.247056460783162e-06	1.2780869000639239e-06	1.0005499911127595e-05	1.258183205976593e-05	2.927752098325319e-05	1.938323283070531e-05	4.4399712123777135e-05	0.5965664923191071	3.628596441558329e-05
TG>CT	1.5934039311105153e-05	9.441367137696943e-06	1.3114999592289678e-05	1.2810610972513458e-05	0.2325375741951575	2.733017463469878e-05	7.914571688161232e-05	0.03319987759750802	3.635399071981738e-05
TG>GA	2.1200318224146097e-05	0.09952458177913286	1.524924411739903e-05	0.028532181023668102	0.049871045160170976	2.7000720001524316e-05	0.06644717357994523	5.5879186402307826e-05	2.6249858962046346e-05
TG>GC	0.02497971930345102	2.8484217421009816e-05	2.315919775242037e-05	2.204993688792456e-05	4.157032817602158e-05	0.09968937148842656	6.64883858689791e-05	0.09955723403254524	7.021478959359228e-05
TG>GT	2.6829889247892424e-05	3.7614337634295226e-05	3.262780664954334e-05	2.338469676033128e-05	5.314280861057341e-05	3.325122488604393e-05	8.612511737737805e-05	8.37227882584557e-05	7.73886451497674e-05
TT>AA	0.018194444287291844	0.07626868888910394	2.4420452155027307e-05	2.000053154915804e-05	5.205710622249171e-05	3.110009565716609e-05	7.856647280277685e-05	7.593061891384423e-05	6.654786011495162e-05
TT>AC	2.6829889247892424e-05	3.7614337634295226e-05	3.262780664954334e-05	2.338469676033128e-05	5.314280861057341e-05	3.325122488604393e-05	8.612511737737805e-05	8.37227882584557e-05	7.73886451497674e-05
TT>AG	2.6829889247892424e-05	3.7614337634295226e-05	3.262780664954334e-05	2.338469676033128e-05	5.314280861057341e-05	3.325122488604393e-05	8.612511737737805e-05	8.37227882584557e-05	7.73886451497674e-05
TT>CA	2.6829889247892424e-05	3.7614337634295226e-05	3.262780664954334e-05	2.338469676033128e-05	5.314280861057341e-05	3.325122488604393e-05	8.612511737737805e-05	8.37227882584557e-05	7.73886451497674e-05
TT>CC	2.6829889247892424e-05	3.7614337634295226e-05	3.262780664954334e-05	2.338469676033128e-05	5.314280861057341e-05	3.325122488604393e-05	8.612511737737805e-05	8.37227882584557e-05	7.73886451497674e-05
TT>CG	2.6829889247892424e-05	3.7614337634295226e-05	3.262780664954334e-05	2.338469676033128e-05	5.314280861057341e-05	3.325122488604393e-05	8.612511737737805e-05	8.37227882584557e-05	7.73886451497674e-05
TT>GA	2.6829889247892424e-05	3.7614337634295226e-05	3.262780664954334e-05	2.338469676033128e-05	5.314280861057341e-05	3.325122488604393e-05	8.612511737737805e-05	8.37227882584557e-05	7.73886451497674e-05
TT>GC	2.6829889247892424e-05	3.7614337634295226e-05	3.262780664954334e-05	2.338469676033128e-05	5.314280861057341e-05	3.325122488604393e-05	8.612511737737805e-05	8.37227882584557e-05	7.73886451497674e-05
TT>GG	2.6829889247892424e-05	3.7614337634295226e-05	3.262780664954334e-05	2.338469676033128e-05	5.314280861057341e-05	3.325122488604393e-05	8.612511737737805e-05	8.37227882584557e-05	7.73886451497674e-05
