MutationType	SBS96A	SBS96B	SBS96C	SBS96D	SBS96E	SBS96F	SBS96G	SBS96H	SBS96I
A[C>A]A	1.51E-04	1.89E-04	6.91E-04	8.95E-04	2.59E-03	3.65E-05	4.98E-03	2.27E-03	5.67E-03
A[C>A]C	9.03E-05	1.37E-04	4.29E-04	2.54E-03	3.49E-03	2.87E-04	6.88E-03	5.19E-03	4.62E-03
A[C>A]G	1.32E-05	4.11E-05	3.23E-04	6.44E-04	1.53E-03	2.91E-04	1.89E-03	5.00E-04	1.23E-03
A[C>A]T	1.85E-05	2.35E-05	3.51E-04	2.72E-03	1.82E-03	4.53E-04	2.72E-03	2.07E-03	3.16E-03
A[C>G]A	2.88E-04	1.59E-04	1.67E-05	9.30E-04	2.99E-03	4.91E-05	3.05E-03	4.80E-04	2.86E-03
A[C>G]C	1.81E-04	2.27E-04	3.42E-04	3.56E-03	2.83E-03	1.12E-04	2.99E-03	1.10E-03	2.18E-03
A[C>G]G	1.06E-04	3.33E-05	2.70E-05	3.58E-04	1.88E-03	1.19E-04	1.38E-03	5.65E-04	1.59E-03
A[C>G]T	3.00E-04	1.67E-08	1.91E-09	2.01E-03	3.28E-03	1.40E-04	2.48E-03	2.98E-04	2.35E-03
A[C>T]A	2.70E-04	5.79E-04	2.28E-03	2.94E-03	5.06E-03	9.02E-04	3.06E-03	5.04E-03	2.74E-03
A[C>T]C	8.85E-47	2.11E-04	1.52E-03	3.77E-03	1.76E-03	8.96E-04	3.61E-03	3.81E-03	3.51E-03
A[C>T]G	5.59E-04	6.33E-04	1.27E-02	2.82E-03	2.51E-03	2.50E-03	1.81E-02	1.56E-02	4.79E-03
A[C>T]T	1.27E-04	2.70E-04	1.40E-03	3.54E-03	2.85E-03	8.32E-04	4.24E-03	2.95E-03	2.83E-03
A[T>A]A	3.63E-05	2.37E-06	6.50E-05	7.26E-04	9.62E-04	6.12E-04	2.40E-03	2.07E-03	1.92E-03
A[T>A]C	1.41E-05	2.12E-05	1.20E-03	1.93E-03	1.63E-03	3.28E-04	2.12E-03	2.83E-03	2.05E-03
A[T>A]G	3.61E-05	9.95E-05	5.34E-04	2.29E-03	2.39E-03	2.50E-04	3.96E-03	3.73E-03	2.19E-03
A[T>A]T	7.59E-06	2.19E-05	4.29E-04	1.41E-03	5.92E-04	9.97E-04	2.70E-03	3.13E-03	1.11E-03
A[T>C]A	6.14E-05	1.49E-05	1.32E-03	2.49E-03	1.06E-03	1.86E-03	3.03E-03	4.66E-03	1.18E-03
A[T>C]C	8.22E-05	1.61E-05	3.53E-04	4.11E-04	1.88E-03	1.17E-03	2.46E-03	7.40E-04	2.44E-03
A[T>C]G	8.14E-06	2.76E-05	1.65E-03	1.94E-03	1.59E-03	3.74E-03	5.33E-03	4.47E-03	2.22E-03
A[T>C]T	7.57E-05	3.73E-05	2.09E-03	3.36E-03	1.75E-03	8.76E-04	4.79E-03	6.85E-03	3.05E-03
A[T>G]A	3.63E-05	1.27E-05	6.34E-05	5.38E-04	2.58E-04	1.53E-04	1.51E-03	1.11E-03	1.08E-03
A[T>G]C	3.61E-05	4.67E-47	1.72E-04	9.06E-04	5.31E-04	1.48E-04	1.11E-03	8.14E-04	4.07E-04
A[T>G]G	3.18E-05	3.46E-05	1.47E-04	8.32E-04	1.28E-03	8.90E-05	6.52E-04	6.01E-04	1.65E-03
A[T>G]T	3.21E-05	4.53E-05	1.87E-04	1.34E-03	8.37E-04	2.52E-04	1.02E-03	9.42E-04	1.41E-03
C[C>A]A	2.63E-04	2.24E-04	6.49E-47	3.39E-03	3.35E-03	6.09E-04	2.05E-03	1.62E-03	5.41E-03
C[C>A]C	1.55E-04	5.60E-05	9.49E-04	1.67E-03	2.57E-03	1.41E-03	3.27E-03	2.42E-03	3.29E-03
C[C>A]G	9.82E-05	5.73E-05	2.67E-04	8.23E-04	2.00E-03	4.13E-04	2.58E-03	1.01E-03	2.50E-03
C[C>A]T	2.22E-04	7.26E-05	1.46E-03	1.48E-03	1.52E-03	3.25E-03	1.68E-03	4.77E-03	3.26E-03
C[C>G]A	5.81E-04	2.47E-04	1.95E-05	1.38E-03	2.94E-03	3.64E-05	2.08E-03	9.76E-04	2.65E-03
C[C>G]C	1.22E-04	1.95E-04	1.43E-07	1.78E-03	3.45E-03	7.09E-06	3.61E-03	6.85E-04	2.49E-03
C[C>G]G	9.78E-06	1.07E-07	5.11E-04	1.89E-03	3.68E-03	6.88E-05	3.39E-03	1.04E-03	3.41E-03
C[C>G]T	6.08E-04	3.32E-04	5.34E-05	2.65E-03	3.79E-03	6.18E-05	1.92E-03	3.03E-04	2.60E-03
C[C>T]A	1.27E-03	1.94E-03	2.16E-03	6.46E-03	4.36E-03	2.92E-04	5.40E-03	1.05E-02	4.13E-03
C[C>T]C	2.70E-04	4.37E-04	2.21E-03	5.89E-03	3.40E-03	7.66E-04	5.48E-03	4.57E-03	3.79E-03
C[C>T]G	5.05E-04	1.16E-03	9.88E-03	6.41E-03	2.17E-03	1.75E-03	6.92E-03	1.00E-02	5.70E-03
C[C>T]T	4.30E-04	7.95E-04	1.91E-03	5.39E-03	4.03E-03	5.65E-04	4.97E-03	4.27E-03	5.26E-03
C[T>A]A	4.26E-05	3.07E-05	3.29E-09	6.09E-04	8.22E-04	4.23E-04	1.53E-03	3.03E-04	9.17E-04
C[T>A]C	9.08E-05	4.65E-05	6.20E-08	1.53E-03	2.36E-03	3.94E-04	1.93E-03	1.57E-03	1.49E-03
C[T>A]G	1.60E-05	6.46E-05	5.96E-04	2.24E-03	2.91E-03	4.95E-04	3.41E-03	2.58E-03	1.59E-03
C[T>A]T	1.58E-05	1.56E-05	2.49E-04	1.59E-03	2.73E-03	2.03E-04	3.19E-03	1.61E-04	3.05E-03
C[T>C]A	2.24E-05	1.72E-05	9.89E-07	2.56E-05	9.42E-04	1.35E-03	1.23E-03	6.37E-04	5.18E-04
C[T>C]C	1.87E-05	4.93E-05	2.12E-04	2.24E-03	2.55E-03	1.80E-03	3.52E-03	3.14E-03	1.68E-03
C[T>C]G	1.93E-05	1.33E-08	2.33E-07	6.63E-04	7.90E-04	2.23E-03	3.35E-06	6.01E-04	8.14E-04
C[T>C]T	1.63E-04	7.03E-05	6.55E-04	1.36E-03	2.30E-03	1.89E-03	3.57E-03	1.29E-03	2.99E-03
C[T>G]A	3.21E-06	1.88E-05	6.43E-05	4.57E-04	6.66E-04	8.23E-06	1.00E-03	4.74E-04	1.02E-03
C[T>G]C	5.06E-05	3.84E-05	5.28E-04	1.04E-03	1.05E-03	4.47E-04	9.50E-04	1.14E-03	1.20E-03
C[T>G]G	1.43E-05	2.18E-10	7.43E-06	1.12E-03	2.03E-03	7.41E-04	1.78E-03	9.11E-04	1.32E-03
C[T>G]T	9.54E-05	1.34E-05	2.84E-04	2.24E-03	2.89E-03	6.18E-04	3.47E-03	1.08E-03	2.60E-03
G[C>A]A	1.65E-04	6.77E-05	1.34E-03	4.22E-03	3.76E-03	3.12E-07	3.39E-03	5.52E-03	7.05E-03
G[C>A]C	1.26E-04	6.59E-05	5.98E-04	2.96E-03	3.16E-03	3.32E-04	3.75E-03	2.54E-03	3.53E-03
G[C>A]G	4.67E-47	4.95E-05	9.55E-04	1.88E-03	5.42E-04	8.38E-05	1.91E-03	2.06E-03	2.05E-03
G[C>A]T	1.59E-04	8.10E-05	4.81E-04	3.04E-03	3.60E-03	3.80E-04	4.08E-03	3.31E-03	5.63E-03
G[C>G]A	2.00E-04	7.07E-05	6.89E-08	2.40E-03	2.14E-03	7.35E-05	1.68E-03	1.08E-03	1.27E-03
G[C>G]C	9.69E-05	1.03E-04	4.34E-04	1.20E-03	2.34E-03	4.40E-04	2.96E-03	1.14E-03	2.37E-03
G[C>G]G	8.69E-05	4.00E-05	1.08E-04	8.59E-04	1.40E-03	3.10E-05	1.33E-03	4.58E-04	8.75E-04
G[C>G]T	2.26E-04	2.42E-04	5.32E-05	3.80E-03	3.59E-03	9.54E-05	1.30E-03	1.43E-03	3.73E-03
G[C>T]A	7.76E-04	7.01E-04	2.76E-03	6.14E-03	2.89E-03	2.30E-03	1.88E-03	4.52E-03	2.95E-03
G[C>T]C	4.28E-04	5.58E-04	4.02E-03	6.84E-03	2.17E-03	3.85E-03	2.45E-03	9.16E-03	4.89E-03
G[C>T]G	3.98E-04	4.45E-04	6.99E-03	5.90E-03	1.47E-03	4.49E-03	5.63E-03	1.11E-02	5.83E-03
G[C>T]T	4.16E-04	4.64E-04	2.77E-03	6.16E-03	1.87E-03	2.96E-03	1.61E-03	7.54E-03	3.78E-03
G[T>A]A	2.52E-05	7.62E-05	3.12E-05	3.03E-04	7.30E-04	2.70E-04	1.29E-03	4.35E-04	1.07E-03
G[T>A]C	4.95E-05	1.53E-04	1.03E-04	1.50E-03	1.37E-03	3.61E-04	2.47E-03	1.49E-03	2.09E-03
G[T>A]G	2.38E-05	1.57E-05	4.63E-08	7.59E-04	1.42E-03	3.40E-04	2.59E-03	1.34E-03	1.34E-03
G[T>A]T	2.16E-05	2.28E-09	2.96E-04	8.37E-04	1.11E-03	2.26E-04	1.51E-03	1.34E-03	1.66E-03
G[T>C]A	3.94E-05	2.12E-05	4.91E-07	8.17E-07	2.59E-07	2.00E-03	2.71E-06	3.73E-07	1.27E-06
G[T>C]C	2.05E-05	2.18E-05	1.28E-04	1.36E-03	8.80E-04	1.30E-03	1.84E-03	3.23E-03	1.68E-03
G[T>C]G	3.61E-05	1.69E-05	2.45E-05	1.85E-04	5.72E-04	3.03E-03	1.66E-06	3.81E-03	1.27E-03
G[T>C]T	2.79E-06	4.35E-05	6.66E-04	1.73E-03	1.38E-03	1.97E-03	1.72E-03	1.63E-03	1.33E-03
G[T>G]A	7.64E-06	0.00E+00	1.19E-04	5.34E-04	8.36E-04	7.34E-05	1.15E-03	7.70E-04	7.81E-04
G[T>G]C	2.93E-06	1.96E-05	2.55E-04	1.06E-03	7.01E-04	2.13E-04	9.58E-04	8.27E-04	9.21E-04
G[T>G]G	2.14E-07	9.34E-47	2.04E-04	1.34E-03	1.88E-03	2.18E-04	1.41E-03	4.62E-04	2.03E-03
G[T>G]T	0.00E+00	1.29E-09	1.02E-04	3.00E-04	1.16E-03	3.88E-04	1.85E-03	6.55E-04	1.34E-03
T[C>A]A	4.35E-03	4.07E-03	5.25E-04	6.98E-03	2.30E-03	1.12E-04	2.66E-03	5.05E-03	1.61E-02
T[C>A]C	2.04E-03	1.74E-03	9.89E-04	8.50E-03	2.35E-03	2.80E-04	3.97E-03	3.60E-03	6.44E-03
T[C>A]G	7.36E-04	1.11E-03	4.63E-04	3.45E-03	1.65E-03	4.67E-47	1.17E-03	2.44E-03	2.46E-03
T[C>A]T	2.28E-03	2.02E-03	6.44E-04	8.33E-03	2.62E-03	5.49E-04	1.54E-03	2.63E-03	1.15E-02
T[C>G]A	1.79E-02	1.89E-03	2.78E-07	1.58E-02	6.67E-05	5.48E-07	1.55E-04	1.84E-02	3.11E-07
T[C>G]C	6.22E-03	7.58E-04	1.01E-08	1.02E-02	3.38E-03	1.59E-05	2.18E-03	4.50E-03	1.10E-02
T[C>G]G	2.32E-03	4.33E-04	1.48E-06	1.83E-03	1.63E-03	6.23E-05	1.31E-03	2.31E-03	3.84E-03
T[C>G]T	1.95E-02	4.96E-05	4.63E-07	1.34E-02	5.93E-04	2.10E-04	6.39E-07	1.82E-04	1.47E-02
T[C>T]A	9.87E-03	2.70E-02	1.37E-07	6.41E-03	1.64E-07	2.71E-04	1.71E-07	2.39E-07	5.79E-03
T[C>T]C	1.98E-03	8.89E-03	2.98E-03	2.86E-02	2.68E-03	3.01E-05	2.77E-03	1.11E-02	3.69E-03
T[C>T]G	2.79E-03	1.20E-02	9.15E-03	1.72E-02	3.57E-04	5.99E-04	3.85E-03	4.39E-02	3.60E-03
T[C>T]T	1.47E-06	2.18E-02	1.96E-04	4.54E-02	1.43E-03	1.17E-05	1.70E-03	2.24E-03	4.34E-03
T[T>A]A	4.49E-05	2.04E-05	3.89E-04	1.93E-03	5.02E-04	1.08E-04	2.17E-03	2.55E-03	1.71E-03
T[T>A]C	7.84E-05	3.73E-05	3.35E-04	4.96E-04	1.07E-03	3.98E-04	1.84E-03	1.43E-03	2.18E-03
T[T>A]G	1.08E-05	1.39E-05	8.06E-08	4.03E-04	1.27E-03	3.61E-04	1.17E-03	3.88E-04	9.70E-04
T[T>A]T	3.19E-05	9.72E-10	2.24E-07	1.79E-03	1.47E-03	2.46E-04	2.74E-03	1.61E-03	2.66E-03
T[T>C]A	7.82E-05	4.63E-05	2.86E-04	1.34E-03	7.28E-04	1.01E-03	2.10E-03	1.56E-03	1.77E-03
T[T>C]C	7.32E-05	7.34E-05	7.24E-04	1.41E-03	1.68E-03	1.35E-03	2.17E-03	3.41E-03	2.27E-03
T[T>C]G	5.68E-05	1.05E-04	4.87E-04	8.46E-04	2.92E-04	1.32E-03	1.12E-03	1.86E-03	1.83E-03
T[T>C]T	6.61E-06	3.31E-05	3.88E-04	1.31E-03	8.18E-04	8.74E-04	2.23E-03	2.86E-03	1.59E-03
T[T>G]A	3.26E-05	1.63E-05	7.73E-05	3.41E-04	1.07E-03	2.49E-05	1.37E-03	4.64E-04	1.17E-03
T[T>G]C	6.54E-05	2.98E-05	3.01E-04	6.21E-04	1.18E-03	1.73E-04	1.36E-03	6.67E-04	1.17E-03
T[T>G]G	4.15E-05	4.66E-05	2.32E-04	1.34E-03	1.38E-03	2.99E-04	1.27E-03	1.09E-03	1.18E-03
T[T>G]T	2.73E-05	1.57E-05	7.18E-05	1.77E-03	2.04E-03	3.26E-04	2.52E-03	1.10E-03	2.38E-03
