MutationType	SBS96A	SBS96B	SBS96C	SBS96D	SBS96E	SBS96F	SBS96G	SBS96H	SBS96I	SBS96J
A[C>A]A	0.00098635	0.01775762	0.02378300	0.03023724	0.00342621	0.02652408	0.01928827	0.00501339	0.02039594	0.02321893
A[C>A]C	0.00024828	0.01186727	0.01897194	0.01313467	0.01267063	0.00811726	0.02860632	0.01800426	0.01521434	0.01599324
A[C>A]G	0.00017926	0.00101000	0.00359794	0.00291808	0.00037405	0.00265861	0.00177802	0.00321438	0.00300986	0.00603254
A[C>A]T	0.00038130	0.01069509	0.02226067	0.01723712	0.01033371	0.01439751	0.02194142	0.00882885	0.01403224	0.01071944
A[C>G]A	0.00217007	0.00359551	0.02018345	0.01576560	0.01836916	0.00526396	0.00689962	0.01272252	0.01351127	0.00516568
A[C>G]C	0.00091559	0.00275749	0.01163214	0.00706448	0.00900585	0.00726162	0.01026762	0.00799740	0.00766968	0.00628687
A[C>G]G	0.00009895	0.00061242	0.00825217	0.00247544	0.00255137	0.00121072	0.00177989	0.00274338	0.00496934	0.00309445
A[C>G]T	0.00263058	0.00237045	0.01855590	0.01524772	0.02129182	0.00761823	0.01147149	0.00603616	0.00931325	0.00648831
A[C>T]A	0.00354211	0.02029619	0.01943991	0.01754554	0.00643701	0.02730976	0.02070995	0.01347575	0.01959643	0.01691144
A[C>T]C	0.00144463	0.00469076	0.00762479	0.00722045	0.01508091	0.00912572	0.01272675	0.00353919	0.00977957	0.01237378
A[C>T]G	0.00230400	0.01248997	0.00381130	0.01814060	0.01852378	0.08535495	0.00549276	0.02844867	0.01595483	0.07432104
A[C>T]T	0.00129106	0.00971902	0.02203440	0.02101402	0.01280917	0.01967938	0.00861202	0.00439967	0.01621550	0.00263566
A[T>A]A	0.00149303	0.00399684	0.00347356	0.00849640	0.00356289	0.00235610	0.01387509	0.02814840	0.01353615	0.00943599
A[T>A]C	0.00078674	0.00462489	0.00463554	0.00877962	0.00346097	0.00777769	0.00790037	0.01125096	0.00883760	0.01321607
A[T>A]G	0.00029428	0.00547182	0.01245226	0.01447673	0.00330587	0.00553632	0.00302347	0.01188051	0.01449063	0.01002591
A[T>A]T	0.00037505	0.00767116	0.01098945	0.01006703	0.00702083	0.00688575	0.00729832	0.05110270	0.02206754	0.01028893
A[T>C]A	0.00092439	0.01793869	0.01135993	0.01154686	0.01351268	0.00839419	0.02442079	0.03284910	0.02340400	0.01482169
A[T>C]C	0.00013097	0.00437017	0.01062647	0.00713953	0.00840020	0.00614153	0.00916953	0.00628845	0.00829369	0.01277910
A[T>C]G	0.00094359	0.00625280	0.01178102	0.01326634	0.01499217	0.01245278	0.01020272	0.01281725	0.00883335	0.01661393
A[T>C]T	0.00079132	0.00366536	0.02228427	0.02344624	0.01552138	0.02017213	0.00896464	0.01499117	0.01944733	0.02717587
A[T>G]A	0.00021798	0.00184297	0.00612385	0.00471598	0.00246439	0.00222913	0.00355508	0.01619383	0.00663662	0.00485320
A[T>G]C	0.00040237	0.00085040	0.00040049	0.00300374	0.00170076	0.00022982	0.00262197	0.00954712	0.00393016	0.00549499
A[T>G]G	0.00025151	0.00101792	0.01221001	0.00813977	0.00915199	0.00249511	0.00464974	0.00290610	0.00656546	0.00091847
A[T>G]T	0.00016530	0.00295358	0.00372270	0.00703787	0.00828182	0.00220077	0.00958738	0.00512397	0.00428620	0.00651612
C[C>A]A	0.00173364	0.01109827	0.01916306	0.02418398	0.01151872	0.01993487	0.02430362	0.01678411	0.01652920	0.00522287
C[C>A]C	0.00074487	0.00875462	0.02210496	0.01660712	0.00822529	0.00794438	0.01527715	0.01434854	0.01181869	0.00493296
C[C>A]G	0.00016622	0.00074852	0.00369081	0.00157165	0.00007347	0.00120919	0.00237729	0.00433545	0.00286527	0.00483026
C[C>A]T	0.00042493	0.01331888	0.02189128	0.01681860	0.00346555	0.01699843	0.01584842	0.00699732	0.01421454	0.00274158
C[C>G]A	0.00242941	0.00499278	0.01447844	0.01134484	0.01677517	0.00102352	0.01060903	0.00341502	0.01028409	0.00102350
C[C>G]C	0.00076860	0.00240442	0.01080683	0.00981495	0.00804803	0.00417403	0.00866327	0.00372553	0.00693079	0.00041234
C[C>G]G	0.00031444	0.00210728	0.00446281	0.00190934	0.00177244	0.00000000	0.00330520	0.00426105	0.00381277	0.00439044
C[C>G]T	0.00371567	0.00514006	0.01552068	0.01289369	0.02034827	0.00714312	0.01704941	0.00440775	0.01329942	0.00226377
C[C>T]A	0.00940563	0.01669576	0.00849112	0.00983550	0.00501790	0.01171247	0.02274289	0.00976067	0.02058552	0.03036964
C[C>T]C	0.00299825	0.01255039	0.00401559	0.00667893	0.00588778	0.00814853	0.02237610	0.01325719	0.00800910	0.02217859
C[C>T]G	0.00391618	0.01219097	0.00139720	0.00719258	0.01037736	0.04134158	0.00970249	0.01756278	0.00739022	0.04520480
C[C>T]T	0.00351463	0.01953474	0.01489217	0.02048575	0.01163695	0.02315753	0.02415239	0.00396338	0.01381061	0.02342244
C[T>A]A	0.00022154	0.00423917	0.01203957	0.00692589	0.00435108	0.00047981	0.00952154	0.01109422	0.00799109	0.00128490
C[T>A]C	0.00046791	0.00349583	0.01434787	0.01441388	0.00388907	0.00289645	0.01070725	0.01058480	0.00957687	0.00603071
C[T>A]G	0.00026588	0.00590538	0.01595022	0.00994818	0.00359363	0.00145938	0.01423227	0.00936055	0.00691948	0.00245238
C[T>A]T	0.00004380	0.00704378	0.02645338	0.01577257	0.00561195	0.00995631	0.00980707	0.00420562	0.01278040	0.00405746
C[T>C]A	0.00020437	0.00159055	0.00920685	0.01014834	0.01186475	0.00621515	0.00557414	0.01252128	0.01053192	0.00429023
C[T>C]C	0.00048986	0.00385877	0.02137398	0.00787556	0.00240846	0.00946975	0.00716721	0.01178562	0.01223808	0.00651509
C[T>C]G	0.00111844	0.00157209	0.00575503	0.01017710	0.01542865	0.00419441	0.01053290	0.00956552	0.01205133	0.01105194
C[T>C]T	0.00042744	0.00711662	0.01214844	0.01043743	0.01460579	0.00877773	0.01369158	0.00613666	0.01344705	0.00170832
C[T>G]A	0.00007050	0.00256904	0.00576982	0.00276635	0.00402528	0.00153747	0.00753284	0.00181120	0.00251291	0.00222717
C[T>G]C	0.00019984	0.00161557	0.00674570	0.00575272	0.00138733	0.00283005	0.00437629	0.00334183	0.00550047	0.00267316
C[T>G]G	0.00028084	0.00324164	0.00664681	0.00664323	0.01498213	0.00326225	0.00798545	0.00318536	0.00736579	0.00327411
C[T>G]T	0.00007178	0.00440190	0.01100824	0.01028984	0.00684414	0.00701810	0.01614152	0.00692388	0.00728427	0.00418713
G[C>A]A	0.00052713	0.00819636	0.02074669	0.01314649	0.00343120	0.02937253	0.00518972	0.00655440	0.01177459	0.01600276
G[C>A]C	0.00043396	0.01273255	0.00697779	0.01107819	0.00253253	0.00370879	0.02323208	0.00899979	0.00912560	0.00353062
G[C>A]G	0.00023243	0.00095246	0.00117713	0.00048111	0.00043266	0.00251465	0.00181457	0.00101866	0.00202723	0.00617781
G[C>A]T	0.00019110	0.00533964	0.01811425	0.01306631	0.00310835	0.01786267	0.00879006	0.00546119	0.00658445	0.00768394
G[C>G]A	0.00071431	0.00317919	0.00657915	0.00635767	0.00572913	0.00265973	0.00948615	0.00604926	0.00668508	0.00733910
G[C>G]C	0.00048367	0.00250491	0.00736920	0.00614914	0.00514275	0.00297977	0.00726644	0.00828396	0.00493400	0.00429736
G[C>G]G	0.00014095	0.00030273	0.00225078	0.00124441	0.00158153	0.00000000	0.00258962	0.00135825	0.00140559	0.00299101
G[C>G]T	0.00186362	0.00185310	0.01420279	0.00873662	0.01365333	0.00331573	0.01064896	0.01055972	0.00573541	0.00109887
G[C>T]A	0.00341135	0.01315038	0.01095414	0.01237151	0.00495435	0.01706121	0.01502242	0.00470485	0.00999674	0.01924557
G[C>T]C	0.00200604	0.00964092	0.00542946	0.00941138	0.00724912	0.01272358	0.01275350	0.00332087	0.01278685	0.01948897
G[C>T]G	0.00147398	0.00963151	0.00681325	0.01018326	0.01348243	0.04478368	0.00000033	0.02478471	0.01704964	0.04461606
G[C>T]T	0.00221332	0.01090003	0.00721416	0.01129281	0.00834418	0.01199466	0.01506636	0.01373228	0.01274834	0.01786390
G[T>A]A	0.00035640	0.00206628	0.00973376	0.00552014	0.00292918	0.00125428	0.00678428	0.00499541	0.00401774	0.00292847
G[T>A]C	0.00041578	0.00116663	0.00501344	0.00866108	0.00214433	0.00164389	0.00540573	0.00578096	0.00614055	0.00477976
G[T>A]G	0.00060342	0.00124558	0.00743829	0.00815893	0.00686317	0.00273763	0.00397736	0.00284947	0.00590979	0.00285596
G[T>A]T	0.00025266	0.00640100	0.01651047	0.00635004	0.00324015	0.00078918	0.01076097	0.00435324	0.00849574	0.00764025
G[T>C]A	0.00067462	0.00215907	0.01034726	0.00495650	0.00524851	0.01094007	0.00666645	0.01405335	0.00633276	0.00925132
G[T>C]C	0.00020152	0.00469367	0.00772909	0.00474976	0.00194598	0.00454309	0.00713723	0.00710684	0.00541559	0.00876989
G[T>C]G	0.00083777	0.00097843	0.00742317	0.00506224	0.00462428	0.00309216	0.00448313	0.00884080	0.00611446	0.01549128
G[T>C]T	0.00040322	0.00571505	0.00520138	0.00543525	0.00639824	0.00923775	0.01079900	0.02051384	0.01023791	0.01084920
G[T>G]A	0.00024049	0.00021624	0.00541392	0.00547046	0.00356567	0.00120990	0.00489649	0.00508766	0.00287015	0.00170467
G[T>G]C	0.00022809	0.00036849	0.00291270	0.00399355	0.00333889	0.00151262	0.00395795	0.00056669	0.00229948	0.00275080
G[T>G]G	0.00117029	0.00356206	0.00872955	0.00568534	0.00383703	0.00011695	0.01426492	0.00492945	0.00659230	0.01001198
G[T>G]T	0.00020603	0.00332001	0.00920000	0.00620654	0.00440808	0.00325550	0.00589826	0.00349786	0.00663592	0.00715092
T[C>A]A	0.02717365	0.02666400	0.01009830	0.02408041	0.01539895	0.03038982	0.01549356	0.01922023	0.02369467	0.00993365
T[C>A]C	0.01124411	0.01083630	0.01129443	0.02027547	0.02156713	0.02319712	0.01669793	0.00861193	0.01064696	0.01091964
T[C>A]G	0.00122629	0.00397395	0.00110487	0.00045777	0.00083044	0.00105245	0.00232253	0.00300082	0.00380538	0.00548420
T[C>A]T	0.01347230	0.02031380	0.02313165	0.02488311	0.02914328	0.04593489	0.00565663	0.01637859	0.02541344	0.00821725
T[C>G]A	0.16417115	0.04016838	0.00002618	0.01854577	0.09754964	0.00592671	0.01929972	0.00810690	0.00504020	0.01038309
T[C>G]C	0.03245373	0.00884110	0.01071159	0.01582211	0.04905808	0.01405040	0.01353148	0.00748326	0.01374126	0.00958752
T[C>G]G	0.00564526	0.00051648	0.00187695	0.00147213	0.00414876	0.00129372	0.00290935	0.00000000	0.00194871	0.00530627
T[C>G]T	0.19952248	0.05690055	0.00616825	0.04776618	0.14627213	0.01318375	0.02827582	0.00298804	0.03607138	0.00323090
T[C>T]A	0.26363053	0.16043338	0.00632601	0.01472732	0.00217899	0.01375083	0.00366958	0.02997006	0.02212434	0.03008016
T[C>T]C	0.04608931	0.05963795	0.00471476	0.00579291	0.01383640	0.02038933	0.03040941	0.01193213	0.02112366	0.02492407
T[C>T]G	0.02491930	0.02005234	0.00124413	0.00373876	0.00233585	0.03100092	0.00175264	0.02956677	0.00943517	0.03629891
T[C>T]T	0.13088637	0.09843155	0.01683149	0.00775073	0.01555550	0.03202819	0.01677100	0.02001770	0.02293296	0.01541350
T[T>A]A	0.00041084	0.01471017	0.00631097	0.00874717	0.00478594	0.01338478	0.01660129	0.03616940	0.01291183	0.00885848
T[T>A]C	0.00020205	0.00366712	0.00928189	0.01019144	0.00400909	0.00305211	0.00649645	0.00877852	0.00777619	0.00369645
T[T>A]G	0.00022275	0.00373867	0.00687413	0.00338399	0.00580049	0.00218022	0.00770675	0.00421380	0.00794029	0.00344967
T[T>A]T	0.00024778	0.00978094	0.02525715	0.01355609	0.00868697	0.01143491	0.00663989	0.02328555	0.01475179	0.00636579
T[T>C]A	0.00032938	0.00498607	0.00913793	0.01109623	0.00570811	0.01160207	0.00443636	0.02026045	0.01164797	0.00521790
T[T>C]C	0.00062642	0.00172980	0.01213125	0.00536478	0.00841423	0.00820204	0.00375390	0.01967515	0.00687102	0.00716232
T[T>C]G	0.00030864	0.00606777	0.00801241	0.00448466	0.00244089	0.00619469	0.00685930	0.00479861	0.00356157	0.00416471
T[T>C]T	0.00039437	0.00914547	0.01241678	0.00787924	0.00603299	0.01294232	0.01273855	0.01008756	0.00772339	0.01416059
T[T>G]A	0.00011309	0.00338285	0.00635360	0.00544072	0.00518770	0.00402578	0.00840369	0.00500662	0.00412081	0.00210390
T[T>G]C	0.00004324	0.00354722	0.00635203	0.00458203	0.00203976	0.00244139	0.00233854	0.00365801	0.00619847	0.00547432
T[T>G]G	0.00018347	0.00226231	0.00972589	0.01068665	0.00755844	0.00275662	0.00560093	0.00766283	0.00908526	0.00626781
T[T>G]T	0.00023793	0.00523014	0.01256746	0.01690046	0.00888628	0.00799737	0.01622224	0.01086518	0.01177656	0.01665099
