Samples	SBS96A	SBS96B	SBS96C	SBS96D	SBS96E	SBS96F	SBS96G	SBS96H	SBS96I	SBS96J
TCGA-3C-AAAU-01	1	1	15	18	0	8	3	0	0	0
TCGA-3C-AALI-01	317	228	21	96	32	4	0	0	110	0
TCGA-3C-AALJ-01	6	1	4	0	30	0	0	12	10	3
TCGA-3C-AALK-01	5	6	12	4	5	5	1	12	2	12
TCGA-4H-AAAK-01	0	0	8	0	5	6	1	3	10	0
TCGA-5L-AAT0-01	52	74	1	82	11	0	0	0	59	0
TCGA-5L-AAT1-01	597	674	0	376	141	0	0	0	198	0
TCGA-5T-A9QA-01	0	2	18	6	7	4	3	10	0	3
TCGA-A1-A0SB-01	0	0	2	2	0	4	0	8	0	0
TCGA-A1-A0SD-01	1	2	7	3	2	2	0	23	0	0
TCGA-A1-A0SE-01	0	3	2	8	3	5	0	0	10	5
TCGA-A1-A0SF-01	4	28	8	18	0	1	0	0	5	0
TCGA-A1-A0SG-01	1	0	6	7	0	2	0	8	11	0
TCGA-A1-A0SH-01	27	37	7	15	20	2	7	0	4	19
TCGA-A1-A0SI-01	105	72	0	44	40	0	0	0	17	0
TCGA-A1-A0SJ-01	5	5	14	3	0	2	3	0	0	8
TCGA-A1-A0SK-01	2	2	7	2	3	0	27	38	3	0
TCGA-A1-A0SM-01	0	0	8	1	0	6	2	0	11	4
TCGA-A1-A0SN-01	16	5	14	9	0	2	13	0	17	0
TCGA-A1-A0SO-01	13	11	8	24	19	16	75	44	0	143
TCGA-A1-A0SP-01	0	2	13	0	17	5	25	0	8	0
TCGA-A2-A04N-01	1	5	9	0	0	4	4	10	15	5
TCGA-A2-A04R-01	7	1	8	14	1	7	21	10	1	32
TCGA-A2-A04U-01	2	0	8	3	5	4	17	19	9	0
TCGA-A2-A04W-01	44	35	4	22	52	0	0	0	30	0
TCGA-A2-A0CK-01	0	3	10	4	0	1	0	8	0	1
TCGA-A2-A0CL-01	60	57	17	23	29	0	0	5	9	0
TCGA-A2-A0CR-01	75	90	1	12	6	3	0	6	17	0
TCGA-A2-A0CS-01	0	2	17	0	1	5	3	8	0	12
TCGA-A2-A0CV-01	2	0	11	0	0	2	0	0	5	4
TCGA-A2-A0CW-01	12	16	9	1	0	0	5	17	11	13
TCGA-A2-A0D3-01	0	2	20	0	0	0	0	0	4	6
TCGA-A2-A0EN-01	0	2	2	0	0	4	1	23	7	0
TCGA-A2-A0EP-01	3	1	0	3	2	4	0	3	0	0
TCGA-A2-A0ES-01	0	0	1	0	5	1	2	5	5	0
TCGA-A2-A0EW-01	1	0	4	4	0	5	5	0	1	0
TCGA-A2-A0ST-01	2	1	3	5	1	4	0	12	0	0
TCGA-A2-A0SU-01	0	2	7	0	12	1	5	0	0	8
TCGA-A2-A0SX-01	4	4	10	0	0	5	0	0	4	14
TCGA-A2-A0SY-01	63	41	7	22	0	0	0	8	36	0
TCGA-A2-A0T0-01	15	9	12	0	1	39	79	0	14	48
TCGA-A2-A0T1-01	0	0	4	2	0	6	0	15	5	0
TCGA-A2-A0T3-01	0	1	11	0	3	0	0	0	3	26
TCGA-A2-A0T4-01	7	4	11	0	0	6	11	0	0	2
TCGA-A2-A0T5-01	0	2	6	0	0	0	0	3	0	2
TCGA-A2-A0T6-01	0	3	14	0	0	0	2	6	3	0
TCGA-A2-A0T7-01	0	3	10	1	0	2	5	5	3	0
TCGA-A2-A0YC-01	2	4	9	0	0	1	14	0	2	0
TCGA-A2-A0YD-01	17	23	7	0	6	0	0	7	27	0
TCGA-A2-A0YE-01	0	7	15	4	0	1	0	0	3	13
TCGA-A2-A0YF-01	0	2	8	2	0	1	0	0	3	23
TCGA-A2-A0YG-01	0	7	12	9	1	8	9	17	9	6
TCGA-A2-A0YH-01	26	15	6	12	3	0	6	24	8	0
TCGA-A2-A0YI-01	2	0	0	0	0	2	0	6	7	1
TCGA-A2-A0YJ-01	6	1	23	3	0	10	28	12	3	12
TCGA-A2-A0YK-01	209	166	1	64	11	0	0	2	25	0
TCGA-A2-A0YL-01	11	13	1	0	0	2	0	9	7	0
TCGA-A2-A0YM-01	15	13	25	26	17	6	2	0	5	0
TCGA-A2-A0YT-01	1	14	18	4	0	5	15	0	24	0
TCGA-A2-A1FV-01	0	8	9	0	0	4	7	17	5	0
TCGA-A2-A1FW-01	4	1	15	0	13	4	0	20	19	19
TCGA-A2-A1FX-01	0	0	7	4	0	1	2	0	6	8
TCGA-A2-A1FZ-01	0	0	5	6	3	6	0	9	0	0
TCGA-A2-A1G0-01	0	3	0	0	0	0	0	11	3	6
TCGA-A2-A1G1-01	0	4	2	1	5	1	11	13	1	1
TCGA-A2-A1G6-01	1	0	2	0	0	1	4	2	0	0
TCGA-A2-A259-01	0	2	2	10	6	0	1	5	3	0
TCGA-A2-A25A-01	30	37	8	28	0	3	7	8	0	8
TCGA-A2-A25B-01	0	3	10	18	28	6	33	0	13	17
TCGA-A2-A25C-01	1	2	0	0	0	8	0	1	2	25
TCGA-A2-A25D-01	3	5	5	4	13	6	4	11	3	10
TCGA-A2-A25E-01	0	5	2	2	18	7	16	5	0	6
TCGA-A2-A25F-01	0	0	0	0	0	0	2	0	0	4
TCGA-A2-A3KD-01	0	2	4	2	0	2	0	8	0	0
TCGA-A2-A3XT-01	23	4	0	0	25	11	29	18	0	12
TCGA-A2-A3XU-01	0	2	10	0	1	6	6	6	0	0
TCGA-A2-A3XV-01	0	0	9	0	12	8	9	1	9	0
TCGA-A2-A3XW-01	0	2	3	0	0	3	3	0	6	0
TCGA-A2-A3XX-01	0	4	11	0	5	4	15	5	7	1
TCGA-A2-A3XZ-01	12	8	8	0	2	2	3	4	13	0
TCGA-A2-A3Y0-01	43	10	21	0	0	37	96	11	6	19
TCGA-A2-A4S1-01	4	5	20	0	0	10	16	0	0	43
TCGA-A2-A4S2-01	0	7	6	0	4	7	2	12	0	5
TCGA-A2-A4S3-01	5	7	13	10	23	8	11	16	1	13
TCGA-A7-A0CE-01	2	4	5	4	5	9	14	0	6	12
TCGA-A7-A0CH-01	0	0	2	4	1	2	4	0	3	1
TCGA-A7-A0D9-01	1	2	1	2	0	1	0	3	2	0
TCGA-A7-A0DA-01	12	9	12	0	0	11	90	8	10	35
TCGA-A7-A0DB-01	9	9	9	8	0	4	0	13	0	1
TCGA-A7-A13D-01	10	4	13	7	20	4	66	9	7	0
TCGA-A7-A13E-01	5	0	29	5	1	4	7	26	3	0
TCGA-A7-A13F-01	2	0	14	7	9	3	0	1	9	0
TCGA-A7-A13G-01	2	8	10	0	0	3	7	0	0	2
TCGA-A7-A26E-01	2	17	11	1	0	4	0	16	16	0
TCGA-A7-A26F-01	1	3	3	6	2	0	0	29	2	0
TCGA-A7-A26G-01	6	9	5	0	18	2	6	0	4	18
TCGA-A7-A26H-01	42	29	21	27	0	0	0	20	6	5
TCGA-A7-A26I-01	2	5	3	0	1	4	8	6	7	10
TCGA-A7-A26J-01	0	0	1	13	6	0	0	14	0	8
TCGA-A7-A2KD-01	2	7	18	0	6	2	9	0	8	3
TCGA-A7-A3RF-01	0	3	1	0	0	6	1	23	0	6
TCGA-A7-A425-01	0	0	8	3	0	1	0	17	0	4
TCGA-A7-A4SC-01	0	2	10	2	0	1	0	0	9	14
TCGA-A7-A4SD-01	1	1	24	0	3	6	6	11	5	5
TCGA-A7-A4SE-01	27	11	0	12	15	12	44	16	0	9
TCGA-A7-A56D-01	40	57	30	37	18	1	14	0	21	7
TCGA-A7-A5ZV-01	28	5	33	17	4	29	88	9	12	43
TCGA-A7-A5ZW-01	6	5	3	0	0	7	0	13	2	0
TCGA-A7-A5ZX-01	0	3	5	9	0	5	11	0	9	0
TCGA-A7-A6VV-01	7	1	11	7	8	5	7	18	0	0
TCGA-A7-A6VW-01	4	5	2	0	5	14	28	26	8	0
TCGA-A7-A6VX-01	4	26	0	18	53	9	33	14	0	20
TCGA-A7-A6VY-01	11	4	9	18	13	13	57	1	5	5
TCGA-A8-A075-01	11	13	6	16	0	3	24	16	6	5
TCGA-AC-A23C-01	17	32	9	14	30	14	4	0	7	18
TCGA-AC-A23E-01	0	0	11	1	0	0	5	0	3	4
TCGA-AC-A23H-01	2618	2229	0	400	843	0	0	0	288	0
TCGA-AC-A2B8-01	36	37	6	39	0	0	0	10	0	0
TCGA-AC-A2BK-01	3	0	26	0	14	13	42	0	8	4
TCGA-AC-A2BM-01	3	0	7	0	4	2	3	0	1	6
TCGA-AC-A2FB-01	0	3	3	5	0	3	1	2	0	0
TCGA-AC-A2FF-01	2	0	0	7	0	0	0	2	0	0
TCGA-AC-A2FG-01	0	7	2	2	8	1	0	17	2	0
TCGA-AC-A2FK-01	0	0	0	3	0	0	0	0	0	0
TCGA-AC-A2FO-01	3	4	0	14	0	0	0	6	0	0
TCGA-AC-A2QH-01	2	2	10	0	0	2	3	5	0	3
TCGA-AC-A3HN-01	2	2	6	0	0	4	5	0	3	0
TCGA-AC-A3OD-01	0	7	10	3	2	3	2	2	6	4
TCGA-AC-A3QP-01	0	0	0	0	5	6	1	10	6	7
TCGA-AC-A3QQ-01	0	0	15	9	6	0	3	0	0	3
TCGA-AC-A3W5-01	43	20	20	9	0	11	89	0	19	0
TCGA-AC-A3YI-01	0	0	4	4	0	4	2	0	4	0
TCGA-AC-A3YJ-01	1	4	11	5	0	3	0	6	3	5
TCGA-AC-A4ZE-01	0	8	12	0	9	10	16	11	5	3
TCGA-AC-A5EH-01	11	11	11	19	28	19	58	12	4	32
TCGA-AC-A5EI-01	0	9	6	7	0	4	1	15	1	0
TCGA-AC-A5XS-01	200	192	0	149	94	0	0	0	80	0
TCGA-AC-A5XU-01	3	9	43	33	8	4	0	3	0	10
TCGA-AC-A62V-01	5	3	41	3	4	6	22	0	7	15
TCGA-AC-A62X-01	3	0	45	12	0	5	0	1	0	21
TCGA-AC-A62Y-01	16	11	12	14	0	11	5	20	0	0
TCGA-AC-A6IV-01	0	0	3	4	3	2	0	9	6	0
TCGA-AC-A6IW-01	50	25	24	28	63	3	27	0	11	0
TCGA-AC-A6IX-01	4	22	9	6	19	6	0	5	0	0
TCGA-AC-A6NO-01	0	2	5	1	9	5	0	15	6	0
TCGA-AC-A7VB-01	0	0	13	2	4	4	0	9	0	3
TCGA-AC-A7VC-01	0	0	6	0	3	2	0	8	7	0
TCGA-AC-A8OP-01	14	9	46	15	9	32	39	2	29	49
TCGA-AC-A8OQ-01	4	17	20	0	7	5	15	48	21	0
TCGA-AC-A8OR-01	0	1	10	0	5	2	0	0	0	14
TCGA-AC-A8OS-01	4	13	6	5	4	10	13	24	0	0
TCGA-AN-A0XL-01	0	0	6	8	0	5	0	8	5	8
TCGA-AN-A0XN-01	12	2	8	10	21	25	43	15	10	29
TCGA-AN-A0XO-01	2	7	2	2	0	8	5	4	13	0
TCGA-AN-A0XP-01	4	5	6	0	0	8	1	0	2	8
TCGA-AN-A0XR-01	1	5	4	0	10	0	6	9	0	3
TCGA-AN-A0XS-01	0	7	4	0	10	0	2	1	5	3
TCGA-AN-A0XT-01	0	0	6	2	5	0	0	9	0	0
TCGA-AN-A0XU-01	16	5	3	5	0	9	38	37	1	23
TCGA-AN-A0XV-01	2	0	7	0	23	3	2	0	7	0
TCGA-AN-A0XW-01	180	142	0	15	86	0	0	0	0	0
TCGA-AO-A03M-01	484	335	0	164	144	0	0	0	23	0
TCGA-AO-A03N-01	32	28	14	48	10	2	0	0	0	0
TCGA-AO-A03U-01	1	0	0	4	0	0	0	0	0	0
TCGA-AO-A03V-01	2	6	0	8	39	0	0	6	11	0
TCGA-AO-A0JG-01	0	2	0	0	1	4	5	0	3	6
TCGA-AO-A124-01	8	1	15	17	0	13	59	10	10	45
TCGA-AO-A125-01	2	3	14	2	0	3	9	4	5	3
TCGA-AO-A126-01	0	4	0	0	0	0	0	19	2	0
TCGA-AO-A128-01	11	18	420	10	39	598	0	90	24	0
TCGA-AO-A129-01	21	13	6	4	1	19	25	26	0	29
TCGA-AO-A12A-01	0	5	9	0	0	1	0	0	0	4
TCGA-AO-A12B-01	0	1	8	0	0	2	6	6	0	0
TCGA-AO-A12D-01	7	19	5	8	0	0	0	9	25	0
TCGA-AO-A12E-01	0	2	12	0	4	0	5	3	7	0
TCGA-AO-A12F-01	0	0	19	0	1	3	7	0	1	9
TCGA-AO-A12G-01	3	3	5	6	0	4	0	21	0	0
TCGA-AO-A12H-01	0	0	4	3	0	3	0	16	4	0
TCGA-AO-A1KO-01	0	0	0	0	0	4	3	1	2	0
TCGA-AO-A1KR-01	7	6	8	0	8	8	35	10	2	5
TCGA-AO-A1KT-01	0	4	12	2	0	13	10	5	4	1
TCGA-AQ-A04H-01	5	3	32	0	0	6	0	22	7	6
TCGA-AQ-A0Y5-01	10	9	20	0	0	4	10	5	12	0
TCGA-AQ-A1H2-01	0	2	9	3	1	4	1	11	3	0
TCGA-AQ-A1H3-01	0	0	16	0	0	0	1	10	0	0
TCGA-AQ-A54O-01	0	4	9	0	1	1	5	0	0	5
TCGA-AQ-A7U7-01	28	31	8	2	0	6	0	8	13	0
TCGA-AR-A0TP-01	4	4	0	0	0	12	30	13	2	6
TCGA-AR-A0TQ-01	1	11	9	8	1	1	0	0	3	15
TCGA-AR-A0TR-01	0	2	9	0	9	8	3	0	11	0
TCGA-AR-A0TS-01	9	7	18	0	0	6	20	0	2	28
TCGA-AR-A0TT-01	5	9	19	6	4	10	15	1	6	0
TCGA-AR-A0TU-01	9	4	8	0	0	6	30	17	1	15
TCGA-AR-A0TV-01	1	3	11	10	17	2	6	29	0	0
TCGA-AR-A0TW-01	1	1	13	3	9	2	4	19	5	10
TCGA-AR-A0TX-01	151	143	0	23	36	0	0	0	54	0
TCGA-AR-A0TZ-01	13	10	11	3	0	2	0	4	14	10
TCGA-AR-A0U0-01	4	1	5	11	23	0	0	0	0	6
TCGA-AR-A0U1-01	13	0	4	17	0	21	27	1	0	26
TCGA-AR-A0U2-01	0	0	22	4	10	6	5	0	2	7
TCGA-AR-A0U3-01	0	0	12	0	6	3	0	0	13	6
TCGA-AR-A0U4-01	41	11	10	24	0	10	52	0	7	46
TCGA-AR-A1AH-01	7	4	13	0	2	22	16	7	0	49
TCGA-AR-A1AI-01	9	3	9	7	33	3	3	4	18	0
TCGA-AR-A1AJ-01	8	14	9	1	0	3	0	16	2	0
TCGA-AR-A1AK-01	18	13	10	13	0	2	0	11	11	4
TCGA-AR-A1AL-01	3	3	6	6	0	9	2	0	1	0
TCGA-AR-A1AN-01	3	0	9	6	1	1	0	11	0	0
TCGA-AR-A1AO-01	13	9	12	18	9	4	36	0	9	12
TCGA-AR-A1AP-01	3	3	14	3	13	0	0	4	11	0
TCGA-AR-A1AQ-01	1	1	10	2	7	6	14	0	0	0
TCGA-AR-A1AR-01	7	2	16	6	0	3	10	5	0	14
TCGA-AR-A1AS-01	1	10	7	7	9	3	4	0	0	0
TCGA-AR-A1AT-01	1	1	8	0	0	3	19	0	0	0
TCGA-AR-A1AU-01	0	0	7	6	0	3	3	7	0	0
TCGA-AR-A1AV-01	1	2	17	9	0	4	0	5	6	5
TCGA-AR-A1AW-01	1	2	9	3	7	7	6	0	0	6
TCGA-AR-A1AX-01	0	0	3	6	5	1	0	6	11	0
TCGA-AR-A1AY-01	4	6	12	11	8	6	5	13	3	4
TCGA-AR-A24H-01	18	7	8	5	13	2	45	18	0	36
TCGA-AR-A24K-01	0	0	3	0	0	4	12	11	4	0
TCGA-AR-A24L-01	4	1	2	3	13	3	22	2	0	3
TCGA-AR-A24M-01	0	1	5	0	0	8	0	3	0	8
TCGA-AR-A24N-01	0	6	13	0	6	4	5	6	4	3
TCGA-AR-A24O-01	1	0	3	0	0	2	1	12	1	2
TCGA-AR-A24P-01	0	0	4	0	1	2	0	4	8	0
TCGA-AR-A24Q-01	13	18	4	13	44	13	72	0	9	46
TCGA-AR-A24R-01	0	2	10	0	0	7	4	0	0	3
TCGA-AR-A24S-01	4	7	12	0	0	9	4	11	6	4
TCGA-AR-A24T-01	1	1	8	0	1	0	0	6	5	2
TCGA-AR-A24U-01	8	8	10	9	1	0	1	2	5	0
TCGA-AR-A24V-01	3	2	10	3	0	3	0	0	5	2
TCGA-AR-A24W-01	0	0	0	4	6	0	1	0	3	0
TCGA-AR-A24X-01	0	0	5	0	0	5	0	9	11	4
TCGA-AR-A24Z-01	3	3	12	5	0	2	9	9	0	13
TCGA-AR-A250-01	43	13	28	15	11	3	0	9	25	8
TCGA-AR-A251-01	31	6	10	6	0	17	79	11	4	41
TCGA-AR-A252-01	0	0	9	0	3	4	0	0	3	0
TCGA-AR-A254-01	1	3	9	0	0	0	0	11	15	3
TCGA-AR-A255-01	15	13	7	0	10	5	0	0	16	23
TCGA-AR-A256-01	10	11	7	38	36	12	81	11	0	18
TCGA-AR-A2LE-01	91	130	0	130	15	0	0	0	28	0
TCGA-AR-A2LH-01	9	17	2	19	15	0	0	0	9	0
TCGA-AR-A2LK-01	0	4	16	9	0	6	0	9	1	3
TCGA-AR-A2LL-01	0	0	6	3	0	0	0	25	1	2
TCGA-AR-A2LM-01	0	0	0	3	0	1	4	7	2	0
TCGA-AR-A2LN-01	3	12	5	14	0	4	0	0	16	0
TCGA-AR-A2LO-01	1	2	3	0	4	0	3	1	3	0
TCGA-AR-A2LQ-01	0	0	4	0	0	2	2	5	0	0
TCGA-AR-A2LR-01	1	2	13	3	4	2	10	10	5	20
TCGA-AR-A5QM-01	0	0	7	0	0	3	5	14	7	0
TCGA-AR-A5QN-01	0	5	18	0	7	6	0	0	11	2
TCGA-AR-A5QP-01	0	4	6	0	1	5	0	12	5	1
TCGA-AR-A5QQ-01	5	4	10	11	15	15	27	0	0	9
TCGA-B6-A0I1-01	1	5	5	2	0	0	12	50	5	0
TCGA-B6-A0IH-01	0	2	14	0	7	6	0	0	10	2
TCGA-B6-A0RH-01	5	8	1	8	0	0	0	23	0	0
TCGA-B6-A0RL-01	4	13	22	4	6	4	8	1	2	5
TCGA-B6-A0RM-01	0	6	10	0	5	3	1	8	3	0
TCGA-B6-A0RN-01	0	2	11	2	1	6	3	7	1	0
TCGA-B6-A0RO-01	1	3	2	0	7	7	11	0	12	0
TCGA-B6-A0RP-01	0	0	8	3	3	2	0	0	3	11
TCGA-B6-A0RQ-01	2	9	6	22	2	6	0	7	2	0
TCGA-B6-A0RT-01	12	3	4	0	29	0	9	0	0	15
TCGA-B6-A0RU-01	1	3	10	10	0	12	9	0	10	3
TCGA-B6-A0RV-01	20	25	3	3	0	0	0	16	0	0
TCGA-B6-A0WS-01	1	1	2	2	0	9	0	0	0	3
TCGA-B6-A0WT-01	0	0	6	3	0	6	0	0	7	0
TCGA-B6-A0WV-01	4	0	2	7	0	5	6	13	0	0
TCGA-B6-A0WW-01	3	6	11	8	0	4	5	0	2	8
TCGA-B6-A0WX-01	2	0	8	0	0	6	4	10	4	11
TCGA-B6-A0WY-01	2	5	8	0	3	7	6	0	4	0
TCGA-B6-A0WZ-01	15	40	1	16	20	0	0	0	3	0
TCGA-B6-A0X0-01	0	1	3	4	0	0	0	7	3	7
TCGA-B6-A0X1-01	12	2	2	15	6	14	24	3	14	0
TCGA-B6-A0X4-01	0	0	4	1	0	0	0	0	15	2
TCGA-B6-A0X5-01	1	3	2	7	0	8	0	0	13	14
TCGA-B6-A0X7-01	1	3	5	5	0	0	0	9	0	0
TCGA-B6-A1KN-01	3	1	11	7	0	9	0	7	2	32
TCGA-B6-A2IU-01	0	12	10	0	6	6	0	0	20	0
TCGA-B6-A401-01	1	0	10	0	5	1	3	3	5	0
TCGA-B6-A409-01	2	3	11	0	7	3	3	12	7	8
TCGA-B6-A40B-01	2	12	9	1	19	3	8	0	7	5
TCGA-B6-A40C-01	1	3	12	5	0	1	0	30	0	2
TCGA-BH-A0AU-01	0	1	4	0	10	0	0	5	0	3
TCGA-BH-A0AV-01	9	3	1	4	14	11	33	4	8	0
TCGA-BH-A0AY-01	1	5	6	1	3	0	1	12	10	7
TCGA-BH-A0AZ-01	5	12	0	0	22	2	7	0	2	20
TCGA-BH-A0B0-01	17	37	6	29	0	0	0	0	10	0
TCGA-BH-A0B3-01	1	1	7	2	0	0	5	0	0	2
TCGA-BH-A0B6-01	393	444	0	171	179	0	0	0	103	0
TCGA-BH-A0B7-01	6	3	12	2	0	1	3	0	12	3
TCGA-BH-A0B8-01	0	3	0	11	9	0	4	7	0	0
TCGA-BH-A0BA-01	3	5	5	0	0	4	6	5	1	0
TCGA-BH-A0BC-01	3	7	10	11	0	1	0	13	0	0
TCGA-BH-A0BF-01	6	1	7	0	0	4	2	5	2	6
TCGA-BH-A0BG-01	3	6	7	0	0	3	18	0	0	8
TCGA-BH-A0BJ-01	0	0	1	3	0	1	0	3	0	9
TCGA-BH-A0BL-01	3	0	10	3	0	0	19	11	2	21
TCGA-BH-A0BM-01	0	3	2	0	2	0	0	0	1	11
TCGA-BH-A0BO-01	2	0	3	0	10	9	0	3	4	0
TCGA-BH-A0BP-01	30	16	27	14	0	4	27	13	41	24
TCGA-BH-A0BQ-01	0	3	8	0	5	0	0	3	2	9
TCGA-BH-A0BS-01	0	2	3	0	2	3	8	5	0	0
TCGA-BH-A0BT-01	1	3	14	10	0	7	8	0	5	0
TCGA-BH-A0BV-01	0	3	1	0	7	0	0	7	6	0
TCGA-BH-A0BW-01	3	10	4	0	31	14	22	17	2	0
TCGA-BH-A0BZ-01	30	10	22	16	3	25	111	7	3	69
TCGA-BH-A0C0-01	1	4	5	0	2	11	16	0	6	3
TCGA-BH-A0C1-01	0	8	16	0	18	4	0	1	0	3
TCGA-BH-A0C3-01	0	0	0	0	0	5	0	12	0	1
TCGA-BH-A0C7-01	3	1	10	2	0	5	0	32	2	3
TCGA-BH-A0DD-01	3	3	15	4	0	5	0	4	3	0
TCGA-BH-A0DE-01	0	2	0	6	4	0	4	14	1	2
TCGA-BH-A0DG-01	8	4	0	3	3	6	0	4	15	4
TCGA-BH-A0DH-01	0	11	13	0	11	2	0	6	9	0
TCGA-BH-A0DI-01	10	10	12	5	0	2	15	3	3	2
TCGA-BH-A0DK-01	3	3	6	2	0	4	5	9	1	20
TCGA-BH-A0DL-01	3	13	18	0	15	6	0	0	2	8
TCGA-BH-A0DO-01	3	3	6	0	0	3	6	0	9	0
TCGA-BH-A0DP-01	0	3	2	5	0	1	7	0	0	1
TCGA-BH-A0DQ-01	1	1	11	0	8	4	3	3	0	4
TCGA-BH-A0DT-01	0	3	3	0	1	0	2	6	0	0
TCGA-BH-A0DV-01	0	3	0	0	4	1	5	2	0	0
TCGA-BH-A0DX-01	13	27	6	0	0	0	0	20	4	7
TCGA-BH-A0DZ-01	84	60	0	54	9	0	0	0	10	0
TCGA-BH-A0E0-01	1	0	10	4	0	0	1	4	4	0
TCGA-BH-A0E1-01	3	1	2	1	0	0	0	10	2	0
TCGA-BH-A0E9-01	0	1	13	0	0	2	6	0	3	3
TCGA-BH-A0EA-01	0	3	4	0	9	2	0	6	8	0
TCGA-BH-A0EI-01	0	0	8	7	1	4	1	3	0	0
TCGA-BH-A0H3-01	0	1	0	0	0	0	0	16	0	0
TCGA-BH-A0H5-01	50	51	0	40	5	0	0	0	23	0
TCGA-BH-A0H7-01	3	1	1	0	0	3	0	8	1	0
TCGA-BH-A0H9-01	0	3	1	0	0	3	6	4	3	3
TCGA-BH-A0HA-01	10	19	103	19	27	149	0	55	0	0
TCGA-BH-A0HI-01	1	5	6	5	0	1	0	10	1	6
TCGA-BH-A0HK-01	7	18	11	22	2	0	0	1	2	0
TCGA-BH-A0HN-01	1	3	10	6	0	0	2	7	5	0
TCGA-BH-A0HP-01	112	100	1	115	29	0	0	0	0	0
TCGA-BH-A0RX-01	1	3	23	2	0	3	2	6	9	0
TCGA-BH-A0W3-01	2	3	3	0	0	1	4	4	0	6
TCGA-BH-A0W4-01	3	5	2	0	0	5	1	9	14	0
TCGA-BH-A0W5-01	0	0	10	0	2	4	0	0	2	11
TCGA-BH-A0W7-01	93	93	0	32	43	0	0	0	0	0
TCGA-BH-A0WA-01	6	8	5	26	0	12	39	12	0	5
TCGA-BH-A18F-01	0	12	6	20	0	0	0	24	5	0
TCGA-BH-A18G-01	0	13	468	0	320	811	0	23	33	0
TCGA-BH-A18H-01	2	5	0	10	19	7	0	6	5	0
TCGA-BH-A18I-01	2	3	15	6	0	0	0	0	5	0
TCGA-BH-A18J-01	26	49	7	0	13	6	1	0	0	9
TCGA-BH-A18K-01	10	14	2	0	18	4	6	0	14	0
TCGA-BH-A18L-01	3	0	22	5	0	7	7	6	9	6
TCGA-BH-A18M-01	2	2	6	3	3	0	0	0	2	0
TCGA-BH-A18N-01	1	0	14	0	0	12	4	7	2	3
TCGA-BH-A18P-01	140	153	10	80	0	0	0	0	55	0
TCGA-BH-A18Q-01	5	1	0	10	19	4	34	18	0	16
TCGA-BH-A18R-01	1	3	0	8	6	3	14	7	0	0
TCGA-BH-A18S-01	3	0	3	0	0	12	6	0	7	6
TCGA-BH-A18T-01	8	6	4	0	24	6	44	4	5	1
TCGA-BH-A18U-01	25	43	21	33	16	11	12	17	0	0
TCGA-BH-A18V-01	59	22	0	35	24	9	57	4	2	38
TCGA-BH-A1EO-01	0	7	22	0	0	0	6	12	3	0
TCGA-BH-A1ET-01	0	2	8	0	3	5	4	2	0	9
TCGA-BH-A1EU-01	1	0	1	9	0	6	0	17	0	0
TCGA-BH-A1EV-01	28	25	17	20	6	6	5	0	22	0
TCGA-BH-A1EW-01	0	2	1	8	1	3	0	1	5	0
TCGA-BH-A1EX-01	0	0	8	3	0	7	4	2	9	2
TCGA-BH-A1EY-01	7	4	6	0	18	5	1	3	11	0
TCGA-BH-A1F0-01	12	0	4	15	34	1	2	5	13	9
TCGA-BH-A1F2-01	5	9	22	10	10	1	0	0	1	13
TCGA-BH-A1F5-01	0	3	9	7	0	0	4	11	4	6
TCGA-BH-A1F6-01	2	4	12	2	13	3	11	5	1	0
TCGA-BH-A1F8-01	40	66	10	35	18	0	0	9	6	8
TCGA-BH-A1FC-01	22	14	18	8	0	12	20	20	6	10
TCGA-BH-A1FE-01	0	3	3	4	5	0	0	0	2	9
TCGA-BH-A1FG-01	0	0	5	3	7	2	0	4	0	0
TCGA-BH-A1FH-01	1	2	3	7	0	0	0	20	0	0
TCGA-BH-A1FJ-01	0	1	8	11	2	0	0	23	0	0
TCGA-BH-A1FL-01	0	2	9	4	3	4	0	0	4	0
TCGA-BH-A1FM-01	7	10	15	5	1	0	4	8	12	0
TCGA-BH-A1FN-01	39	34	3	0	18	3	15	6	0	28
TCGA-BH-A1FR-01	1	0	5	3	0	2	5	0	1	0
TCGA-BH-A1FU-01	13	4	7	8	16	21	19	9	16	5
TCGA-BH-A201-01	0	1	3	6	0	9	0	0	2	6
TCGA-BH-A202-01	0	3	7	0	0	3	5	0	0	10
TCGA-BH-A203-01	12	13	27	0	0	7	1	21	18	0
TCGA-BH-A204-01	5	1	9	7	0	5	6	8	6	5
TCGA-BH-A208-01	19	15	8	8	0	2	9	12	9	0
TCGA-BH-A209-01	43	26	0	15	25	0	0	0	10	0
TCGA-BH-A28Q-01	1	2	11	2	3	1	2	0	0	4
TCGA-BH-A2L8-01	236	258	0	47	41	0	0	0	46	0
TCGA-BH-A42U-01	3	10	0	0	0	0	0	9	10	0
TCGA-BH-A42V-01	14	20	4	7	0	0	0	6	4	0
TCGA-BH-A5IZ-01	4	5	8	11	8	5	23	19	2	11
TCGA-BH-A5J0-01	9	31	12	24	12	4	0	0	10	0
TCGA-BH-A6R8-01	2	2	8	8	0	2	0	13	2	0
TCGA-BH-A6R9-01	0	0	4	0	0	0	10	0	7	4
TCGA-BH-A8FY-01	4	1	5	10	6	5	15	4	4	2
TCGA-BH-A8FZ-01	6	9	14	2	0	16	23	0	0	21
TCGA-BH-A8G0-01	0	0	6	4	0	4	0	0	3	0
TCGA-BH-AB28-01	0	6	16	0	6	7	2	0	4	2
TCGA-C8-A12K-01	47	10	5	21	0	14	45	21	0	10
TCGA-C8-A12L-01	2	3	7	1	21	0	34	14	3	4
TCGA-C8-A12M-01	1	0	17	0	9	9	12	12	22	0
TCGA-C8-A12N-01	3	1	9	0	0	3	1	4	0	6
TCGA-C8-A12O-01	1	1	15	7	0	0	0	19	6	0
TCGA-C8-A12P-01	52	45	20	33	5	9	3	3	18	14
TCGA-C8-A12Q-01	28	33	2	13	30	4	0	0	27	2
TCGA-C8-A12T-01	81	64	3	14	18	0	0	22	12	0
TCGA-C8-A12U-01	4	5	16	0	10	0	8	11	0	7
TCGA-C8-A12V-01	2	2	0	1	12	8	9	18	0	0
TCGA-C8-A12W-01	4	1	24	2	0	3	0	35	8	0
TCGA-C8-A12X-01	0	0	24	4	16	4	3	0	11	3
TCGA-C8-A12Y-01	0	2	20	1	10	13	0	0	0	0
TCGA-C8-A12Z-01	10	8	12	9	3	3	3	4	9	0
TCGA-C8-A130-01	4	3	17	1	0	7	0	14	8	0
TCGA-C8-A131-01	0	7	12	4	5	8	14	0	17	7
TCGA-C8-A132-01	20	8	2	9	11	1	7	26	0	0
TCGA-C8-A133-01	0	4	0	0	1	5	1	5	7	10
TCGA-C8-A134-01	8	1	6	2	0	10	41	10	0	39
TCGA-C8-A135-01	5	4	29	0	8	8	0	11	5	7
TCGA-C8-A137-01	11	7	2	13	0	0	0	17	12	0
TCGA-C8-A138-01	0	0	9	0	0	4	0	11	10	18
TCGA-C8-A1HE-01	8	19	7	3	2	3	4	3	5	0
TCGA-C8-A1HF-01	5	7	6	3	7	3	3	0	5	0
TCGA-C8-A1HG-01	3	3	25	11	0	9	8	0	8	2
TCGA-C8-A1HI-01	8	8	5	3	3	2	0	43	0	0
TCGA-C8-A1HJ-01	12	2	11	1	0	19	48	2	0	29
TCGA-C8-A1HK-01	20	6	8	0	15	4	3	0	9	8
TCGA-C8-A1HL-01	0	0	9	2	7	4	0	0	1	14
TCGA-C8-A1HM-01	189	89	13	86	47	0	0	0	24	0
TCGA-C8-A1HN-01	1	3	15	5	0	6	5	17	4	14
TCGA-C8-A1HO-01	2	8	2	7	11	1	0	13	0	5
TCGA-C8-A26V-01	30	20	11	0	8	7	4	0	13	3
TCGA-C8-A26W-01	9	13	3	6	15	4	0	0	19	0
TCGA-C8-A26X-01	2	3	20	3	3	4	9	0	9	22
TCGA-C8-A26Y-01	301	286	0	118	85	1	0	0	45	80
TCGA-C8-A26Z-01	0	2	17	0	0	0	15	0	9	6
TCGA-C8-A273-01	1	0	3	1	0	1	2	13	3	0
TCGA-C8-A274-01	77	118	16	0	37	6	4	0	6	17
TCGA-C8-A275-01	41	28	1	9	38	0	0	0	25	0
TCGA-C8-A278-01	5	7	5	1	6	1	1	19	5	3
TCGA-C8-A27A-01	3	6	6	0	0	0	0	3	10	12
TCGA-C8-A27B-01	64	5	6	20	0	12	48	0	7	0
TCGA-C8-A3M7-01	25	73	17	57	30	0	0	0	19	0
TCGA-C8-A3M8-01	4	5	7	0	25	7	5	9	0	0
TCGA-C8-A8HP-01	83	81	7	35	36	0	0	0	31	0
TCGA-C8-A8HQ-01	115	135	14	26	28	0	0	12	42	0
TCGA-C8-A8HR-01	2	2	14	3	0	11	15	0	7	6
TCGA-C8-A9FZ-01	2	1	12	0	4	2	6	0	2	0
TCGA-D8-A13Y-01	5	10	4	6	27	8	5	7	10	0
TCGA-D8-A13Z-01	13	2	22	9	5	0	34	0	5	13
TCGA-D8-A140-01	0	19	20	25	30	10	0	15	7	8
TCGA-D8-A141-01	0	0	6	1	1	0	4	2	3	4
TCGA-D8-A142-01	12	1	27	9	12	6	27	48	13	11
TCGA-D8-A143-01	1	3	12	0	2	1	26	12	0	4
TCGA-D8-A145-01	2	1	15	0	8	7	8	4	0	2
TCGA-D8-A146-01	0	4	10	7	0	9	0	3	7	1
TCGA-D8-A147-01	40	12	0	20	17	10	59	13	16	13
TCGA-D8-A1J8-01	193	218	65	78	263	69	0	0	75	0
TCGA-D8-A1J9-01	86	93	0	2	42	0	0	0	51	4
TCGA-D8-A1JB-01	4	4	4	0	0	7	12	7	7	18
TCGA-D8-A1JC-01	25	24	2	22	13	0	0	24	12	0
TCGA-D8-A1JD-01	12	9	4	7	18	8	39	15	0	10
TCGA-D8-A1JE-01	1	2	6	1	0	5	0	14	0	11
TCGA-D8-A1JF-01	2	3	9	0	5	7	7	15	1	0
TCGA-D8-A1JG-01	8	4	24	10	0	1	0	5	41	76
TCGA-D8-A1JH-01	0	2	4	3	0	5	0	3	0	7
TCGA-D8-A1JI-01	0	0	1	11	8	6	0	10	4	2
TCGA-D8-A1JJ-01	12	29	12	2	26	4	0	1	12	0
TCGA-D8-A1JK-01	7	14	10	36	24	37	12	10	5	94
TCGA-D8-A1JL-01	8	3	0	0	22	18	32	23	11	10
TCGA-D8-A1JM-01	2	1	8	0	0	1	4	12	12	13
TCGA-D8-A1JN-01	38	70	9	29	22	0	0	0	40	0
TCGA-D8-A1JP-01	7	1	0	21	29	14	36	7	1	19
TCGA-D8-A1JS-01	0	2	4	2	0	4	3	8	5	1
TCGA-D8-A1JT-01	0	0	9	0	3	1	9	14	3	2
TCGA-D8-A1JU-01	0	1	3	0	0	5	1	10	0	0
TCGA-D8-A1X5-01	4	3	14	3	0	7	0	3	1	31
TCGA-D8-A1X6-01	0	3	18	1	0	2	11	0	0	7
TCGA-D8-A1X7-01	1	0	2	7	0	1	1	12	7	1
TCGA-D8-A1X9-01	7	2	0	0	15	13	8	22	0	35
TCGA-D8-A1XA-01	0	0	6	9	0	5	0	3	1	4
TCGA-D8-A1XB-01	2	7	18	0	0	8	2	0	7	6
TCGA-D8-A1XC-01	0	0	11	11	5	2	0	0	0	5
TCGA-D8-A1XF-01	2	0	18	11	0	1	0	0	10	9
TCGA-D8-A1XG-01	0	1	0	0	7	8	4	3	4	0
TCGA-D8-A1XK-01	11	5	81	10	0	1030	13	117	0	33
TCGA-D8-A1XL-01	6	4	8	3	0	17	30	9	4	29
TCGA-D8-A1XM-01	4	10	6	19	0	0	0	16	9	0
TCGA-D8-A1XO-01	5	6	4	0	0	1	2	8	0	3
TCGA-D8-A1XQ-01	20	19	174	16	73	435	119	126	37	12
TCGA-D8-A1XR-01	0	2	9	7	5	9	0	0	0	0
TCGA-D8-A1XS-01	1	3	6	5	0	0	1	3	7	0
TCGA-D8-A1XT-01	1	1	14	12	3	2	6	0	4	2
TCGA-D8-A1XU-01	2	11	4	0	6	1	7	1	3	0
TCGA-D8-A1XV-01	3	1	7	0	2	2	0	19	1	1
TCGA-D8-A1XW-01	9	8	6	0	5	12	50	25	5	2
TCGA-D8-A1XY-01	1	5	25	11	0	3	2	4	3	5
TCGA-D8-A1XZ-01	7	1	29	2	22	0	6	18	11	0
TCGA-D8-A1Y0-01	9	4	1	0	13	7	13	17	8	9
TCGA-D8-A1Y1-01	1	17	105	6	0	16	0	88	0	0
TCGA-D8-A1Y2-01	3	7	5	0	0	0	0	7	0	0
TCGA-D8-A1Y3-01	0	3	29	0	0	4	14	14	3	0
TCGA-D8-A27E-01	0	0	1	5	1	0	3	0	1	0
TCGA-D8-A27F-01	10	2	0	0	5	5	17	16	0	15
TCGA-D8-A27G-01	441	443	0	211	0	0	0	0	81	0
TCGA-D8-A27H-01	44	8	5	20	0	10	59	14	0	0
TCGA-D8-A27I-01	4	5	5	1	0	2	3	16	0	0
TCGA-D8-A27K-01	2	0	6	1	0	2	1	6	1	2
TCGA-D8-A27L-01	2	10	6	14	13	0	0	0	8	0
TCGA-D8-A27M-01	10	3	9	1	5	2	11	0	7	42
TCGA-D8-A27N-01	2	2	18	7	0	5	0	9	6	11
TCGA-D8-A27P-01	0	2	9	2	6	5	5	0	1	0
TCGA-D8-A27R-01	3	1	4	3	1	1	12	4	6	0
TCGA-D8-A27T-01	0	3	15	8	0	4	1	0	0	0
TCGA-D8-A27V-01	67	57	0	20	48	0	0	0	43	0
TCGA-D8-A27W-01	1	3	25	0	11	1	0	10	4	0
TCGA-D8-A3Z6-01	1	6	12	0	3	7	4	2	0	2
TCGA-D8-A4Z1-01	6	21	3	0	1	0	1	0	14	0
TCGA-D8-A73U-01	28	86	7	45	38	0	0	0	3	0
TCGA-D8-A73W-01	1	3	25	1	7	4	6	0	0	5
TCGA-D8-A73X-01	0	7	11	0	0	10	0	20	4	0
TCGA-E2-A105-01	0	5	15	12	15	6	11	3	0	0
TCGA-E2-A107-01	0	7	6	0	0	5	0	11	5	2
TCGA-E2-A108-01	68	49	2	26	0	11	9	17	0	4
TCGA-E2-A109-01	0	0	18	14	9	8	3	0	3	29
TCGA-E2-A10A-01	3	5	5	5	2	3	4	0	0	1
TCGA-E2-A10B-01	11	15	8	14	7	10	2	3	3	0
TCGA-E2-A10C-01	168	208	0	104	0	0	0	0	39	0
TCGA-E2-A10F-01	1	3	11	2	0	3	0	2	5	3
TCGA-E2-A14N-01	15	8	7	0	0	6	43	5	15	10
TCGA-E2-A14O-01	0	1	12	0	0	0	0	2	13	8
TCGA-E2-A14P-01	7	16	24	14	3	8	0	3	18	19
TCGA-E2-A14Q-01	1	5	12	0	0	2	0	4	0	16
TCGA-E2-A14R-01	12	0	3	12	29	13	30	15	6	23
TCGA-E2-A14T-01	5	5	10	0	0	6	0	11	5	1
TCGA-E2-A14V-01	32	22	15	1	15	4	4	27	21	0
TCGA-E2-A14W-01	8	1	2	4	28	3	32	0	17	7
TCGA-E2-A14X-01	2	5	19	4	0	0	1	3	3	0
TCGA-E2-A14Y-01	12	14	7	4	4	2	4	2	0	1
TCGA-E2-A14Z-01	5	20	7	13	10	0	10	7	10	13
TCGA-E2-A150-01	3	5	20	0	6	9	18	0	7	23
TCGA-E2-A152-01	40	38	0	22	41	0	0	0	30	0
TCGA-E2-A153-01	0	6	9	0	0	1	0	7	3	0
TCGA-E2-A154-01	1	1	14	0	0	0	0	12	9	21
TCGA-E2-A155-01	4	12	18	1	5	8	6	0	7	20
TCGA-E2-A156-01	0	3	2	5	5	2	0	8	0	0
TCGA-E2-A158-01	4	0	2	0	21	4	39	20	1	6
TCGA-E2-A159-01	49	50	0	9	89	0	0	0	4	0
TCGA-E2-A15A-01	1	1	11	11	7	1	0	3	0	27
TCGA-E2-A15C-01	0	2	17	2	12	3	6	4	4	0
TCGA-E2-A15D-01	2	0	10	0	0	7	0	9	2	4
TCGA-E2-A15E-01	5	1	7	0	0	9	3	14	0	1
TCGA-E2-A15F-01	1	0	8	0	0	2	5	6	6	0
TCGA-E2-A15G-01	0	8	8	0	0	8	12	24	13	0
TCGA-E2-A15H-01	0	0	11	0	10	3	2	0	7	0
TCGA-E2-A15I-01	0	3	13	9	0	0	3	12	0	3
TCGA-E2-A15J-01	0	0	8	3	1	2	5	0	0	3
TCGA-E2-A15K-01	2	0	11	3	6	4	0	10	11	6
TCGA-E2-A15L-01	3	0	9	4	0	4	0	12	2	0
TCGA-E2-A15M-01	11	17	22	3	28	3	6	0	5	13
TCGA-E2-A15O-01	0	2	4	2	0	1	2	21	2	0
TCGA-E2-A15P-01	0	2	9	0	0	6	1	0	5	5
TCGA-E2-A15R-01	0	4	15	1	1	0	4	3	16	3
TCGA-E2-A15S-01	3	8	0	0	10	10	10	21	0	6
TCGA-E2-A15T-01	2	1	5	0	1	2	0	26	3	0
TCGA-E2-A1AZ-01	13	8	2	0	29	4	4	0	19	0
TCGA-E2-A1B0-01	4	5	13	0	0	14	3	2	19	0
TCGA-E2-A1B1-01	14	9	6	28	0	0	0	9	0	0
TCGA-E2-A1B4-01	0	4	5	14	10	2	0	0	4	3
TCGA-E2-A1B5-01	7	13	9	0	5	2	0	2	8	0
TCGA-E2-A1B6-01	3	1	9	0	0	3	23	9	0	8
TCGA-E2-A1BC-01	0	0	8	0	20	1	2	0	1	9
TCGA-E2-A1BD-01	1	0	16	3	0	0	0	7	2	14
TCGA-E2-A1IE-01	0	0	6	0	5	2	8	6	3	0
TCGA-E2-A1IF-01	0	0	3	0	0	6	1	8	1	5
TCGA-E2-A1IG-01	0	5	5	14	0	1	0	22	10	0
TCGA-E2-A1IH-01	16	15	5	5	8	12	0	14	6	4
TCGA-E2-A1II-01	2	0	11	0	0	3	18	0	0	0
TCGA-E2-A1IJ-01	0	0	3	0	0	0	0	11	0	4
TCGA-E2-A1IK-01	2	0	2	0	0	2	0	4	7	0
TCGA-E2-A1IL-01	0	0	8	0	0	2	2	0	9	10
TCGA-E2-A1IN-01	89	76	14	33	12	8	15	1	0	0
TCGA-E2-A1IO-01	0	1	5	0	0	0	0	8	2	0
TCGA-E2-A1IU-01	1	5	3	0	0	0	9	0	13	0
TCGA-E2-A1L6-01	0	2	3	2	2	5	3	0	10	1
TCGA-E2-A1L7-01	4	1	0	5	0	8	13	33	0	17
TCGA-E2-A1L8-01	3	4	2	0	0	6	0	17	2	4
TCGA-E2-A1L9-01	0	3	7	0	0	4	7	0	4	3
TCGA-E2-A1LA-01	5	3	8	0	23	16	48	0	4	0
TCGA-E2-A1LB-01	7	7	1	19	16	0	0	5	0	0
TCGA-E2-A1LG-01	88	33	0	42	28	0	0	0	28	0
TCGA-E2-A1LH-01	44	10	8	30	0	21	66	21	2	29
TCGA-E2-A1LI-01	7	5	2	1	0	2	8	0	4	8
TCGA-E2-A1LK-01	4	0	33	0	0	3	0	0	14	0
TCGA-E2-A1LL-01	7	0	11	3	0	7	16	7	0	10
TCGA-E2-A2P6-01	30	61	21	64	0	3	0	0	7	0
TCGA-E2-A56Z-01	0	2	8	1	4	10	5	22	8	0
TCGA-E2-A570-01	1	0	9	0	0	1	8	2	9	0
TCGA-E2-A572-01	1	1	6	2	0	3	0	16	0	0
TCGA-E2-A573-01	2	1	13	7	14	8	14	0	1	12
TCGA-E2-A574-01	27	26	22	23	6	3	14	1	34	0
TCGA-E2-A576-01	0	0	18	4	8	0	5	21	11	3
TCGA-E2-A9RU-01	8	4	37	35	0	8	0	0	10	5
TCGA-E9-A1N3-01	2	1	2	0	7	4	0	7	0	8
TCGA-E9-A1N4-01	6	2	3	7	0	1	0	10	5	0
TCGA-E9-A1N5-01	6	9	3	0	4	8	7	2	0	0
TCGA-E9-A1N8-01	7	3	0	0	0	9	0	0	10	7
TCGA-E9-A1N9-01	1	8	16	0	0	5	17	0	0	19
TCGA-E9-A1NA-01	12	6	6	2	18	1	20	4	23	25
TCGA-E9-A1NE-01	3	4	7	0	0	3	34	0	0	11
TCGA-E9-A1NF-01	2	17	3	0	10	1	3	10	15	0
TCGA-E9-A1NG-01	0	1	3	0	6	0	1	9	1	0
TCGA-E9-A1NH-01	1	1	5	3	1	7	0	16	0	3
TCGA-E9-A1QZ-01	0	0	3	0	0	3	0	6	0	11
TCGA-E9-A1R0-01	4	3	12	5	3	0	0	0	8	0
TCGA-E9-A1R2-01	14	1	5	0	0	12	18	7	3	6
TCGA-E9-A1R3-01	0	3	5	0	0	4	8	1	4	0
TCGA-E9-A1R4-01	21	38	3	30	59	0	0	0	2	0
TCGA-E9-A1R5-01	2	3	3	0	0	4	1	32	6	0
TCGA-E9-A1R6-01	1	0	9	7	0	2	1	5	8	3
TCGA-E9-A1R7-01	1	9	8	0	23	2	8	0	3	9
TCGA-E9-A1RA-01	0	5	4	0	0	1	1	6	3	5
TCGA-E9-A1RB-01	0	0	9	1	4	11	6	0	0	7
TCGA-E9-A1RC-01	1	0	17	3	0	9	9	6	9	1
TCGA-E9-A1RD-01	0	5	5	0	8	0	4	0	1	0
TCGA-E9-A1RE-01	0	2	22	7	10	7	3	9	6	0
TCGA-E9-A1RF-01	15	3	21	12	13	2	48	19	5	32
TCGA-E9-A1RG-01	4	3	4	5	0	6	7	10	2	0
TCGA-E9-A1RH-01	9	6	17	9	0	9	25	8	13	15
TCGA-E9-A1RI-01	0	5	4	0	2	1	0	7	2	8
TCGA-E9-A226-01	21	10	9	27	0	1	0	0	11	0
TCGA-E9-A227-01	1	0	2	9	0	0	6	0	1	0
TCGA-E9-A228-01	5	4	23	14	0	1	1	0	0	4
TCGA-E9-A229-01	5	1	10	6	0	2	3	0	0	3
TCGA-E9-A22A-01	4	3	3	10	0	0	7	9	0	0
TCGA-E9-A22B-01	3	7	17	16	0	4	5	15	5	4
TCGA-E9-A22D-01	3	1	12	4	0	0	0	10	10	0
TCGA-E9-A22E-01	22	8	5	22	16	4	27	23	0	17
TCGA-E9-A22G-01	8	1	5	3	0	31	32	0	6	31
TCGA-E9-A22H-01	0	2	12	3	0	2	3	1	3	0
TCGA-E9-A243-01	10	4	2	9	11	12	26	12	3	0
TCGA-E9-A244-01	4	4	18	0	5	11	32	23	0	24
TCGA-E9-A245-01	0	0	0	6	3	1	0	4	1	8
TCGA-E9-A247-01	0	0	28	0	6	4	6	0	3	0
TCGA-E9-A248-01	1	5	14	0	0	3	0	0	0	5
TCGA-E9-A249-01	0	1	12	0	0	3	4	2	2	1
TCGA-E9-A24A-01	0	0	5	0	0	0	0	3	4	10
TCGA-E9-A295-01	2	1	23	6	0	0	0	18	0	59
TCGA-E9-A2JS-01	0	3	36	0	0	0	0	0	10	40
TCGA-E9-A2JT-01	10	11	0	0	6	0	0	0	0	1
TCGA-E9-A3HO-01	6	3	0	0	7	7	26	17	6	0
TCGA-E9-A3QA-01	13	8	0	0	12	0	19	6	4	0
TCGA-E9-A3X8-01	5	1	7	8	1	0	9	4	2	0
TCGA-E9-A54Y-01	0	12	15	15	15	0	0	0	0	1
TCGA-E9-A5FK-01	1	2	7	3	5	2	4	6	3	6
TCGA-E9-A5FL-01	15	7	11	6	30	14	30	0	6	14
TCGA-E9-A5UO-01	0	0	10	4	11	1	5	7	0	0
TCGA-E9-A6HE-01	0	0	9	8	2	2	0	0	1	0
TCGA-EW-A1IW-01	24	44	21	0	0	1	20	1	0	16
TCGA-EW-A1IX-01	13	10	0	5	11	0	2	0	1	0
TCGA-EW-A1IY-01	1	9	0	8	2	3	0	0	15	0
TCGA-EW-A1IZ-01	0	8	153	0	39	145	0	50	40	0
TCGA-EW-A1J1-01	0	0	10	0	0	0	6	0	5	2
TCGA-EW-A1J3-01	0	0	5	15	0	4	4	0	0	2
TCGA-EW-A1J5-01	169	219	0	112	33	0	0	0	7	0
TCGA-EW-A1J6-01	0	2	6	0	0	0	4	18	0	14
TCGA-EW-A1OV-01	31	61	7	25	0	0	3	11	2	0
TCGA-EW-A1OX-01	3	1	5	8	0	1	3	0	0	0
TCGA-EW-A1OZ-01	4	7	24	3	0	5	9	0	10	14
TCGA-EW-A1P0-01	0	0	0	0	9	5	1	8	1	4
TCGA-EW-A1P1-01	0	0	0	0	0	0	0	3	0	0
TCGA-EW-A1P3-01	0	1	5	8	0	1	1	12	0	0
TCGA-EW-A1P4-01	9	0	4	0	8	9	16	26	4	1
TCGA-EW-A1P5-01	2	0	13	0	0	1	0	0	0	4
TCGA-EW-A1P6-01	0	0	3	6	0	2	0	15	0	0
TCGA-EW-A1P7-01	0	0	0	0	6	2	11	0	0	0
TCGA-EW-A1P8-01	0	0	6	2	4	4	15	0	8	0
TCGA-EW-A1PA-01	3	1	6	7	0	4	8	0	12	0
TCGA-EW-A1PB-01	52	18	4	45	8	0	33	5	0	17
TCGA-EW-A1PD-01	10	6	0	2	11	9	30	0	12	13
TCGA-EW-A1PE-01	0	7	8	0	5	4	6	0	5	3
TCGA-EW-A1PG-01	0	0	2	2	0	2	0	0	5	0
TCGA-EW-A1PH-01	4	3	16	0	6	5	10	0	15	3
TCGA-EW-A2FR-01	9	4	9	9	0	1	7	7	7	1
TCGA-EW-A2FS-01	1	0	9	4	0	10	0	9	2	10
TCGA-EW-A2FV-01	0	1	1	0	3	3	0	10	12	2
TCGA-EW-A2FW-01	0	3	16	1	0	0	0	0	0	6
TCGA-EW-A423-01	10	9	25	12	0	8	14	0	10	0
TCGA-EW-A6S9-01	1	3	9	2	0	3	3	4	2	4
TCGA-EW-A6SA-01	7	10	18	3	11	10	12	13	20	19
TCGA-EW-A6SB-01	6	0	15	9	0	16	14	5	16	0
TCGA-EW-A6SC-01	0	8	5	0	9	9	5	3	0	0
TCGA-EW-A6SD-01	13	17	11	0	5	10	0	1	1	10
TCGA-GI-A2C8-01	16	8	22	0	1	10	46	8	0	37
TCGA-GM-A2D9-01	160	224	0	172	76	0	0	0	13	0
TCGA-GM-A2DA-01	6	2	6	5	0	1	0	22	3	0
TCGA-GM-A2DB-01	7	3	13	15	5	6	11	36	4	28
TCGA-GM-A2DC-01	0	0	11	4	0	0	0	12	0	0
TCGA-GM-A2DD-01	3	3	11	0	4	14	21	0	9	3
TCGA-GM-A2DF-01	4	1	15	5	6	2	7	9	4	0
TCGA-GM-A2DH-01	62	31	4	5	50	0	23	11	8	38
TCGA-GM-A2DI-01	29	31	0	0	0	0	0	7	24	0
TCGA-GM-A2DK-01	0	3	5	6	0	8	0	6	4	5
TCGA-GM-A2DL-01	4	6	6	3	0	0	0	4	9	17
TCGA-GM-A2DM-01	0	4	0	6	0	7	0	5	1	4
TCGA-GM-A2DN-01	0	2	4	2	0	1	2	3	4	1
TCGA-GM-A2DO-01	64	66	5	59	3	0	0	0	23	0
TCGA-GM-A3NW-01	21	16	12	15	22	0	0	0	9	0
TCGA-GM-A3XL-01	32	7	7	14	9	14	46	9	6	0
TCGA-GM-A4E0-01	0	0	8	3	0	2	3	14	4	0
TCGA-GM-A5PV-01	1	7	1	2	0	6	10	15	5	0
TCGA-GM-A5PX-01	3	6	11	1	0	7	5	0	4	5
TCGA-HN-A2NL-01	8	2	5	0	0	9	14	26	5	22
TCGA-HN-A2OB-01	0	3	2	0	6	0	0	8	0	0
TCGA-JL-A3YX-01	4	14	12	6	5	4	0	1	0	3
TCGA-LD-A66U-01	0	1	12	2	17	6	0	0	0	6
TCGA-LD-A74U-01	67	124	9	61	68	0	0	0	23	0
TCGA-LD-A7W5-01	6	8	14	1	16	2	0	13	5	0
TCGA-LD-A7W6-01	0	2	8	7	11	3	1	14	0	0
TCGA-LD-A9QF-01	2	1	10	0	0	0	3	17	6	0
TCGA-LL-A440-01	0	2	2	0	0	0	0	0	2	0
TCGA-LL-A50Y-01	0	1	8	8	0	7	0	19	0	0
TCGA-LL-A5YL-01	7	19	12	22	9	0	0	7	17	0
TCGA-LL-A5YM-01	2	0	8	10	0	3	4	7	3	3
TCGA-LL-A5YN-01	0	0	9	3	3	4	9	5	10	0
TCGA-LL-A5YO-01	10	3	3	2	13	6	13	0	3	8
TCGA-LL-A5YP-01	4	7	0	4	27	3	24	7	6	23
TCGA-LL-A6FP-01	2	12	5	3	9	5	0	2	23	14
TCGA-LL-A6FQ-01	0	4	27	6	3	7	0	6	10	6
TCGA-LL-A6FR-01	2	2	8	0	3	7	14	20	7	0
TCGA-LL-A73Y-01	70	27	0	17	59	6	0	3	11	0
TCGA-LL-A73Z-01	0	2	9	6	13	1	5	12	0	0
TCGA-LL-A740-01	0	6	14	4	11	8	10	0	8	7
TCGA-LL-A7SZ-01	2	7	15	2	4	12	0	12	16	5
TCGA-LL-A7T0-01	4	7	26	11	0	7	5	11	6	0
TCGA-LL-A8F5-01	10	0	7	31	33	23	62	31	2	1
TCGA-LL-A9Q3-01	0	9	21	1	1	8	8	0	10	10
TCGA-OK-A5Q2-01	1	5	6	0	0	0	0	17	14	0
TCGA-OL-A5D6-01	2	5	5	4	0	0	1	31	9	0
TCGA-OL-A5D7-01	6	6	13	3	10	6	27	2	0	7
TCGA-OL-A5D8-01	2	3	12	0	0	5	6	2	0	9
TCGA-OL-A5DA-01	31	25	10	7	1	3	0	2	35	0
TCGA-OL-A5RU-01	1	0	15	4	4	2	3	4	8	5
TCGA-OL-A5RV-01	0	0	4	0	0	0	2	11	0	0
TCGA-OL-A5RW-01	69	28	0	29	55	16	48	0	8	0
TCGA-OL-A5RX-01	2	1	15	0	0	6	0	0	5	6
TCGA-OL-A5RY-01	1	1	5	0	0	3	3	0	0	0
TCGA-OL-A5RZ-01	9	11	45	2	0	6	29	0	22	28
TCGA-OL-A5S0-01	1	3	14	6	6	3	4	5	2	0
TCGA-OL-A66H-01	0	0	5	4	4	3	7	0	1	3
TCGA-OL-A66I-01	3	2	9	5	0	3	10	12	12	0
TCGA-OL-A66J-01	1	7	14	8	5	9	0	18	0	6
TCGA-OL-A66K-01	0	1	21	10	11	1	3	0	0	0
TCGA-OL-A66L-01	19	35	12	21	0	7	0	0	0	0
TCGA-OL-A66N-01	1	2	18	1	0	6	0	18	9	3
TCGA-OL-A66O-01	1	1	11	0	0	3	5	15	0	2
TCGA-OL-A66P-01	0	1	14	14	7	18	11	0	10	48
TCGA-OL-A6VO-01	1	2	14	0	6	1	5	0	3	6
TCGA-OL-A6VQ-01	15	28	13	10	7	5	0	0	1	3
TCGA-OL-A6VR-01	0	1	5	0	4	3	0	0	0	4
TCGA-OL-A97C-01	0	2	13	0	18	11	14	6	5	1
TCGA-PE-A5DC-01	6	10	17	15	23	12	32	11	4	24
TCGA-PE-A5DD-01	12	20	15	23	7	2	0	0	6	0
TCGA-PE-A5DE-01	145	254	0	131	71	0	0	0	88	0
TCGA-PL-A8LV-01	17	14	2	10	64	6	28	12	1	1
TCGA-PL-A8LX-01	0	2	10	0	11	9	8	7	1	1
TCGA-PL-A8LY-01	0	0	0	0	1	3	0	3	0	0
TCGA-PL-A8LZ-01	0	10	8	24	9	9	25	3	12	36
TCGA-S3-A6ZF-01	5	3	24	0	0	0	3	7	0	10
TCGA-S3-A6ZG-01	0	1	11	11	2	4	0	17	14	0
TCGA-S3-A6ZH-01	0	2	15	10	6	2	7	0	3	0
TCGA-S3-AA0Z-01	7	11	19	0	1	8	2	0	2	27
TCGA-S3-AA10-01	12	8	5	9	17	10	66	13	3	7
TCGA-S3-AA11-01	0	2	5	10	7	9	0	2	17	44
TCGA-S3-AA12-01	3	3	9	6	0	3	0	23	5	8
TCGA-S3-AA14-01	3	3	9	0	0	0	3	6	0	0
TCGA-S3-AA15-01	14	10	3	12	16	0	0	0	5	0
TCGA-S3-AA17-01	10	7	7	4	23	15	40	27	8	0
TCGA-UL-AAZ6-01	12	9	7	3	15	19	22	26	9	18
TCGA-UU-A93S-01	7	6	27	24	25	13	38	0	0	56
TCGA-V7-A7HQ-01	2	1	6	0	9	0	11	0	2	0
TCGA-W8-A86G-01	1	2	5	1	2	3	0	21	0	0
TCGA-WT-AB41-01	0	18	6	5	12	2	0	15	4	0
TCGA-WT-AB44-01	0	0	24	7	4	5	1	1	1	17
TCGA-XX-A899-01	7	17	2	8	1	2	1	4	18	0
TCGA-XX-A89A-01	93	47	2	11	70	0	0	0	42	0
TCGA-Z7-A8R5-01	0	1	18	0	0	1	0	13	0	1
TCGA-Z7-A8R6-01	18	32	16	10	12	5	0	0	14	0
