MutationType	DBS78A	DBS78B	DBS78C	DBS78D	DBS78E	DBS78F	DBS78G	DBS78H
AC>CA	0.00959949	0.00356946	0.00267857	0.00418490	0.00388576	0.00491429	0.00005647	0.00669938
AC>CG	0.00007601	0.00007317	0.00007582	0.00006645	0.00007438	0.00006292	0.00006759	0.00007435
AC>CT	0.00007601	0.00007317	0.00007582	0.00006645	0.00007438	0.00006292	0.00006759	0.00007435
AC>GA	0.01607357	0.00786674	0.00732136	0.01935981	0.01082532	0.01629765	0.00313275	0.01911918
AC>GG	0.00007601	0.00007317	0.00007582	0.00006645	0.00007438	0.00006292	0.00006759	0.00007435
AC>GT	0.00007601	0.00007317	0.00007582	0.00006645	0.00007438	0.00006292	0.00006759	0.00007435
AC>TA	0.02222853	0.03076981	0.01317949	0.00847149	0.00854423	0.00003944	0.01298621	0.00653879
AC>TG	0.00880957	0.00850192	0.00399947	0.00006634	0.00339376	0.00292465	0.00512983	0.00139206
AC>TT	0.00007601	0.00007317	0.00007582	0.00006645	0.00007438	0.00006292	0.00006759	0.00007435
AT>CA	0.00007601	0.00007317	0.00007582	0.00006645	0.00007438	0.00006292	0.00006759	0.00007435
AT>CC	0.00563542	0.00860175	0.00551907	0.00007004	0.00353178	0.00296467	0.00196291	0.00121200
AT>CG	0.00007601	0.00007317	0.00007582	0.00006645	0.00007438	0.00006292	0.00006759	0.00007435
AT>GA	0.00689536	0.00636284	0.00439437	0.00536488	0.00451282	0.00576088	0.00163832	0.00459295
AT>GC	0.00007601	0.00007317	0.00007582	0.00006645	0.00007438	0.00006292	0.00006759	0.00007435
AT>TA	0.01841361	0.00421162	0.00418042	0.01619576	0.00945011	0.00324387	0.00383272	0.00897997
CC>AA	0.00002101	0.00001851	0.01144049	0.00001589	0.53536299	0.00001150	0.00001190	0.00001967
CC>AG	0.01559378	0.09249747	0.05103000	0.05675345	0.01737414	0.01764053	0.07076476	0.01260789
CC>AT	0.05640239	0.03500947	0.00002370	0.01536529	0.01324149	0.01658261	0.07203893	0.02983857
CC>GA	0.04181916	0.03250437	0.00220551	0.02732359	0.01265608	0.00939894	0.01251377	0.01901522
CC>GG	0.00007601	0.00007317	0.00007582	0.00006645	0.00007438	0.00006292	0.00006759	0.00007435
CC>GT	0.02585384	0.01496993	0.01081545	0.01543956	0.00336449	0.01201161	0.01340475	0.01195748
CC>TA	0.08665145	0.03600927	0.00706463	0.02246484	0.02424265	0.00002154	0.02488700	0.01095450
CC>TG	0.01710730	0.02673317	0.00005465	0.00326229	0.00495319	0.01355213	0.00004777	0.01351096
CC>TT	0.00002773	0.00002119	0.00752907	0.00002696	0.00001749	0.03346813	0.33247753	0.01963650
CG>AT	0.00292106	0.00899331	0.00143002	0.00374785	0.00510180	0.00454231	0.00128907	0.00636922
CG>GC	0.00007601	0.00007317	0.00007582	0.00006645	0.00007438	0.00006292	0.00006759	0.00007435
CG>GT	0.00007601	0.00007317	0.00007582	0.00006645	0.00007438	0.00006292	0.00006759	0.00007435
CG>TA	0.00646572	0.00354274	0.00266916	0.00941064	0.00438415	0.00112365	0.00476284	0.00734364
CG>TC	0.02008245	0.02110864	0.00669285	0.03133015	0.01666177	0.01053589	0.01309759	0.00502757
CG>TT	0.01484671	0.00479827	0.00835470	0.00421927	0.00073530	0.01311301	0.01387646	0.01072211
CT>AA	0.00007601	0.00007317	0.00007582	0.00006645	0.00007438	0.00006292	0.00006759	0.00007435
CT>AC	0.00709031	0.00507135	0.00303020	0.00949087	0.00360803	0.00185375	0.00260854	0.00822328
CT>AG	0.00947527	0.03753071	0.00408867	0.02055939	0.00797099	0.00261368	0.01811428	0.00873469
CT>GA	0.01296251	0.01297625	0.00457484	0.01541691	0.00797657	0.00673369	0.00690986	0.01794399
CT>GC	0.00007601	0.00007317	0.00007582	0.00006645	0.00007438	0.00006292	0.00006759	0.00007435
CT>GG	0.02634304	0.02519641	0.00457687	0.01980854	0.00280821	0.00878533	0.00762437	0.02642720
CT>TA	0.04174481	0.02000259	0.00005231	0.03305952	0.01136569	0.01133442	0.01802072	0.03361010
CT>TC	0.00424749	0.00418131	0.00170778	0.01068435	0.00194489	0.00638340	0.00332147	0.00553269
CT>TG	0.02731959	0.04050300	0.01308127	0.01723746	0.01780034	0.01400640	0.00810929	0.02707249
GC>AA	0.00002154	0.00002783	0.63457170	0.00001541	0.00002306	0.00000828	0.00001754	0.00002502
GC>AG	0.01442955	0.01411896	0.00910347	0.01687514	0.01863480	0.01845100	0.02381640	0.01532900
GC>AT	0.00002623	0.18971155	0.01154410	0.01058614	0.00634097	0.01053797	0.00727751	0.03281809
GC>CA	0.00637752	0.00900591	0.00902427	0.04372424	0.00079500	0.01589516	0.03384400	0.00514076
GC>CG	0.00007601	0.00007317	0.00007582	0.00006645	0.00007438	0.00006292	0.00006759	0.00007435
GC>TA	0.00137488	0.00855622	0.00472386	0.02314843	0.00610272	0.01179688	0.01453434	0.00799218
TA>AT	0.01407509	0.02776336	0.00476985	0.00713477	0.00407023	0.01781852	0.01725448	0.00802138
TA>CG	0.00007601	0.00007317	0.00007582	0.00006645	0.00007438	0.00006292	0.00006759	0.00007435
TA>CT	0.04455587	0.01669050	0.01495961	0.00437502	0.01222178	0.00372340	0.00582412	0.01448134
TA>GC	0.00007601	0.00007317	0.00007582	0.00006645	0.00007438	0.00006292	0.00006759	0.00007435
TA>GG	0.00007601	0.00007317	0.00007582	0.00006645	0.00007438	0.00006292	0.00006759	0.00007435
TA>GT	0.00007601	0.00007317	0.00007582	0.00006645	0.00007438	0.00006292	0.00006759	0.00007435
TC>AA	0.00002963	0.00002214	0.03436130	0.00001403	0.00782593	0.02096761	0.00001215	0.38183427
TC>AG	0.00002365	0.00525708	0.00815183	0.25627003	0.02740139	0.01868956	0.01074108	0.00748955
TC>AT	0.00002495	0.00002212	0.01088785	0.00006365	0.00959456	0.47945070	0.00002929	0.00001316
TC>CA	0.00577106	0.00438789	0.00701973	0.01733899	0.01191705	0.00757965	0.01304323	0.02164390
TC>CG	0.00515417	0.00348567	0.00480290	0.03098494	0.00616900	0.02374129	0.01062501	0.01710110
TC>CT	0.06071865	0.01401223	0.00685516	0.02556534	0.01663778	0.00505841	0.02986413	0.03021479
TC>GA	0.16731562	0.01950200	0.00555392	0.01063831	0.03515795	0.01556756	0.03044462	0.00508130
TC>GG	0.01880712	0.00854133	0.00534999	0.01656890	0.00992403	0.00411954	0.00375820	0.01076944
TC>GT	0.01589594	0.01180399	0.00246884	0.04335340	0.00562273	0.03516993	0.02794678	0.00004277
TG>AA	0.03911631	0.01621205	0.01985499	0.00447221	0.02003687	0.00679889	0.00925922	0.01879204
TG>AC	0.00007601	0.00007317	0.00007582	0.00006645	0.00007438	0.00006292	0.00006759	0.00007435
TG>AT	0.01985913	0.04971951	0.00003281	0.01276705	0.02014107	0.02204906	0.05616945	0.01607475
TG>CA	0.00809762	0.00617047	0.00006451	0.01332546	0.00110030	0.00758771	0.00640167	0.00297159
TG>CC	0.00302446	0.00839279	0.00006781	0.00284748	0.00593670	0.00190059	0.00252153	0.00272919
TG>CT	0.02751006	0.05678897	0.00004228	0.02915033	0.01329391	0.01914963	0.00505801	0.01146690
TG>GA	0.00338736	0.00658283	0.00261477	0.00156302	0.00006594	0.00649715	0.00630213	0.00644595
TG>GC	0.00007601	0.00007317	0.00007582	0.00006645	0.00007438	0.00006292	0.00006759	0.00007435
TG>GT	0.00577097	0.00156155	0.01297949	0.02336823	0.01108601	0.00241636	0.00905984	0.02480861
TT>AA	0.00007601	0.00007317	0.00007582	0.00006645	0.00007438	0.00006292	0.00006759	0.00007435
TT>AC	0.01350333	0.01156447	0.00124131	0.01331455	0.00005270	0.01749197	0.00810864	0.01585635
TT>AG	0.01067212	0.00383111	0.00345760	0.00516854	0.00375074	0.00239011	0.00376812	0.00405985
TT>CA	0.00007601	0.00007317	0.00007582	0.00006645	0.00007438	0.00006292	0.00006759	0.00007435
TT>CC	0.00007601	0.00007317	0.00007582	0.00006645	0.00007438	0.00006292	0.00006759	0.00007435
TT>CG	0.00007601	0.00007317	0.00007582	0.00006645	0.00007438	0.00006292	0.00006759	0.00007435
TT>GA	0.00509306	0.00633628	0.00006514	0.00675817	0.00543240	0.00278566	0.00171753	0.01069339
TT>GC	0.00007601	0.00007317	0.00007582	0.00006645	0.00007438	0.00006292	0.00006759	0.00007435
TT>GG	0.00283278	0.00654970	0.00184049	0.00961702	0.00309076	0.00092632	0.00829120	0.00316245
