MutationType	DBS78A	DBS78B	DBS78C	DBS78D
AC>CA	0.03073405373361311	0.016646119955476026	0.022202776473750418	5.3562467655865476e-05
AC>CG	3.44293104717508e-05	3.9356614433927464e-05	3.85111961804796e-05	6.239485082915053e-05
AC>CT	3.44293104717508e-05	3.9356614433927464e-05	3.85111961804796e-05	6.239485082915053e-05
AC>GA	3.44293104717508e-05	3.9356614433927464e-05	3.85111961804796e-05	6.239485082915053e-05
AC>GG	0.09451047860493418	2.0617995585325843e-05	1.6750850045355035e-05	4.842448906856589e-05
AC>GT	3.44293104717508e-05	3.9356614433927464e-05	3.85111961804796e-05	6.239485082915053e-05
AC>TA	3.44293104717508e-05	3.9356614433927464e-05	3.85111961804796e-05	6.239485082915053e-05
AC>TG	3.44293104717508e-05	3.9356614433927464e-05	3.85111961804796e-05	6.239485082915053e-05
AC>TT	0.030731103034486295	0.03325502108177716	1.1790075870976579e-05	0.09485300834894587
AT>CA	3.44293104717508e-05	3.9356614433927464e-05	3.85111961804796e-05	6.239485082915053e-05
AT>CC	3.44293104717508e-05	3.9356614433927464e-05	3.85111961804796e-05	6.239485082915053e-05
AT>CG	3.44293104717508e-05	3.9356614433927464e-05	3.85111961804796e-05	6.239485082915053e-05
AT>GA	3.44293104717508e-05	3.9356614433927464e-05	3.85111961804796e-05	6.239485082915053e-05
AT>GC	3.44293104717508e-05	3.9356614433927464e-05	3.85111961804796e-05	6.239485082915053e-05
AT>TA	3.44293104717508e-05	3.9356614433927464e-05	3.85111961804796e-05	6.239485082915053e-05
CC>AA	0.35683012306690215	0.14210495488950983	4.834354331251234e-06	3.429541316372908e-05
CC>AG	0.03987408852431571	0.044323641725483524	1.3850657123271048e-05	0.16885607570275168
CC>AT	0.01537215337936731	0.1466856375867792	1.1365506803429071e-05	4.795360418938799e-05
CC>GA	3.44293104717508e-05	3.9356614433927464e-05	3.85111961804796e-05	6.239485082915053e-05
CC>GG	3.44293104717508e-05	3.9356614433927464e-05	3.85111961804796e-05	6.239485082915053e-05
CC>GT	2.1973352340864948e-05	0.03915950543087092	0.027739758872849053	0.039765689050182115
CC>TA	0.02850754262344708	2.01550436031539e-05	0.09156319897465437	5.157996856723912e-05
CC>TG	0.01538479942792037	3.20503422699403e-05	0.03996182358023361	5.8251432710676455e-05
CC>TT	9.197446272945532e-06	1.298802308156155e-05	0.4700817406177521	4.652069546864368e-05
CG>AT	3.44293104717508e-05	3.9356614433927464e-05	3.85111961804796e-05	6.239485082915053e-05
CG>GC	3.44293104717508e-05	3.9356614433927464e-05	3.85111961804796e-05	6.239485082915053e-05
CG>GT	3.44293104717508e-05	3.9356614433927464e-05	3.85111961804796e-05	6.239485082915053e-05
CG>TA	3.44293104717508e-05	3.9356614433927464e-05	3.85111961804796e-05	6.239485082915053e-05
CG>TC	3.44293104717508e-05	3.9356614433927464e-05	3.85111961804796e-05	6.239485082915053e-05
CG>TT	3.44293104717508e-05	3.9356614433927464e-05	3.85111961804796e-05	6.239485082915053e-05
CT>AA	0.06033395765198293	0.04986664725092851	0.011100920392732406	0.01632165377159254
CT>AC	2.362649547489326e-05	0.09727704367833212	2.6185793285549152e-05	5.3167810074228326e-05
CT>AG	3.44293104717508e-05	3.9356614433927464e-05	3.85111961804796e-05	6.239485082915053e-05
CT>GA	3.44293104717508e-05	3.9356614433927464e-05	3.85111961804796e-05	6.239485082915053e-05
CT>GC	3.0053924456296953e-05	0.03327359083050396	3.417858024477027e-05	4.985412451787852e-05
CT>GG	3.44293104717508e-05	3.9356614433927464e-05	3.85111961804796e-05	6.239485082915053e-05
CT>TA	3.44293104717508e-05	3.9356614433927464e-05	3.85111961804796e-05	6.239485082915053e-05
CT>TC	3.44293104717508e-05	3.9356614433927464e-05	3.85111961804796e-05	6.239485082915053e-05
CT>TG	3.44293104717508e-05	3.9356614433927464e-05	3.85111961804796e-05	6.239485082915053e-05
GC>AA	3.293639856565278e-05	0.0181540260647237	0.09855608411016874	0.10950857160714804
GC>AG	3.44293104717508e-05	3.9356614433927464e-05	3.85111961804796e-05	6.239485082915053e-05
GC>AT	3.44293104717508e-05	3.9356614433927464e-05	3.85111961804796e-05	6.239485082915053e-05
GC>CA	3.44293104717508e-05	3.9356614433927464e-05	3.85111961804796e-05	6.239485082915053e-05
GC>CG	3.44293104717508e-05	3.9356614433927464e-05	3.85111961804796e-05	6.239485082915053e-05
GC>TA	3.44293104717508e-05	3.9356614433927464e-05	3.85111961804796e-05	6.239485082915053e-05
TA>AT	0.06602804551330337	2.5818678477662615e-05	2.5074102813960054e-05	5.9187231090618295e-05
TA>CG	3.44293104717508e-05	3.9356614433927464e-05	3.85111961804796e-05	6.239485082915053e-05
TA>CT	3.44293104717508e-05	3.9356614433927464e-05	3.85111961804796e-05	6.239485082915053e-05
TA>GC	3.44293104717508e-05	3.9356614433927464e-05	3.85111961804796e-05	6.239485082915053e-05
TA>GG	3.44293104717508e-05	3.9356614433927464e-05	3.85111961804796e-05	6.239485082915053e-05
TA>GT	0.04607669762003752	0.04987850196187784	0.011108759636518887	3.916919267794583e-05
TC>AA	0.06491997578450537	2.263409915030934e-05	1.9987356427009218e-05	5.1710817569983194e-05
TC>AG	3.44293104717508e-05	3.9356614433927464e-05	3.85111961804796e-05	6.239485082915053e-05
TC>AT	0.030710235185330247	0.18956915736234806	0.05772499931626953	0.1134843093699601
TC>CA	3.44293104717508e-05	3.9356614433927464e-05	3.85111961804796e-05	6.239485082915053e-05
TC>CG	3.44293104717508e-05	3.9356614433927464e-05	3.85111961804796e-05	6.239485082915053e-05
TC>CT	3.44293104717508e-05	3.9356614433927464e-05	3.85111961804796e-05	6.239485082915053e-05
TC>GA	3.44293104717508e-05	3.9356614433927464e-05	3.85111961804796e-05	6.239485082915053e-05
TC>GG	3.44293104717508e-05	3.9356614433927464e-05	3.85111961804796e-05	6.239485082915053e-05
TC>GT	2.4123589901137167e-05	0.05026641982585715	0.025360291545075596	5.1454530330374836e-05
TG>AA	3.44293104717508e-05	3.9356614433927464e-05	3.85111961804796e-05	6.239485082915053e-05
TG>AC	3.44293104717508e-05	3.9356614433927464e-05	3.85111961804796e-05	6.239485082915053e-05
TG>AT	0.03421250979481556	2.999736971105449e-05	3.088151934207417e-05	5.605255209957249e-05
TG>CA	3.44293104717508e-05	3.9356614433927464e-05	3.85111961804796e-05	6.239485082915053e-05
TG>CC	1.6805850469836515e-05	0.03629595609252787	0.0783037886860157	0.13627714635913435
TG>CT	0.028504396619109685	0.03395585954665705	1.0550378988227749e-05	0.11076702665086487
TG>GA	1.8246364015794823e-05	1.4900208966750484e-05	1.627809409683323e-05	0.1838821071156417
TG>GC	0.05524420496476523	0.016994449856112735	1.954932595253922e-05	0.022215059118025238
TG>GT	3.44293104717508e-05	3.9356614433927464e-05	3.85111961804796e-05	6.239485082915053e-05
TT>AA	2.3904534100438467e-05	2.8697016387013718e-05	0.06401366508507636	6.120524776633828e-05
TT>AC	3.44293104717508e-05	3.9356614433927464e-05	3.85111961804796e-05	6.239485082915053e-05
TT>AG	3.44293104717508e-05	3.9356614433927464e-05	3.85111961804796e-05	6.239485082915053e-05
TT>CA	3.44293104717508e-05	3.9356614433927464e-05	3.85111961804796e-05	6.239485082915053e-05
TT>CC	3.44293104717508e-05	3.9356614433927464e-05	3.85111961804796e-05	6.239485082915053e-05
TT>CG	3.44293104717508e-05	3.9356614433927464e-05	3.85111961804796e-05	6.239485082915053e-05
TT>GA	3.44293104717508e-05	3.9356614433927464e-05	3.85111961804796e-05	6.239485082915053e-05
TT>GC	3.44293104717508e-05	3.9356614433927464e-05	3.85111961804796e-05	6.239485082915053e-05
TT>GG	3.44293104717508e-05	3.9356614433927464e-05	3.85111961804796e-05	6.239485082915053e-05
