MutationType	SBS1	SBS2	SBS4	SBS5	SBS6	SBS7a	SBS7b	SBS10b	SBS13	SBS15	SBS21	SBS26	SBS29	SBS31	SBS36	SBS39	SBS42	SBS54	SBS58	SBS96C	SBS96H
A[C>A]A	0.00088616	0.00000058	0.04219650	0.01199760	0.00042523	0.00006700	0.00232939	0.00018200	0.00181992	0.00094420	0.00015699	0.00087312	0.06320926	0.00953498	0.02519378	0.01170152	0.00116025	0.00216036	0.05887462	0.01096978	0.00989144
A[C>A]C	0.00228041	0.00014800	0.03329724	0.00943811	0.00052429	0.00017912	0.00046088	0.00653991	0.00072097	0.00049711	0.00235989	0.00052807	0.05120751	0.01849027	0.00831795	0.00715093	0.02060448	0.00079613	0.00674709	0.01149840	0.02123487
A[C>A]G	0.00017703	0.00005230	0.01559870	0.00184963	0.00005200	0.00007120	0.00018595	0.00005350	0.00026399	0.00004610	0.00029399	0.00011401	0.01920282	0.00165913	0.00223945	0.00267035	0.00003340	0.00164027	0.00082464	0.00321631	0.00134886
A[C>A]T	0.00128023	0.00009780	0.02949755	0.00660868	0.00018010	0.00024816	0.00070981	0.00001630	0.00034798	0.00111024	0.00062097	0.00061908	0.03560522	0.00627670	0.01789558	0.00740096	0.00797173	0.00041407	0.00557760	0.00376539	0.01462900
A[C>G]A	0.00186033	0.00000000	0.00688943	0.01009798	0.00047126	0.00006490	0.00000856	0.00030500	0.00386983	0.00011302	0.00001690	0.00042706	0.00314046	0.00831563	0.00183955	0.04730615	0.00040609	0.00155026	0.02059112	0.00409740	0.00180036
A[C>G]C	0.00122022	0.00013300	0.00283976	0.00569886	0.00028916	0.00002160	0.00018895	0.00013400	0.00095096	0.00026906	0.00071897	0.00037805	0.00263038	0.00315834	0.00166959	0.02250293	0.00050611	0.00049608	0.00173925	0.00948604	0.00274504
A[C>G]G	0.00011502	0.00001520	0.00127989	0.00171966	0.00000000	0.00005080	0.00050487	0.00000000	0.00026399	0.00003070	0.00000000	0.00006830	0.00089613	0.00299842	0.00049988	0.01360177	0.00001770	0.00170028	0.00168927	0.00795738	0.00195377
A[C>G]T	0.00114020	0.00009120	0.00354970	0.01009798	0.00025414	0.00009570	0.00028493	0.00000000	0.00399982	0.00032507	0.00006190	0.00072810	0.00249037	0.00377801	0.00190953	0.04340564	0.00043109	0.00518086	0.00202913	0.00950106	0.00309948
A[C>T]A	0.02500444	0.00006110	0.00869928	0.03259348	0.06413516	0.00012208	0.00140963	0.00054899	0.00717968	0.00505108	0.00216990	0.00266036	0.00509075	0.01769069	0.00595853	0.00960125	0.02240487	0.00148025	0.08046531	0.00642248	0.01243604
A[C>T]C	0.00632112	0.00138004	0.00417965	0.01789642	0.02291256	0.01771150	0.03808996	0.00524993	0.00000000	0.00691148	0.00391982	0.00254034	0.00431063	0.00927512	0.00327919	0.00404052	0.03980865	0.00052909	0.00675709	0.00232501	0.02269481
A[C>T]G	0.36506483	0.00003270	0.00078294	0.00617876	0.12006582	0.00000000	0.00054286	0.00041399	0.00030299	0.07451597	0.00739965	0.00533072	0.02010295	0.00758601	0.00706825	0.00600078	0.00044010	0.00034306	0.00862628	0.00336894	0.26794162
A[C>T]T	0.00958170	0.00186005	0.00424965	0.02199560	0.02131168	0.00742482	0.01079715	0.00792989	0.00031799	0.00178038	0.00004170	0.00279038	0.00183027	0.01009469	0.00430894	0.01280166	0.03520765	0.00499083	0.00730685	0.00581377	0.00526409
A[T>A]A	0.00080014	0.00009590	0.00941922	0.00737852	0.00009830	0.00194126	0.00248934	0.00181997	0.00000000	0.00204044	0.00345984	0.00152020	0.00061909	0.00785587	0.00243940	0.00531069	0.01330289	0.00095616	0.02448944	0.00504606	0.00801586
A[T>A]C	0.00223040	0.00087803	0.00352971	0.00692861	0.00054630	0.00067044	0.00046688	0.00033699	0.00006520	0.00084118	0.00564974	0.00352048	0.00200029	0.00606681	0.00142965	0.00288037	0.00401087	0.00319053	0.00145937	0.00025700	0.02002494
A[T>A]G	0.00114020	0.00002550	0.01239897	0.00911818	0.00000000	0.00058738	0.00155959	0.00002340	0.00058997	0.00054012	0.00024799	0.00062508	0.00248036	0.00502736	0.00252937	0.00694090	0.00501109	0.00423070	0.00468798	0.00002315	0.02492424
A[T>A]T	0.00018303	0.00000000	0.00420965	0.00619876	0.00166091	0.00371241	0.00828782	0.00284996	0.00060597	0.00954204	0.00159993	0.00307041	0.00196029	0.00415781	0.00306924	0.00612080	0.00685149	0.00030105	0.00876622	0.00253051	0.00815281
A[T>C]A	0.00109019	0.00006170	0.00794934	0.04619076	0.00221121	0.00049032	0.00101973	0.00934987	0.00190992	0.00389083	0.01669921	0.08481146	0.00196029	0.02038927	0.00524870	0.01120146	0.01160252	0.02920483	0.08046531	0.00355489	0.02578939
A[T>C]C	0.00304054	0.00002150	0.00071494	0.01339732	0.00113062	0.00022715	0.00045588	0.00050999	0.00014199	0.00196042	0.00999953	0.02610353	0.00229034	0.00739611	0.00168958	0.00564073	0.00351076	0.00775128	0.00492788	0.00633805	0.00384283
A[T>C]G	0.00010602	0.00001320	0.00499958	0.03819236	0.00424233	0.00018712	0.00149960	0.00053099	0.00042798	0.00024005	0.00387982	0.07851061	0.00275040	0.00811573	0.00383905	0.00964125	0.00856186	0.20203345	0.00674709	0.00206774	0.02472677
A[T>C]T	0.00574102	0.00015500	0.00155987	0.03829234	0.00050228	0.00061540	0.00214943	0.00015000	0.00095896	0.00092920	0.02559880	0.03720503	0.00115017	0.00846555	0.00511874	0.01360177	0.00270059	0.00783130	0.00815648	0.00320052	0.04949207
A[T>G]A	0.00017203	0.00023801	0.00104991	0.00385923	0.00002570	0.00047331	0.00008440	0.00003470	0.00006140	0.00046810	0.00039198	0.00292040	0.00040706	0.00367806	0.00108973	0.00388050	0.00120026	0.00003870	0.01349418	0.00159576	0.00175106
A[T>G]C	0.00020704	0.00007460	0.00015899	0.00259948	0.00020411	0.00024716	0.00093175	0.00005330	0.00000000	0.00041509	0.00043698	0.00253034	0.00081712	0.00247870	0.00062285	0.00297039	0.00040509	0.00158026	0.00078766	0.00079579	0.00209909
A[T>G]G	0.00026805	0.00000205	0.00141988	0.00793841	0.00010706	0.00027618	0.00146961	0.00052299	0.00008250	0.00018504	0.00018699	0.00229031	0.00042006	0.00401789	0.00093577	0.00766100	0.00063714	0.00115019	0.00270883	0.00334807	0.00048833
A[T>G]T	0.00011202	0.00000376	0.00021598	0.00482903	0.00038621	0.00030920	0.00073281	0.00000000	0.00031999	0.00363078	0.00006950	0.00593080	0.00081012	0.00078259	0.00098376	0.00642083	0.00091120	0.00034006	0.00207910	0.00228525	0.00648386
C[C>A]A	0.00031205	0.00020801	0.08069330	0.00742851	0.00182100	0.00045529	0.00113970	0.00052099	0.00139994	0.04180896	0.00000000	0.00141019	0.05420795	0.01069438	0.05578622	0.01010131	0.01160252	0.00006320	0.00617734	0.01095283	0.00456320
C[C>A]C	0.00179032	0.00009530	0.07969339	0.00613877	0.00409224	0.00024016	0.00154959	0.00317995	0.00096796	0.00505108	0.00259988	0.00151020	0.03690541	0.01159390	0.02019501	0.00906118	0.03280713	0.00257042	0.00182921	0.00318713	0.00794204
C[C>A]G	0.00009320	0.00000000	0.02449797	0.00345931	0.00165091	0.00000000	0.00040789	0.00008380	0.00000433	0.00006620	0.00197991	0.00036205	0.01480217	0.00032883	0.00709825	0.00574075	0.00188041	0.00593098	0.00145937	0.00824946	0.00280093
C[C>A]T	0.00000000	0.00042101	0.06899427	0.00648870	0.00960526	0.00037224	0.00148961	0.00832988	0.00000000	0.02870615	0.01909910	0.00714096	0.05190761	0.02788533	0.06048506	0.00603078	0.02110459	0.00553091	0.00195916	0.00378640	0.01120363
C[C>G]A	0.00002410	0.00000000	0.00782935	0.00695861	0.00004110	0.00000000	0.00045788	0.00002990	0.00560975	0.00008360	0.00001970	0.00036405	0.00329048	0.00204892	0.00123969	0.02880374	0.00426093	0.00113019	0.00079366	0.01135985	0.00168245
C[C>G]C	0.00007680	0.00035101	0.00686943	0.00906819	0.00003720	0.00013108	0.00095975	0.00000000	0.00064797	0.00001700	0.00027299	0.00032204	0.00634093	0.00185902	0.00136966	0.03770490	0.00662144	0.00088315	0.00127945	0.00602942	0.00252178
C[C>G]G	0.00035206	0.00004870	0.00339972	0.00248950	0.00008430	0.00007760	0.00079079	0.00000000	0.00048798	0.00005020	0.00001010	0.00004170	0.00130019	0.00085355	0.00041890	0.01230160	0.00047010	0.00043407	0.00005110	0.00910684	0.00411797
C[C>G]T	0.00000000	0.00006360	0.00681943	0.00952809	0.00001440	0.00009570	0.00088977	0.00000000	0.00639972	0.00008450	0.00017299	0.00062508	0.00669098	0.00341820	0.00208948	0.04020523	0.00684149	0.00133022	0.00124946	0.00540892	0.00316783
C[C>T]A	0.00200036	0.00432013	0.01269895	0.01939612	0.01360746	0.05003248	0.10697180	0.00015100	0.00001930	0.01080231	0.00134994	0.00169023	0.00761111	0.04117834	0.00674833	0.00911118	0.01870407	0.00337056	0.00808651	0.02341409	0.01436406
C[C>T]C	0.00027005	0.00017001	0.01149905	0.01899620	0.01480812	0.05533592	0.18195203	0.00008440	0.00134994	0.01110238	0.00515976	0.00283038	0.00164024	0.16391378	0.00667835	0.00386050	0.04811046	0.00022604	0.00991573	0.00729677	0.03322099
C[C>T]G	0.19603481	0.00277008	0.00330972	0.01749650	0.12206692	0.00671436	0.02209418	0.00369995	0.00198991	0.02480532	0.00621971	0.00334045	0.01530224	0.00819569	0.00532868	0.00757098	0.00192042	0.02830468	0.00798656	0.00582320	0.02375086
C[C>T]T	0.00019604	0.00145004	0.01599867	0.02309538	0.01380757	0.05663676	0.12596679	0.00059499	0.00144994	0.01560334	0.00032499	0.00165022	0.00067310	0.14492377	0.00574858	0.00699091	0.03290716	0.00371061	0.02768806	0.01135307	0.01991218
C[T>A]A	0.00004300	0.00024301	0.01439881	0.00353929	0.00006660	0.00017711	0.00111970	0.00007090	0.00020899	0.00034807	0.00000619	0.00094413	0.00195029	0.02058917	0.00125969	0.00494064	0.01260274	0.00000000	0.00247893	0.00417353	0.00000128
C[T>A]C	0.00039307	0.00024401	0.01219899	0.00518896	0.00055130	0.00026117	0.00095775	0.00010600	0.00034198	0.00024405	0.00068797	0.00145020	0.00141021	0.02108891	0.00145964	0.00644084	0.00172037	0.00073212	0.02229039	0.00692707	0.00391445
C[T>A]G	0.00032406	0.00014900	0.03249730	0.00500900	0.00011506	0.00011207	0.00088277	0.00000000	0.00022599	0.00008200	0.00012499	0.00114015	0.00198029	0.01869017	0.00213947	0.00680088	0.01490324	0.00192032	0.00085763	0.00348600	0.00868902
C[T>A]T	0.00026005	0.00000000	0.01179902	0.00429914	0.00017910	0.00037124	0.00011197	0.00023400	0.00052298	0.00105022	0.00000000	0.00064209	0.00198029	0.03098370	0.00195952	0.00827107	0.00757165	0.00006660	0.00129944	0.00810977	0.00578058
C[T>C]A	0.00000000	0.00030201	0.00517957	0.01329734	0.00166091	0.00045129	0.00152960	0.00131998	0.00004740	0.00075016	0.01149946	0.05200703	0.00118017	0.00814571	0.00149963	0.00734095	0.00354077	0.01140189	0.00391831	0.00240345	0.00000141
C[T>C]C	0.00250044	0.00002850	0.00235980	0.01039792	0.00103056	0.00025917	0.00083978	0.00012400	0.00012200	0.00215046	0.00281987	0.03120422	0.00184027	0.00990479	0.00187954	0.00791103	0.00313068	0.01700282	0.00949591	0.00729552	0.00249001
C[T>C]G	0.00036006	0.00000000	0.00549954	0.02079584	0.00532292	0.00010407	0.00072981	0.00002530	0.00000000	0.00139030	0.01439932	0.07871064	0.00391057	0.00445765	0.00184954	0.00777101	0.00356077	0.19303196	0.00592744	0.00515461	0.00000328
C[T>C]T	0.00004260	0.00018600	0.00255979	0.01489702	0.00127070	0.00182118	0.00572849	0.00081499	0.00011200	0.00175037	0.02169898	0.05550750	0.00178026	0.01379275	0.00215947	0.00859112	0.00324070	0.02690445	0.02818785	0.00629322	0.01254779
C[T>G]A	0.00003550	0.00015300	0.00086993	0.00258948	0.00004950	0.00008430	0.00035891	0.00022700	0.00004140	0.00020604	0.00000435	0.00142019	0.00078111	0.00196896	0.00047788	0.00530069	0.00087019	0.00436072	0.00050278	0.00056860	0.00380376
C[T>G]C	0.00021204	0.00015500	0.00044096	0.00460908	0.00078443	0.00017211	0.00079179	0.00114998	0.00000282	0.00015703	0.00005440	0.00494067	0.00000569	0.00142925	0.00056586	0.00739096	0.00075316	0.01890313	0.00103955	0.00392501	0.00602067
C[T>G]G	0.00012802	0.00012100	0.00378969	0.00612877	0.00092451	0.00000000	0.00128966	0.00047899	0.00000000	0.00027206	0.00002010	0.00556075	0.00033205	0.00149921	0.00088678	0.00983128	0.00568123	0.02210366	0.00069870	0.00619202	0.00232068
C[T>G]T	0.00017103	0.00020301	0.00119990	0.00729854	0.00130071	0.00002650	0.00000368	0.00522993	0.00005550	0.00249053	0.00018499	0.00780105	0.00076711	0.00094850	0.00106974	0.00494064	0.00348076	0.00088615	0.00047280	0.00679530	0.00443374
G[C>A]A	0.00158028	0.00008620	0.03159738	0.01019796	0.00042723	0.00004060	0.00074580	0.00073099	0.00094896	0.00229049	0.00213990	0.00049607	0.09711423	0.01309311	0.06768328	0.00688089	0.00771168	0.00519086	0.00273882	0.00062586	0.02301818
G[C>A]C	0.00033906	0.00000000	0.03479711	0.00764847	0.00091350	0.00013809	0.00021494	0.00254996	0.00045098	0.00249053	0.00706967	0.00066609	0.09031324	0.02148870	0.01919526	0.00695090	0.02680583	0.00913151	0.00107953	0.01509769	0.01191999
G[C>A]G	0.00058710	0.00001390	0.01529873	0.00233953	0.00035720	0.00004250	0.00007290	0.00008520	0.00016399	0.00040409	0.00168992	0.00012902	0.02300337	0.00097149	0.00482881	0.00453059	0.00106023	0.00564093	0.00272882	0.00229986	0.00395359
G[C>A]T	0.00000000	0.00005120	0.02119824	0.00681864	0.00123067	0.00000000	0.00014696	0.00279996	0.00006150	0.01820390	0.00889958	0.00081711	0.08461240	0.00350816	0.06898296	0.00589077	0.01810394	0.00673111	0.00034985	0.00374821	0.00556095
G[C>G]A	0.00000959	0.00006540	0.00528956	0.00467906	0.00001940	0.00001960	0.00005110	0.00001720	0.00149993	0.00099421	0.00038798	0.00039505	0.00227033	0.00182904	0.00088578	0.02400312	0.00240052	0.00219036	0.00211909	0.00513580	0.00500656
G[C>G]C	0.00016403	0.00026101	0.00574952	0.00507898	0.00068538	0.00003320	0.00045188	0.00013600	0.00047898	0.00060813	0.00141993	0.00057908	0.00164024	0.00750605	0.00107973	0.02130277	0.00142031	0.00022004	0.00148936	0.00777856	0.00213280
G[C>G]G	0.00016603	0.00000000	0.00329973	0.00150970	0.00000000	0.00004510	0.00033691	0.00000000	0.00024099	0.00001010	0.00011700	0.00007380	0.00000688	0.00045676	0.00017196	0.00986128	0.00022305	0.00159026	0.00170926	0.00298346	0.00354828
G[C>G]T	0.00000000	0.00013400	0.00303975	0.00671866	0.00032118	0.00004200	0.00027693	0.00011300	0.00269988	0.00045110	0.00020699	0.00030504	0.00321047	0.00335823	0.00104974	0.03240421	0.00277060	0.00494082	0.00107953	0.00941988	0.00258940
G[C>T]A	0.00444079	0.00000000	0.00408966	0.01939612	0.09365134	0.00008500	0.00085478	0.00036300	0.00717968	0.07371579	0.00931956	0.00275037	0.01040152	0.00679643	0.00371908	0.00803104	0.03360731	0.00022204	0.00677708	0.00500070	0.02984877
G[C>T]C	0.00009280	0.00000013	0.00445963	0.02159568	0.11106088	0.01170760	0.02629307	0.01509979	0.00092096	0.12902764	0.01959908	0.00545074	0.00796117	0.01139401	0.00339916	0.00450058	0.15203306	0.01310217	0.00314864	0.00409704	0.01386966
G[C>T]G	0.21803872	0.00000000	0.00048196	0.01229754	0.17809764	0.00000552	0.00017595	0.01259982	0.00017799	0.27705936	0.00004340	0.00668090	0.01830268	0.00196896	0.00569859	0.00548071	0.00455099	0.01910316	0.00735683	0.00670814	0.00669064
G[C>T]T	0.00003840	0.00005040	0.00380968	0.01859628	0.07444081	0.01611046	0.00538858	0.03189955	0.00126994	0.07721654	0.00804962	0.00498067	0.00512075	0.00569700	0.00362910	0.00861112	0.08651881	0.00024804	0.00502783	0.00057137	0.02013798
G[T>A]A	0.00008120	0.00000000	0.00921923	0.00366927	0.00005100	0.00040126	0.00052586	0.00000000	0.00000670	0.00051111	0.00116994	0.00078311	0.00343050	0.00189900	0.00087978	0.00496064	0.01200261	0.00233039	0.00206911	0.00359829	0.00075368
G[T>A]C	0.00012902	0.00013100	0.00359970	0.00290942	0.00048927	0.00022415	0.00025593	0.00012300	0.00012999	0.00058913	0.00325985	0.00115015	0.00078912	0.00290847	0.00063084	0.00352046	0.00184040	0.00899149	0.00062573	0.00372255	0.00397259
G[T>A]G	0.00024604	0.00006380	0.01309891	0.00410918	0.00019511	0.00029019	0.00065583	0.00000000	0.00004700	0.00018704	0.00074197	0.00060808	0.00366054	0.00576697	0.00116971	0.00667087	0.00777169	0.00264044	0.02039121	0.00774099	0.00010764
G[T>A]T	0.00025805	0.00006280	0.00551954	0.00321936	0.00024814	0.00030620	0.00005590	0.00010800	0.00035798	0.00084018	0.00093696	0.00083411	0.00107016	0.00078858	0.00111972	0.00409053	0.00325071	0.00185031	0.00276881	0.00148107	0.00325211
G[T>C]A	0.00105019	0.00000000	0.00289976	0.01409718	0.00257141	0.00010107	0.00026593	0.01469979	0.00028699	0.01290276	0.22298952	0.08351129	0.00108016	0.00452762	0.00233942	0.00747097	0.00582127	0.01140189	0.00217906	0.00000733	0.00000411
G[T>C]C	0.00190034	0.00002740	0.00117990	0.00793841	0.00111061	0.00007410	0.00000000	0.00532993	0.00018199	0.01160249	0.06629688	0.02480335	0.00359053	0.00656655	0.00139965	0.00689090	0.00331072	0.00443073	0.00077966	0.00364391	0.00527808
G[T>C]G	0.00117021	0.00010700	0.00236980	0.01499700	0.00245134	0.00007250	0.00052886	0.00137998	0.00019499	0.00595127	0.11699450	0.07120962	0.00299044	0.00512730	0.00183955	0.00574075	0.00321070	0.12102003	0.01109522	0.00363748	0.00032746
G[T>C]T	0.00007130	0.00001250	0.00075494	0.01369726	0.00090650	0.00081153	0.00684819	0.01149984	0.00000000	0.00586126	0.13299375	0.05520746	0.00155023	0.00468753	0.00264935	0.00751098	0.00239052	0.00541090	0.00201913	0.00357390	0.00244764
G[T>G]A	0.00000000	0.00020901	0.00059795	0.00251950	0.00004350	0.00009070	0.00032292	0.00048099	0.00008770	0.00020304	0.00028599	0.00137018	0.00004490	0.00030384	0.00018495	0.00333043	0.00114025	0.00017003	0.00806652	0.00195809	0.00194048
G[T>G]C	0.00000000	0.00013300	0.00025298	0.00170966	0.00021312	0.00012108	0.00032092	0.00094199	0.00000000	0.00058012	0.00053297	0.00121016	0.00009170	0.00087154	0.00031292	0.00580075	0.00007050	0.00153025	0.00268884	0.00127464	0.00250330
G[T>G]G	0.00034806	0.00003710	0.00242980	0.00529894	0.00027415	0.00032521	0.00240937	0.00172998	0.00042598	0.00034707	0.00021299	0.00235032	0.00077011	0.00254866	0.00152962	0.00772100	0.00041009	0.00000000	0.02338992	0.00371849	0.00368330
G[T>G]T	0.00001460	0.00000000	0.00025198	0.00234953	0.00078743	0.00083554	0.00182952	0.00515993	0.00000289	0.00139030	0.00258988	0.00605082	0.00115017	0.00280852	0.00048888	0.00594077	0.00092020	0.00001210	0.01689272	0.00549852	0.00258862
T[C>A]A	0.00006580	0.00063902	0.03979670	0.00785843	0.00035620	0.00039025	0.00289924	0.00044599	0.07899652	0.01720368	0.00145993	0.00093813	0.04520663	0.00185902	0.14096518	0.00598078	0.00510111	0.00066911	0.00736682	0.02952823	0.00466028
T[C>A]C	0.00253045	0.00017001	0.04689611	0.00916817	0.00049827	0.00063641	0.00351907	0.00379995	0.02939870	0.00581124	0.00023599	0.00063008	0.04110602	0.00937507	0.07718094	0.00786102	0.05401174	0.00004050	0.00042881	0.01644896	0.00554707
T[C>A]G	0.00000000	0.00008530	0.01089909	0.00229954	0.00020011	0.00003440	0.00029992	0.00057299	0.01209947	0.00007690	0.00006830	0.00012302	0.01740255	0.00095450	0.01469637	0.00301039	0.00090420	0.00082814	0.00272882	0.01284395	0.00184923
T[C>A]T	0.00000588	0.00044001	0.04129657	0.01269746	0.00074741	0.00061340	0.00140963	0.08159886	0.03549844	0.00805172	0.00000000	0.00140019	0.04110602	0.00448764	0.20794864	0.00655085	0.02730594	0.00720119	0.01469367	0.01434820	0.00199764
T[C>G]A	0.00000000	0.00000000	0.00357970	0.00780844	0.00004970	0.00000000	0.00025393	0.00000000	0.31698603	0.00021405	0.00065397	0.00131018	0.00010702	0.00039579	0.00397902	0.03470451	0.00055912	0.00469078	0.00212908	0.36830621	0.00000156
T[C>G]C	0.00020304	0.00009870	0.00594951	0.00759848	0.00011306	0.00005090	0.00161957	0.00000000	0.06349720	0.00006120	0.00063097	0.00074510	0.00683100	0.00291846	0.00240940	0.03670477	0.00187041	0.00051709	0.00179922	0.05156010	0.00096571
T[C>G]G	0.00006940	0.00004120	0.00182985	0.00170966	0.00000195	0.00000635	0.00036390	0.00000000	0.01379939	0.00005840	0.00006270	0.00009410	0.00089713	0.00041578	0.00030192	0.00962125	0.00020704	0.00123020	0.00062973	0.03707118	0.00296050
T[C>G]T	0.00156028	0.00118003	0.00337972	0.01249750	0.00012807	0.00028118	0.00071381	0.00004340	0.36898374	0.00017404	0.00068697	0.00221030	0.00033605	0.00423777	0.00758813	0.05070659	0.00038108	0.00031105	0.01809220	0.01319803	0.00000136
T[C>T]A	0.00111020	0.53601551	0.00373969	0.02029594	0.01200658	0.23815459	0.00660826	0.00272996	0.00692969	0.02650568	0.00359983	0.00329044	0.00639094	0.00747607	0.01069736	0.00388050	0.00482105	0.00000000	0.00428815	0.00474903	0.00004226
T[C>T]C	0.00003730	0.09730282	0.00698942	0.02299540	0.01050576	0.33121500	0.21094439	0.04849932	0.00447980	0.00956205	0.00008070	0.00253034	0.00000000	0.02458707	0.00685831	0.00528069	0.03270711	0.00066111	0.01529341	0.01059344	0.00417675
T[C>T]G	0.11001954	0.04420128	0.00028098	0.01589682	0.05202852	0.07414813	0.05738487	0.43699388	0.00118995	0.02120454	0.00031698	0.00263036	0.01440211	0.00840558	0.00388904	0.00486063	0.00036408	0.00000000	0.00333856	0.01219052	0.01600438
T[C>T]T	0.00000000	0.30000868	0.00721940	0.02099580	0.00699383	0.10706950	0.10197312	0.12799821	0.00141994	0.00174037	0.00007310	0.00213029	0.00428063	0.01948975	0.00832794	0.00423055	0.01510328	0.00023604	0.17892286	0.00100141	0.00160397
T[T>A]A	0.00672119	0.00042201	0.00887926	0.00630874	0.00045425	0.00035623	0.00323915	0.00305996	0.00029599	0.00109023	0.00025699	0.00113015	0.00076411	0.00669648	0.00245939	0.00669087	0.00850185	0.00155026	0.01189487	0.00084198	0.01418279
T[T>A]C	0.00000000	0.00019201	0.00430964	0.00413917	0.00011406	0.00038925	0.00223941	0.00066499	0.00023199	0.00015703	0.00079496	0.00126017	0.00193028	0.00374803	0.00101975	0.00369048	0.00226049	0.00017903	0.00089761	0.00336484	0.00718804
T[T>A]G	0.00002800	0.00005010	0.00953921	0.00478904	0.00002950	0.00000000	0.00169955	0.00007060	0.00018799	0.00014903	0.00009850	0.00027804	0.00092413	0.00326828	0.00087179	0.00546071	0.00533116	0.00032905	0.00082864	0.00269443	0.00047994
T[T>A]T	0.00225040	0.00020501	0.00561953	0.00874825	0.00042623	0.00079852	0.00000000	0.00151998	0.00006200	0.00047510	0.00007640	0.00131018	0.00120018	0.00887533	0.00269933	0.01070139	0.00352076	0.00000000	0.01459371	0.00502141	0.01463761
T[T>C]A	0.00025505	0.00000000	0.00240980	0.01799640	0.00148081	0.00215140	0.00599842	0.00885988	0.00002210	0.00342073	0.08419604	0.04230572	0.00259038	0.00458759	0.00296927	0.00594077	0.00682148	0.00473078	0.00330857	0.00421504	0.00798735
T[T>C]C	0.00339060	0.00004350	0.00050296	0.00970806	0.00109060	0.00059639	0.00172954	0.00008100	0.00002490	0.00592127	0.05479743	0.03140424	0.00150022	0.01029459	0.00227944	0.00644084	0.00303066	0.00819136	0.01959155	0.00706882	0.00886186
T[T>C]G	0.00041607	0.00011700	0.00173986	0.01269746	0.00213117	0.00031921	0.00380900	0.00066799	0.00009980	0.00132028	0.02759870	0.03030409	0.00037906	0.00400789	0.00137966	0.00498065	0.00341074	0.08841464	0.00215907	0.00203478	0.00662027
T[T>C]T	0.00433077	0.00003580	0.00063595	0.01849630	0.00174095	0.00081253	0.00296922	0.00002510	0.00053098	0.00135029	0.04069809	0.05740776	0.00082212	0.01209364	0.00279931	0.00948123	0.00236051	0.01250207	0.03198621	0.00144759	0.00864748
T[T>G]A	0.00000000	0.00001670	0.00037697	0.00521896	0.00010506	0.00012808	0.00095475	0.01129984	0.00018399	0.00023105	0.00046498	0.00143019	0.00046707	0.00224882	0.00078781	0.00839109	0.00115025	0.00003240	0.00079766	0.00412083	0.00255884
T[T>G]C	0.00005510	0.00007040	0.00017399	0.00655869	0.00028716	0.00011608	0.00154959	0.00554992	0.00000000	0.00029406	0.00037898	0.00172023	0.00009930	0.00237875	0.00074382	0.00508066	0.00027406	0.00070612	0.00158931	0.00244249	0.00446077
T[T>G]G	0.00058310	0.00009540	0.00231981	0.00693861	0.00032418	0.00000000	0.00134964	0.00275996	0.00003670	0.00014803	0.00013099	0.00284038	0.00018003	0.00534719	0.00090178	0.00728095	0.00293064	0.00769127	0.00673710	0.00663515	0.00452051
T[T>G]T	0.00000000	0.00000000	0.00056795	0.01349730	0.00101055	0.00008300	0.00176953	0.09089873	0.00001890	0.00599128	0.00000000	0.00945128	0.00092814	0.00729616	0.00180955	0.01090142	0.00174038	0.00049908	0.02169065	0.00819469	0.00482279
