MutationType	SBS96A	SBS96B	SBS96C	SBS96D	SBS96E	SBS96F	SBS96G	SBS96H
A[C>A]A	0.0018859450472518801	0.021593499928712845	0.005982476873656295	0.033594125881791115	0.02510069068521261	0.0161729222163558	0.022445090301334857	0.009400844766804948
A[C>A]C	0.0003585399346775375	0.018435446172952653	0.008631978905797462	0.016768427193164827	0.014027912262827158	0.027004655078053476	0.011591682210885332	0.01826737653464079
A[C>A]G	0.0003137172519927844	0.004073432553559542	0.00048218424820915226	0.0030159623827785255	0.0009902024709029455	0.0019677043426781895	0.0031810238491743804	0.004988099774345755
A[C>A]T	0.0006629608426010237	0.025438420102000238	0.011692087363917381	0.015430444665253163	0.010432025883346796	0.01708680223673582	0.0121024158783257	0.00959198153577745
A[C>G]A	0.0020729225128889085	0.014839905528879172	0.012243534438312054	0.014002621173858643	0.004495412437245249	0.015491019003093243	0.00368711082264781	0.020544612780213356
A[C>G]C	0.0005455915816128254	0.01212350744754076	0.009373289067298174	0.007689050678163767	0.003689599363133311	0.006742464285343886	0.006187979131937027	0.011394359916448594
A[C>G]G	9.23518295167014e-05	0.009017974324524402	0.00280394236324355	0.0010715419775806367	0.001189868850633502	0.00010174738708883526	0.0016910787671804428	0.00779830552637577
A[C>G]T	0.0016820239776279776	0.0137057195417583	0.01855992302298546	0.01804429367184639	0.0034146873978897927	0.007908619986847044	0.007253753393888474	0.016425853222608568
A[C>T]A	0.0033876538276672364	0.02267853543162346	0.007553485791816547	0.015408465173095465	0.023279744759202005	0.016630186699330807	0.027542734146118165	0.014431748166680336
A[C>T]C	0.0009121391994995065	0.003934343084620195	0.011322646494954824	0.01388058252632618	0.008237284328788518	0.004579338432813529	0.010807259753346444	0.011383072566241026
A[C>T]G	0.0008513578926795162	0.008077525477357014	0.02427901104092598	0.010230731693195595	0.03558687577024102	0.0050680973698035816	0.08298686891794205	0.03147406987845898
A[C>T]T	0.0016515718540176748	0.024822375178337096	0.017506033647805452	0.013149465899914503	0.012862443737685681	0.011607201397418975	0.011615743488073349	0.004839509235712569
A[T>A]A	0.0012262446340173482	0.0036342198391549493	0.00021059538326539956	0.005820165295153857	0.009085468295961619	0.023366803675889967	0.0053612680174410345	0.011640506984256446
A[T>A]C	0.0009004686900880188	0.004803043673746288	0.0033282025717198847	0.009007915016263723	0.006004943547486619	0.012664001621305942	0.008036432787775993	0.01358377244323492
A[T>A]G	0.0006565070361830294	0.01151510262861848	0.0026618477739847966	0.008725040219724178	0.009417396131902933	0.018494155071675778	0.0044176882904139346	0.009510263241827488
A[T>A]T	0.00039655732095198457	0.01173080843873322	0.005406508945912191	0.006945736691117729	0.02004949450492859	0.02889594081789255	0.009589099982622428	0.017548654042184354
A[T>C]A	0.0005398819608672057	0.013209370989352464	0.008923669066280126	0.01787900775671005	0.02354183718562126	0.0294140737503767	0.012866039574146271	0.014967896649613977
A[T>C]C	0.00016263929330762164	0.013050489220768213	0.008802475593984126	0.00591946872882545	0.005473711108788848	0.006393962958827615	0.007608191110193729	0.011237835697829723
A[T>C]G	0.0007460168504621834	0.01171320527791977	0.014278031606227159	0.012442123610526323	0.00950938630849123	0.017647349461913108	0.010136013571172952	0.012394584622234106
A[T>C]T	0.0004146997249335982	0.017527419701218606	0.01437104381620884	0.031204955652356148	0.015123670920729637	0.014084412425290793	0.01993713080883026	0.01349345948547125
A[T>G]A	0.00026523607230046766	0.0037336689882419448	0.0010084050601335626	0.0040418420017886095	0.005773381190374493	0.008749090507626534	0.003968399437144399	0.012757014855742455
A[T>G]C	0.00028602427628356966	0.0008006990188732743	0.0006078112553584702	0.001305337802023132	0.0018354550382355228	0.0045721011469140645	0.0010538559639826784	0.009467311389744281
A[T>G]G	0.00011035961179004517	0.008857965096831321	0.007058612257242203	0.010729098785668611	0.002656810823827982	0.0030605628271587193	0.0014372714445926248	0.008404089277610183
A[T>G]T	3.166584402300998e-05	0.0007470470620319248	0.0022089205333031712	0.012068458274006844	0.006571088265627622	0.004518091125646606	0.003480056871499787	0.013728475756943226
C[C>A]A	0.0013245317386463284	0.019475762732326984	0.010443271417170764	0.016942921560257673	0.015035462286323308	0.02928035445511341	0.014566297084093094	0.01030863830819726
C[C>A]C	0.0006666270550340414	0.027162468805909157	0.011231500329449773	0.01172090470790863	0.00917611108161509	0.019230956211686134	0.00482253145892173	0.003023866322473623
C[C>A]G	0.0002033569326158613	0.003082781098783016	0.0012634249171242118	0.0008739964396227151	0.0005286863867162595	0.0033189258072525265	0.0017655968898907305	0.006161142466589808
C[C>A]T	0.000786100747063756	0.029695114120841026	0.007621865382888254	0.012846421031281353	0.013830532506108283	0.014115924201905727	0.011161432322114705	0.001948963457220998
C[C>G]A	0.002364576770924032	0.013658409379422665	0.014447423070669175	0.008577510714530945	0.005246798515191911	0.008985443878918887	0.002688332402613014	0.0071095269406214355
C[C>G]C	0.0004958697536494583	0.009476354345679283	0.007234786683693528	0.01292730625718832	0.00365881584584713	0.007190554076805711	0.0030247693415731193	0.0038189797488038003
C[C>G]G	0.00031872794788796456	0.006278735538944602	0.0024910776135925517	0.0010329968950827614	0.002435503085143864	0.0004633070208456047	0.0009334652341543273	0.005324672814458609
C[C>G]T	0.0025366465576136268	0.013801801577210426	0.021344880014657973	0.014925574883818626	0.00573939117118698	0.011385845020413399	0.008533312194049358	0.0074420702178031204
C[C>T]A	0.009127125330269336	0.0074637003242969515	0.00875083589926362	0.014192972611635924	0.016099433414638042	0.012502882815897464	0.020290921442210674	0.01773970853537321
C[C>T]C	0.0022564625833183527	0.0034686317667365074	0.0058395886919356595	0.010033109690994024	0.01761926952749491	0.013089177571237088	0.014793570712208748	0.009040414076298475
C[C>T]G	0.003524885745719075	0.0082850624457933	0.018586937244981526	0.003212478922944761	0.018157355014916863	0.0026207857277925502	0.043199076876044275	0.021848073275759817
C[C>T]T	0.004821169003844261	0.02308919057250023	0.019552628695964813	0.01228553643450141	0.018342588655650617	0.011810946022160351	0.022182414866983892	0.012066411343403161
C[T>A]A	0.0003182945554726757	0.010139649920165538	0.001750761310881999	0.011179767921566964	0.006340330000966787	0.010379831958562135	0.00035688891948666425	0.007700867392122746
C[T>A]C	0.0004466280748602003	0.013708713278174401	0.004399590983851899	0.013818051852285861	0.00590454526245594	0.012668878771364689	0.003540200530716081	0.010091095697134733
C[T>A]G	0.0003009454318089411	0.013595539890229703	0.0027504557976507967	0.014698573015630245	0.005010595255953376	0.009299172228202224	0.0016637168009765446	0.011152731720358133
C[T>A]T	0.00012271895684534684	0.02367800734937191	0.006458614136946772	0.017208824399858713	0.007285740924999118	0.008032858930528164	0.005303028039634853	0.013616145588457584
C[T>C]A	0.00011682167969411239	0.010851521603763103	0.00768472901545465	0.005077842442551628	0.005778111377730965	0.0125323835760355	0.005294223083183169	0.010862563643604517
C[T>C]C	0.000641123834066093	0.022239725664258005	0.004776506048528972	0.007048843079246581	0.007361088134885679	0.010037457640282809	0.005216228098416309	0.011788234114646912
C[T>C]G	0.000915965368039906	0.0032124950332031083	0.0088110470212996	0.010946509707719088	0.006822147779166699	0.011951359175145625	0.004392587009351701	0.014572443440556526
C[T>C]T	0.00023229547719986105	0.010621551983058452	0.007950378116220236	0.020954036712646486	0.012843763735145331	0.009017812835722144	0.007509797345846891	0.0026421469198405463
C[T>G]A	1.4147524780128151e-05	0.004648302681744099	0.0037484244792722167	0.005315932724624872	0.0031317668501287697	0.0015942616628308315	0.001762868604510004	0.005512727377936244
C[T>G]C	0.0002852257777703926	0.004263786878436804	0.0003069572849439926	0.009519718121737242	0.00318259671330452	0.0025527188554406175	0.0023049386451020836	0.004934196174144745
C[T>G]G	0.0002082987939729719	0.005641210824251175	0.009419019962660969	0.00811182064935565	0.005238670483277244	0.00829111859202385	0.002493482842692174	0.006886439770460129
C[T>G]T	0.00021966980493743905	0.004776709407451563	9.872738641375605e-05	0.025717589445412158	0.006308186636306346	0.003654287103563548	0.009186522844704826	0.01246734820306301
G[C>A]A	0.001294796832371503	0.023719799891114234	0.005983663734073818	0.009941891126800328	0.013699045963585376	0.0026079490107335348	0.0199015237390995	0.015528913214802742
G[C>A]C	0.0002709469146793708	0.011016203835606576	0.0056480802595620305	0.012386632710695266	0.008303708540006482	0.0158390361815691	0.008451091278470813	0.0008819193004943104
G[C>A]G	0.0002047070622211322	0.0011278532445430755	0.0011875914176926016	0.0008007592494323034	0.0016532882815226912	0.0008093582502073371	0.0031230587512254713	0.0035906055010855196
G[C>A]T	0.0003773053642362356	0.01702587977051735	0.006550444476306439	0.01154269352555275	0.010302599053829908	0.00548571995459497	0.012684662081301212	0.006504763052217299
G[C>G]A	0.0006842565664555878	0.008268392644822598	0.0059355208766646685	0.0031738562406805047	0.003054520608020539	0.008253748458810151	0.002479374258366818	0.009694742783904076
G[C>G]C	0.00029000146605540067	0.0078104549087584015	0.006856762245297432	0.003259527136106044	0.0029997834470123054	0.01037394292652607	0.004189111800883438	0.0034163462463766337
G[C>G]G	0.00013871411501895637	0.002237863897244097	0.0024222980020567773	0.0013842041953466833	0.0006313739577308297	0.0006382694540271177	3.8482100291048485e-05	0.003924317669589073
G[C>G]T	0.001155993922782561	0.013656430318951607	0.011870632600039243	0.009603697061538696	0.0012691971153031157	0.0076685885433107615	0.0025603628251701593	0.010109574906527996
G[C>T]A	0.004506962187588215	0.007142784353345632	0.004831836134326295	0.016364699974656106	0.01497321967035532	0.011569031327962876	0.01824642764404416	0.010744574386626482
G[C>T]C	0.0017698808573186398	0.0063585609197616575	0.00910821631550789	0.009242773079313338	0.012834909930825233	0.008961303858086467	0.015646986477077008	0.007365298457443714
G[C>T]G	0.0022916980553418396	0.006005463429028168	0.013702324405312539	0.003639381490938831	0.023052813712274654	0.008504988041720729	0.045272034406661985	0.03198625184595585
G[C>T]T	0.0026427566539496184	0.007427510060369969	0.008734059054404497	0.012329549435526133	0.014132269658148289	0.015244867280125618	0.013259926275350154	0.01363881267607212
G[T>A]A	0.0004100316087715328	0.010664851404726505	0.003000825326623448	0.0038767337100580335	0.002146416075993329	0.0053988642990589145	0.00040918803062573383	0.006284067360684276
G[T>A]C	0.00035715430858545004	0.004898251127451658	0.003948133718237793	0.006124660465866327	0.0014494605479401864	0.008967852964997292	0.003100582386385087	0.00321782068349421
G[T>A]G	0.000501271930988878	0.007378807663917542	0.006180883299805373	0.0058488593436777595	0.0024458758649416267	0.006304730381816626	0.003005089145153761	0.0048779983073472975
G[T>A]T	0.00019368377270218042	0.012330277077853679	0.0021382756600075935	0.01092791361734271	0.0057864509528118115	0.010241615725681186	0.0008145134092509998	0.010145599022507668
G[T>C]A	0.00035799319567061965	0.007208212558180094	0.007245015166699886	0.008412298187613488	0.005253517441470567	0.010115335136651993	0.01030347663909197	0.01227265540510416
G[T>C]C	0.0001485970286012451	0.00638535562902689	0.004201907811511774	0.005883065424859524	0.003875384293496609	0.0030476836021989585	0.007802846282720566	0.01153612695634365
G[T>C]G	0.0004864437311374977	0.00448764800094068	0.0041715907660545785	0.008610035758465528	0.003692238498479128	0.005856439936906099	0.003451962443068745	0.013803636096417904
G[T>C]T	0.00025004134668136276	0.004514161171391607	0.0051415915135294196	0.010068465303629637	0.009126166254281998	0.014353796746581793	0.010229150485247373	0.012607110291719436
G[T>G]A	0.0001683956288616173	0.0038090398535132407	0.0024716116720810534	0.006116037006722763	0.0006764935237057758	0.0034774843137711287	0.00137121407315135	0.006648799966912122
G[T>G]C	0.00022683630522806196	0.0017297127789788647	0.0018818680662661806	0.004893445083871484	0.0012931254343129695	0.003937201970256865	0.0007152348407544196	0.004300751839764416
G[T>G]G	0.0013968166895210743	0.008636025711894035	0.002984675658813227	0.013291692547500133	0.002591008064337075	0.003357364006095054	0.0007619587395197796	0.012961974367499352
G[T>G]T	0.000295158926746808	0.005644587008282543	0.0029371146578341723	0.011525296326726674	0.005240686796605587	0.00283285197801888	0.0030326230684295298	0.009539214614778756
T[C>A]A	0.02758367992937565	0.013763444498181343	0.02285499610006809	0.010082136187702418	0.02510215379297733	0.03226374164223671	0.024570376984775065	0.002451288626934911
T[C>A]C	0.009732220694422722	0.013678066432476044	0.02262081727385521	0.016793425567448138	0.014118763990700245	0.014173115976154805	0.019081565365195275	0.00944077605381608
T[C>A]G	0.0017205103999003769	0.0008934458121075295	0.0005527951863900426	0.000903434886329535	0.004339778563007712	0.001215233118342205	0.003204796859063208	0.0037801701109856367
T[C>A]T	0.013911762461066245	0.022713350877165795	0.02640617024153471	0.022364996783016976	0.03289447799324989	0.020380467176437378	0.033037733286619186	0.0018817405656053974
T[C>G]A	0.15221292078495025	5.0200517462075e-07	0.09390294924378395	0.018720677855096034	0.006721850066793709	0.009129789262624399	0.0037214660213024412	0.01683715602157843
T[C>G]C	0.030628998577594758	0.007701318571344018	0.045898784697055814	0.01096475156955421	0.007617627550871475	0.0129634786603674	0.009935860417317598	0.018551817163825035
T[C>G]G	0.004674030654132366	0.0023951332783326506	0.004625820461660624	0.0012264422875769068	0.00025896018427717666	2.9542424910228844e-27	0.0003513604868203402	0.007829109206795692
T[C>G]T	0.18978423178195952	0.008985246217343956	0.14751024097204207	0.035045881569385526	0.01798035596201126	0.017810131096666737	0.011137396612210786	0.01785001509124413
T[C>T]A	0.2759947061538696	0.01626311056315899	0.016948407765448793	0.00023328832477211847	0.06629623249173164	0.01483305613946868	0.026558070036116987	0.01943107655697531
T[C>T]C	0.051751463860273364	0.00832694564232952	0.00928372640046291	0.007310223831154879	0.04796852692961693	0.012728719180711117	0.032518573477864264	0.012893521404841856
T[C>T]G	0.026964515447616577	0.0009081086271303625	0.007891145349094585	0.001582138193783182	0.02079925863072276	0.0033573918185961873	0.03851035013794899	0.02055949317291379
T[C>T]T	0.13848276138305665	0.026012623310089113	0.02792762853205204	0.00549014033167623	0.04914288073778152	0.016146398169075836	0.030542830005288124	0.002349579680124692
T[T>A]A	0.00030711768211801884	0.008337843604385853	0.004265726784745702	0.010096054710447788	0.022427640669047833	0.021930877678096296	0.01772721018642187	0.009992923526306185
T[T>A]C	0.0001590753849995971	0.010302959010004997	0.004564693290740251	0.00824394291266799	0.0035082171205431225	0.013239319995045662	0.0041860566474497315	0.0006003202984437142
T[T>A]G	0.0002503542462363839	0.00671331025660038	0.002407886405330828	0.00644808397628367	0.003754900605417788	0.0072118961717933415	0.004184721177443862	0.006331786047667265
T[T>A]T	0.0002883917863073293	0.027699339389801025	0.009475583489985649	0.011673709424212576	0.010775724798440934	0.019464293494820595	0.0073830727487802505	0.010885099228471518
T[T>C]A	0.00034697930441263125	0.007816210109740495	0.005188246694160625	0.01209172559902072	0.007928178220768346	0.015650827437639236	0.009868088271468877	0.00867500570602715
T[T>C]C	0.0007820875151082873	0.012423773854970932	0.006353283727845849	0.0016824672755319625	0.006366048632071397	0.015501945093274117	0.007960352348163724	0.014848557766526937
T[T>C]G	0.00021139803985761318	0.006701745418831706	0.004047238314524293	0.006101691257208585	0.008064971351996065	0.005463860636767048	0.005035743536427617	0.004017490544356406
T[T>C]T	0.00034312953652160407	0.009528063237667084	0.00580688202753663	0.01877190116792917	0.014457629434764386	0.006251335516571999	0.014821673929691314	0.007438002713024616
T[T>G]A	0.0001442484568542568	0.005054234713315964	0.002378149563446641	0.010627735871821642	0.005318304628599435	0.004705567564815283	0.0037536378717049957	0.007644947664812207
T[T>G]C	8.036093204282426e-05	0.0064874292816966776	0.0014333706370318138	0.004717087047174573	0.0036341122676361694	0.004535384755581617	0.002377382549457252	0.0061281929723918434
T[T>G]G	0.0002632646690472029	0.007199841225519777	0.004198311132824983	0.011773923877626657	0.0027790599895524794	0.010190589353442192	0.0023022752313409	0.012742106989026069
T[T>G]T	0.0005600284057436511	0.008230823651495354	0.00806207531131804	0.020261861756443976	0.007833911082707345	0.010775964893400668	0.010408126655966044	0.023924867250025274
