MutationType	ID83A	ID83B	ID83C	ID83D	ID83E	ID83F	ID83G	ID83H	ID83I	ID83J	ID83K
1:Del:C:0	0.00000065	0.00111721	0.00200838	0.00000051	0.00005129	0.00000462	0.00412032	0.00170640	0.00381160	0.00145056	0.00392243
1:Del:C:1	0.01552551	0.02340442	0.00529984	0.00000001	0.93449315	0.00003013	0.00000672	0.00000482	0.00000727	0.00000417	0.00000383
1:Del:C:2	0.00002478	0.01795176	0.59989863	0.00000047	0.00897682	0.01319807	0.00042277	0.00000643	0.00000790	0.00000319	0.00000377
1:Del:C:3	0.17141763	0.15282632	0.10923741	0.00972146	0.00001575	0.00003057	0.00326247	0.00000221	0.00000694	0.00000478	0.00000624
1:Del:C:4	0.07393729	0.14126476	0.06306391	0.05364506	0.00000693	0.00475632	0.04657288	0.00000709	0.00001331	0.00001014	0.01763304
1:Del:C:5	0.01275876	0.01395360	0.00468442	0.18001397	0.00000886	0.00018125	0.03854022	0.00000660	0.00001281	0.00001450	0.00345863
1:Del:T:0	0.00000138	0.00024382	0.00000164	0.00005060	0.00006048	0.00014492	0.00089617	0.00096757	0.00161539	0.00042486	0.00064787
1:Del:T:1	0.00595122	0.00951479	0.00929889	0.00000387	0.01396351	0.86424756	0.00000785	0.00000530	0.00000642	0.00000370	0.00000395
1:Del:T:2	0.04497241	0.36482265	0.11428538	0.00001958	0.00001533	0.05388666	0.01170608	0.00000393	0.00000776	0.00000421	0.00000505
1:Del:T:3	0.44690250	0.00521700	0.03436745	0.00610673	0.00000824	0.00003088	0.00001837	0.00000336	0.00000774	0.00000332	0.00000902
1:Del:T:4	0.12615688	0.07266344	0.03484038	0.04537186	0.00001029	0.00651460	0.17655413	0.00000659	0.00000717	0.00000356	0.00000858
1:Del:T:5	0.06583916	0.04930381	0.00905217	0.43988428	0.00000248	0.00001286	0.03697475	0.00000007	0.00000227	0.00000096	0.01226402
1:Ins:C:0	0.00000030	0.00000398	0.00569078	0.00041615	0.00089667	0.00156294	0.00435211	0.00190807	0.00707298	0.00310445	0.00321810
1:Ins:C:1	0.00000109	0.00000400	0.00000378	0.00152407	0.00000601	0.00088773	0.01670405	0.00956700	0.01950430	0.02086322	0.02356604
1:Ins:C:2	0.00000128	0.00000430	0.00000152	0.00053862	0.00000364	0.00000402	0.01194551	0.00599449	0.00945385	0.00992181	0.02146426
1:Ins:C:3	0.00427002	0.00000360	0.00003310	0.00327254	0.00000278	0.00000744	0.00603611	0.00092698	0.02655504	0.00307349	0.02007655
1:Ins:C:4	0.00004894	0.01305267	0.00000132	0.00260730	0.00000457	0.00000740	0.00669723	0.00469568	0.01807915	0.01282551	0.04262086
1:Ins:C:5	0.00000176	0.01167030	0.00000099	0.06296570	0.00000239	0.00000133	0.00476126	0.00202326	0.01967143	0.00268579	0.05433178
1:Ins:T:0	0.00000032	0.01940197	0.00000433	0.00129273	0.00000524	0.00000246	0.00814487	0.00559100	0.02161187	0.01419570	0.01380113
1:Ins:T:1	0.00000088	0.00000147	0.00000347	0.00000026	0.00000610	0.00000409	0.01643499	0.03356371	0.19045418	0.03884223	0.02191030
1:Ins:T:2	0.00000933	0.00710771	0.00000070	0.00685123	0.00000255	0.00015956	0.01658684	0.00014835	0.03278728	0.01157333	0.03252823
1:Ins:T:3	0.00000411	0.01761365	0.00000299	0.00970562	0.00000508	0.00915873	0.00001117	0.00812284	0.01943985	0.00929166	0.02251538
1:Ins:T:4	0.00000199	0.01261715	0.00000114	0.00431648	0.00042775	0.00254100	0.00096595	0.00081871	0.00234218	0.00380457	0.00693626
1:Ins:T:5	0.00000001	0.00000123	0.00000000	0.07927124	0.00000179	0.00000213	0.02052390	0.00632946	0.00760021	0.06913486	0.25355901
2:Del:R:0	0.00000428	0.00000133	0.00000009	0.01284658	0.00000024	0.00000001	0.00104771	0.00000120	0.00000625	0.47555835	0.00000365
2:Del:R:1	0.00000544	0.00160922	0.00000107	0.00023759	0.00000481	0.00390549	0.00061564	0.00380027	0.01456526	0.00540841	0.01212305
2:Del:R:2	0.00000117	0.00000480	0.00000219	0.00000134	0.00012459	0.00000554	0.00064619	0.00014296	0.00017283	0.00042030	0.00111716
2:Del:R:3	0.00000109	0.00000538	0.00000240	0.00000123	0.00006188	0.00000549	0.00055615	0.00008319	0.00134407	0.00014687	0.00113345
2:Del:R:4	0.00000095	0.00000496	0.00000169	0.00000115	0.00011627	0.00000493	0.00037132	0.00127237	0.00214194	0.00051814	0.00003019
2:Del:R:5	0.00000148	0.00000630	0.00000288	0.00000222	0.00000827	0.00000677	0.00001696	0.00002360	0.00003175	0.00002794	0.00002794
3:Del:R:0	0.00004012	0.01650094	0.00001706	0.00698521	0.00019769	0.01696323	0.00462495	0.01189571	0.10382830	0.06777577	0.04963455
3:Del:R:1	0.00000075	0.00332957	0.00000228	0.00773669	0.00000406	0.00000507	0.00199885	0.00022534	0.00513560	0.00234809	0.00250193
3:Del:R:2	0.00029149	0.00000536	0.00134930	0.00006651	0.00000789	0.00071195	0.00001468	0.00007103	0.00050997	0.00183086	0.00123812
3:Del:R:3	0.00000148	0.00000630	0.00000288	0.00000222	0.00000827	0.00000677	0.00001696	0.00002360	0.00003175	0.00002794	0.00002794
3:Del:R:4	0.00000148	0.00000630	0.00000288	0.00000222	0.00000827	0.00000677	0.00001696	0.00002360	0.00003175	0.00002794	0.00002794
3:Del:R:5	0.00000148	0.00000630	0.00000288	0.00000222	0.00000827	0.00000677	0.00001696	0.00002360	0.00003175	0.00002794	0.00002794
4:Del:R:0	0.00193504	0.00000449	0.00000027	0.00806278	0.00000182	0.00047294	0.01373642	0.01131578	0.02506218	0.02218201	0.07958177
4:Del:R:1	0.00122952	0.00000548	0.00000160	0.00000077	0.00000940	0.00039605	0.00032672	0.00011164	0.00213439	0.00176160	0.00123699
4:Del:R:2	0.00000148	0.00000629	0.00000288	0.00000223	0.00000827	0.00000677	0.00001696	0.00002360	0.00003176	0.00002795	0.00002795
4:Del:R:3	0.00000148	0.00000630	0.00000288	0.00000222	0.00000827	0.00000677	0.00001696	0.00002360	0.00003175	0.00002794	0.00002794
4:Del:R:4	0.00000148	0.00000630	0.00000288	0.00000222	0.00000827	0.00000677	0.00001696	0.00002360	0.00003175	0.00002794	0.00002794
4:Del:R:5	0.00000148	0.00000629	0.00000288	0.00000223	0.00000827	0.00000677	0.00001696	0.00002360	0.00003176	0.00002795	0.00002795
5:Del:R:0	0.00000015	0.00000162	0.00000001	0.00000602	0.00000010	0.00000015	0.00000931	0.65733598	0.00000405	0.01318997	0.00000522
5:Del:R:1	0.00000148	0.00000630	0.00000288	0.00000222	0.00000827	0.00000677	0.00001696	0.00002360	0.00003175	0.00002794	0.00002794
5:Del:R:2	0.00000148	0.00000630	0.00000288	0.00000222	0.00000827	0.00000677	0.00001696	0.00002360	0.00003175	0.00002794	0.00002794
5:Del:R:3	0.00000148	0.00000630	0.00000288	0.00000222	0.00000827	0.00000677	0.00001696	0.00002360	0.00003175	0.00002794	0.00002794
5:Del:R:4	0.00000148	0.00000630	0.00000288	0.00000222	0.00000827	0.00000677	0.00001696	0.00002360	0.00003175	0.00002794	0.00002794
5:Del:R:5	0.00000148	0.00000630	0.00000288	0.00000222	0.00000827	0.00000677	0.00001696	0.00002360	0.00003175	0.00002794	0.00002794
2:Ins:R:0	0.00000045	0.00381876	0.00000230	0.00000000	0.00122506	0.00000240	0.00818611	0.00051645	0.01545352	0.00494895	0.02213723
2:Ins:R:1	0.00122938	0.00253801	0.00000344	0.00075247	0.00000235	0.00077736	0.01417980	0.00233218	0.03727488	0.00972134	0.01674300
2:Ins:R:2	0.00000073	0.00574309	0.00000136	0.00000000	0.00269633	0.00000742	0.00587995	0.00451905	0.02180662	0.00439158	0.01517043
2:Ins:R:3	0.00000131	0.00000595	0.00000247	0.00101641	0.00000789	0.00000624	0.00007831	0.00002227	0.00003038	0.00003031	0.00012254
2:Ins:R:4	0.00101823	0.00013159	0.00000198	0.00142625	0.00000676	0.00034160	0.00120532	0.00016832	0.00091944	0.00022227	0.00207391
2:Ins:R:5	0.00081497	0.00115632	0.00000171	0.00210815	0.00012396	0.00048643	0.00027872	0.00080382	0.00021621	0.00088337	0.00504790
3:Ins:R:0	0.00000083	0.00000341	0.00000229	0.00112590	0.00000514	0.00000562	0.00638090	0.00234251	0.00573826	0.00447482	0.00550151
3:Ins:R:1	0.00000040	0.00136488	0.00000120	0.00145314	0.00044020	0.00151004	0.00117232	0.00059125	0.01074747	0.00195168	0.00435322
3:Ins:R:2	0.00000130	0.00000513	0.00000215	0.00163109	0.00000706	0.00023686	0.00145267	0.00171024	0.00401774	0.00181343	0.00425075
3:Ins:R:3	0.00000148	0.00000629	0.00000288	0.00000223	0.00000827	0.00000677	0.00001696	0.00002360	0.00003176	0.00002795	0.00002795
3:Ins:R:4	0.00000100	0.00000463	0.00000181	0.00151383	0.00000608	0.00000474	0.00017391	0.00030470	0.00052757	0.00031875	0.00141340
3:Ins:R:5	0.00000078	0.00129639	0.00092414	0.00230700	0.00013889	0.00110013	0.00096153	0.00102399	0.00002866	0.00071736	0.00098016
4:Ins:R:0	0.00000052	0.00017029	0.00134854	0.00040595	0.00012315	0.00000333	0.00318748	0.00250726	0.00228229	0.00251229	0.00461563
4:Ins:R:1	0.00000189	0.00206560	0.00000168	0.00132163	0.00000551	0.00000518	0.00628376	0.00226889	0.01544573	0.00170136	0.00384763
4:Ins:R:2	0.00000084	0.00047887	0.00000160	0.00000075	0.00011562	0.00023423	0.00081824	0.00019645	0.00243342	0.00035781	0.00230268
4:Ins:R:3	0.00000148	0.00000630	0.00000288	0.00000222	0.00000827	0.00000677	0.00001696	0.00002360	0.00003175	0.00002794	0.00002794
4:Ins:R:4	0.00000148	0.00000630	0.00000288	0.00000222	0.00000827	0.00000677	0.00001696	0.00002360	0.00003175	0.00002794	0.00002794
4:Ins:R:5	0.00000077	0.00000534	0.00000187	0.00000144	0.00000635	0.00000532	0.00022205	0.00014098	0.00023164	0.00053764	0.00080719
5:Ins:R:0	0.00000008	0.00477330	0.00368491	0.00046088	0.00161061	0.00183762	0.00570392	0.00670673	0.00589395	0.00177739	0.00684418
5:Ins:R:1	0.00001022	0.01017378	0.00000240	0.00000003	0.00083529	0.00000346	0.00844391	0.00618675	0.02654660	0.01327805	0.01628202
5:Ins:R:2	0.00000148	0.00000630	0.00000288	0.00000222	0.00000827	0.00000677	0.00001696	0.00002360	0.00003175	0.00002794	0.00002794
5:Ins:R:3	0.00000148	0.00000629	0.00000288	0.00000223	0.00000827	0.00000677	0.00001696	0.00002360	0.00003176	0.00002795	0.00002795
5:Ins:R:4	0.00000095	0.00000570	0.00000228	0.00066438	0.00020645	0.00000559	0.00018852	0.00002019	0.00071186	0.00062085	0.00008847
5:Ins:R:5	0.00000080	0.00029537	0.00000213	0.00000125	0.00000601	0.00000532	0.00039027	0.00013045	0.00023598	0.00037570	0.00251539
2:Del:M:1	0.02452460	0.00000291	0.00000045	0.00056718	0.00815442	0.00000390	0.02508543	0.00598053	0.04953362	0.05251640	0.04233647
3:Del:M:1	0.00000001	0.00000638	0.00000000	0.02811540	0.00000085	0.00000078	0.04449039	0.00000477	0.09522636	0.03333708	0.04085265
3:Del:M:2	0.00000051	0.00000396	0.00077717	0.00867589	0.00118303	0.00000297	0.00860379	0.00091195	0.04042309	0.02304147	0.00569796
4:Del:M:1	0.00000169	0.00000279	0.00000094	0.00174816	0.00330946	0.00000122	0.00747525	0.00532914	0.06729944	0.02264704	0.03254195
4:Del:M:2	0.00000070	0.00000355	0.00000068	0.00000001	0.00189592	0.00284885	0.00405395	0.00101777	0.01416347	0.00959214	0.00688054
4:Del:M:3	0.00000070	0.00000397	0.00000144	0.00000053	0.00114325	0.00000443	0.00142717	0.00001637	0.00686163	0.00210764	0.00234282
5:Del:M:1	0.00000028	0.00000157	0.00000309	0.00000429	0.01287461	0.00000003	0.30151152	0.12477760	0.00658514	0.00651445	0.00000694
5:Del:M:2	0.00000029	0.00000184	0.00000887	0.00086808	0.00420187	0.00000304	0.07122270	0.04245216	0.01650637	0.00001982	0.03014062
5:Del:M:3	0.00000120	0.00662597	0.00000149	0.00000026	0.00000425	0.00810570	0.01080353	0.01269454	0.00581331	0.00408356	0.01477312
5:Del:M:4	0.00000090	0.00376773	0.00000149	0.00000021	0.00000401	0.00142130	0.00156109	0.00398178	0.00833754	0.00136369	0.00424243
5:Del:M:5	0.00101873	0.00019084	0.00000178	0.00026319	0.00000436	0.00105871	0.00207757	0.00125075	0.00315259	0.00125379	0.00148384
