MutationType	SBS96A	SBS96B	SBS96C	SBS96D	SBS96E	SBS96F	SBS96G	SBS96H	SBS96I	SBS96J	SBS96K	SBS96L	SBS96M	SBS96N
A[C>A]A	0.00028075468053240606	0.0015177619040400714	0.0006690688854045372	1.2786821059762588e-07	0.0020107714964278027	2.504377941174122e-07	0.0026906430044945752	0.015563312876937137	0.0021977937453812046	0.005067866974216883	0.007877262230171786	0.03308087051657178	0.031052112304441454	0.02234929283006295
A[C>A]C	9.589883901668372e-05	1.2296452543599418e-07	0.004592190431048948	0.0005804252004262859	0.0010471427135679316	0.0003620082159348688	0.004240211217753398	0.033039928666074275	0.008053198565007354	0.013019471892808573	0.00519084829293585	0.05200841496687853	0.02863129985681212	0.01903948427849258
A[C>A]G	8.052645474284266e-07	5.190251783915301e-09	0.0020524534324067646	0.0015279763450829857	0.00041644404069908584	0.001217651577098877	0.000996150192895584	0.0014796649357727472	0.002504893067899161	0.007527356113664989	0.005202380720380499	0.013077583144816647	0.004918685021939952	0.009011122718042467
A[C>A]T	1.2584266073645267e-08	7.47005155479504e-05	0.0070149493377291115	0.00020318662362820797	0.0004825519153826008	0.0024534925093879184	0.0010537543574173469	0.02036102286926204	0.0014122299368636959	0.007806039670842324	4.864021727068272e-05	0.019045015893563763	0.022763505638004725	0.001837213722790428
A[C>G]A	2.4946309858364656e-05	0.0026648003781777636	0.009117636110715921	2.2073995893379105e-07	0.0010862845269050089	3.1894293582960626e-05	0.0014983375631156075	0.005078532318880017	1.6787258682408417e-07	0.04403341417909322	0.0036548197208186176	0.0013464228124921837	0.016065715937942097	0.0009632144859333873
A[C>G]C	0.0010036149321725437	0.0007506472477227059	0.0032560894433027936	0.00014167998633591122	0.002951975106941518	0.0005152250786541875	0.0004123109897723983	0.0006829103243584692	0.001885150696133072	0.02631116114707292	0.010276898010950693	0.01296002302263209	0.008603828032528326	0.008337670226380094
A[C>G]G	4.2936231542019717e-07	0.0004946382367203721	0.0006961656957825468	1.8395626663429236e-07	0.0012177253852920936	0.0005308765095103732	0.0019985330727299317	0.003805948093651068	0.00035371760441288793	0.023770645852854006	0.0011718590745033453	0.009427042692955941	0.008552926413070356	0.004063026361101881
A[C>G]T	3.9822677990741795e-05	0.0030605749739218407	0.0031483341869943614	8.897168347251258e-08	0.002099129160192111	0.0008198623693412325	0.000646332659005111	0.001444622950748453	0.0028648713591483284	0.04003368970729752	0.0038216209172125953	0.014850631780783392	0.007529074434690604	0.0023389931345150217
A[C>T]A	0.002659812707376356	0.00035982572541494543	0.00042412108400640135	0.014317913470745226	0.0052076556162887755	0.004034873516905746	0.0249939259356798	0.020485398089684283	0.03350587249142336	0.013459099883887878	0.009106814181340421	0.030649878292285847	0.0037626048472399515	0.022057359274595
A[C>T]C	0.00021090890847877593	0.00046211152754646416	0.01815329954418606	0.006305021488284505	0.00395113614932446	0.007300247302678523	0.012257657472014216	0.020665563526814406	0.025482865370222523	0.007831434076656289	0.008186155665475781	0.02342986268531604	0.013984245496491592	0.015334048706055608
A[C>T]G	0.00031819771578132835	0.0028719780594656185	0.0021875703439339605	0.20789097337949064	0.0035551013184241735	0.011597181216467333	0.004330496131382233	0.28153129462788606	0.0330140771086576	0.0010288493648298906	0.0006299011409282684	0.000282563930167621	0.002535750240440393	0.009789508753967406
A[C>T]T	0.00031093128188596587	9.401482354102578e-08	0.0037171735201506333	0.004982088802261349	0.007374384850626825	0.005811985786771364	0.01310465896427407	0.007199498535851489	0.02203868567714835	0.014362736199579255	0.023573022925347686	0.008548774640710613	0.01160130746300941	0.009466954015659704
A[T>A]A	9.405519326340557e-10	0.00013701996768891906	0.0026437440737330084	0.0003865227206037029	0.0016840273243602156	0.0028482363369676023	0.0009119173211265282	0.009147652956676685	0.0023932377456115242	0.003999132835519959	0.0010058700549852992	0.004838060775963034	0.002299088069896508	0.018145863406205838
A[T>A]C	1.4087702341688176e-05	9.914230149661307e-05	0.0019788232191179605	0.00483841308102626	0.0013154563443890765	0.0020383514317254972	0.004935804821876388	0.021289328889080632	0.0021959738073406023	0.002652467606622129	0.007660450153329635	0.008678904914059633	0.010643992834786786	0.010236755001271074
A[T>A]G	5.876977710812525e-05	0.0002619597363225997	0.004564039983476201	0.0006209290186779034	0.0063777444048582765	0.0007348562152761436	0.01050174182894305	0.027404401208866603	0.004394898943208621	0.0017096448699769932	0.0006415769998416939	0.008421807329019279	0.004617690335804051	0.011929743283243017
A[T>A]T	1.1092527529399377e-06	7.435957009297075e-05	0.002867137039078216	0.00047629119881946734	0.004386281314214102	0.012530739319081855	0.00048631886217928393	0.009066959285377152	0.00045510904831758126	0.001174486241939121	0.0015449169187490952	0.005964486520717098	6.774052597601591e-05	0.029422473306725296
A[T>C]A	2.3354974405413617e-46	5.62845514823924e-05	0.022083514356813792	0.005324963099402187	0.0045034637774506335	0.03214086451547473	0.01000038447479407	0.01897573469177208	0.003567349145686194	0.00030884190114885965	0.0005440464350075539	0.006669957423681202	0.0037022856762841156	0.037877782285506596
A[T>C]C	6.867836927995085e-05	0.0003579707703298111	0.0036102724794972118	0.0011593136374510018	0.0016860194176426073	0.028883611674730976	0.0013898656470701098	0.006416655993067858	0.005832792541084568	0.005919845850928596	0.0006095876606802146	0.020646397543714556	0.003418592457122334	0.00932393872741765
A[T>C]G	1.2715489106085443e-09	2.2399019629422887e-05	0.0017909621198972066	0.008028064579325664	9.451508329145023e-05	0.0634774356467157	0.0016298132183237613	0.024343052664979343	0.02522209780172394	0.002178894813323495	0.0010229138737552527	0.009784367613156065	0.0009749271284325308	0.044302997730892454
A[T>C]T	2.6311743302661245e-09	0.00017940884122917092	0.0069584603972726216	0.005323933453214144	0.0031757865810258562	0.006376646980544365	0.005335146994430791	0.028830417020445035	0.014323221519346892	0.00429346356406531	0.0035054233923877596	0.005681839556885393	0.0017210128517641957	0.06216502426077568
A[T>G]A	0.00013944069059495707	9.950017145380723e-05	0.0005613264779602407	7.029728924597596e-07	0.0023189246732196506	0.00031285414819611407	0.001118962879330591	0.0036069756012982643	0.0006267879757080171	0.0019436765006656032	0.0028191020521868876	0.003561014635348177	0.004778461427804122	0.00784007671864515
A[T>G]C	5.500521542292821e-05	0.00010483010405408777	0.0023684014038129436	0.00027803842395783817	0.0006896997719024967	0.0008326009551088494	0.0022523314465701105	0.0023467787827712526	0.0018416934451077319	0.0034530307723533347	0.0009372477412095275	0.0037837139228808305	0.0027439246148181456	0.005817791811470367
A[T>G]G	1.653487303106734e-06	6.656000900117457e-05	0.00019241447513422826	2.547950818628427e-07	0.0013016366380422066	0.0003346620970584505	0.0008961656113380438	0.0003406602947071254	0.0018747616957853098	0.011159324848094343	0.002851954992262525	0.005731170481585461	0.01068031819043919	0.002735229505873349
A[T>G]T	3.684629561272838e-05	3.215758580002633e-05	0.0018762811203941964	0.00031196950269454977	0.00012377213831366558	0.0008782715964040714	0.001391872394049898	0.0017722187020253225	0.00041608712301884526	0.003372671280163312	0.0020471346214283887	0.004799022248228842	0.005326954885525955	0.012201425979637767
C[C>A]A	7.368667140023414e-05	0.000936244915677283	0.0037850779979711055	2.915967570515932e-07	0.0001730147949804935	0.00761505337292571	0.007215814696966542	0.0019992196572843567	0.0038242256946242983	0.02602391690568311	0.0074933199040894275	0.02855663811416207	0.04338953811033359	0.003578342102740824
C[C>A]C	0.00011960748483943461	0.00014540063261708758	0.005664707132427793	0.00035881970303535126	0.002581716210822075	0.011363215987512377	0.0029065976043663494	0.0032209514483838575	0.028601351851311088	0.02194991464539337	0.005500461471751805	0.017686829315594108	0.021731879480607102	0.005007651761040203
C[C>A]G	2.4869389824289102e-05	0.00018563884835363827	0.00046072016884863843	0.0009083984979928535	0.002410047990269959	0.004899483849294483	0.00314604789359881	0.0018776920600051502	0.008154249040808281	0.011379241346271366	0.0022204166386700307	0.015689490552847473	0.0059159203245902365	0.0027958804008524868
C[C>A]T	3.2696964167579066e-46	0.0007504400752926207	0.001583643009867804	0.0014155285516153527	0.009328885791423621	0.03759698498091287	0.00035957979626649226	0.006975415057752343	0.04254396331304046	0.004233561023824942	0.00385003011807233	0.0049868456356989554	0.00738977714269519	0.007018331128900475
C[C>G]A	1.813686746270673e-06	0.00404966961924913	0.010523644433725348	2.569592538748111e-08	0.002345363761989224	0.00018259974793011224	4.3782942545552334e-07	0.006860551961445556	0.0013354149475316508	0.03063068507964696	0.0038061688427802665	0.007885056004922338	0.01592712222240304	0.004686055834421173
C[C>G]C	0.0003064989329966276	0.0003649754114453193	0.0008987107664703823	7.272296471683149e-08	0.00699322674639878	9.921971380701203e-05	0.002536413749893522	0.0012587315047644172	0.0060330776498699855	0.030140589985433053	0.006587260029259312	0.01352140840362684	0.005299974908361567	0.007875273704924742
C[C>G]G	4.899624755694276e-06	8.067755004503851e-07	9.434480337707403e-09	0.0018109901989329083	0.0006563076680834001	0.00010597447129138497	0.001851336699925555	0.008752680963038984	0.0030154316873980255	0.03238191238694223	0.004590045625603049	0.01079622524602352	0.004830046073225466	0.008411250225960506
C[C>G]T	0.00048684438938456274	0.006100949418278863	0.006076029528244	2.0530702945128118e-07	0.0011442479470512505	0.00013386303424643605	0.00047050786997715477	0.0040764090686877955	0.003143893481929657	0.07467552444225779	0.0033108422443604013	0.002185279141980819	0.007446254941817188	0.008340778653140054
C[C>T]A	0.003383660454467948	0.008015797690829156	0.009263610485897977	0.008430731896443907	0.033796508779782165	0.0006632314749235017	0.037967259355434636	0.027419708266662703	0.004674880721953893	0.004005202542369564	0.04619881261989936	0.018541699387351212	0.03421681774126739	0.044621199864617246
C[C>T]C	0.0012599275406559877	0.001098756283477087	0.005553303987517211	0.009668161765061238	0.005324597272632067	0.0026039353499224187	0.0021097793185163027	0.02306306401647144	0.03290021066064052	0.004997158527066859	0.015191214484790787	0.07579606871754928	0.005098167021784169	0.008560084200242575
C[C>T]G	0.005082978070159546	2.9465595865291645e-05	0.010029739679646255	0.29834299435218176	0.009257474217336581	0.004787002780987374	0.03828877767904929	0.030871822342411783	0.01884201435993115	0.004440631242690616	0.024835466265964595	0.02041596842324604	0.015042948785783968	0.011893016412557245
C[C>T]T	0.005570563313085586	0.002847183160596008	0.014282974402037022	0.007926323749669943	0.01214852445696882	0.0033438140102740968	0.012304718084007505	0.02783835893563188	0.011604107208161926	0.015612516325283347	0.011205185996671693	0.08154168222099542	0.0077290160069196645	0.014098497200536792
C[T>A]A	6.783265815784034e-05	0.00028908070732237926	0.000404583715175022	2.604782556166659e-07	0.002399223442072677	0.0033356539548454597	0.00017683246615357955	0.0014168448171394251	9.181943646202247e-05	0.0057268337676030494	0.00028083921829420434	0.004666418335053398	0.004347718604477062	0.006532543490986124
C[T>A]C	1.5005831028247484e-05	5.308200769889026e-05	0.001034860017155855	8.162030316801368e-05	0.004771044053419852	0.005102283503462483	0.004258551845975944	0.000610236163992776	0.0019110561463321573	0.02259296074577861	0.0017081969399005933	0.015038175295548939	0.004532518179094798	0.005357856904258066
C[T>A]G	0.00012164515355432097	9.775337900919113e-07	0.0005016593626199513	0.0016032143847117672	0.00010575880630696588	0.0037975396661219444	0.0035660927244559088	0.007799463479062752	0.001254316927762981	0.026533843056434612	0.0013525322980891966	0.015225072634916615	0.01381449900845837	0.02033056146004727
C[T>A]T	7.489920242278458e-05	8.963764180217974e-06	0.00013769395565835414	3.0783510359350775e-05	0.0028571488742604365	0.0013976817803268205	0.0002068049082822654	0.004857867959932112	0.004431831036519422	0.018469183321327402	0.0038925870175951617	0.009678901163886167	0.010984515418022056	0.009517959324254359
C[T>C]A	3.100385228549385e-08	5.431447369375064e-06	0.00014190180026692664	9.574611350444684e-05	0.0004892362791025562	0.03678191812759905	0.0002501108174442379	0.0016474423950382307	0.002639704193271323	0.0016173606740513453	0.001398989605823194	0.0016677046193175709	0.0011468915910938903	0.006748845465000386
C[T>C]C	0.00015496944828825577	2.8025969286496343e-46	8.586040617425776e-05	0.0006394550497816453	0.004195641559044816	0.027644105960295443	0.00477259873811704	0.002997493156302274	0.003254910531884055	0.006016959695277061	0.006311677719152969	0.004749313281812799	0.008764513475460945	0.03402883782653892
C[T>C]G	1.0358938122105125e-08	1.3123004631173293e-05	0.0015282861505558762	0.000201895795075302	5.501503797707604e-07	0.10376086240072861	2.2336947097301162e-06	0.002597043505460306	0.015552011658655829	0.0031608363951515154	3.3212647849723e-06	0.00022613019065313247	0.0007287680901773304	0.009273893306915918
C[T>C]T	6.460964990158875e-05	0.00015999061971948929	0.004783247808518354	0.0002865848271198956	0.0008695369204057594	0.02808158076515307	0.003911484503241051	0.003131334266314904	0.005089754442800161	0.007930889551613519	0.008964311560672893	0.007615928839290594	0.0032400378096583294	0.036753374362857964
C[T>G]A	1.3706632792794456e-05	1.003556966082445e-05	0.0006120409766632898	0.00011698086440314152	0.001035955777167056	3.550994483513629e-05	0.0014192264081591096	0.002989081570368531	0.0006101099080372781	0.004282284842778002	0.00021028128602769888	0.0034388122980260503	0.0016165653145842876	0.007137686008837818
C[T>G]C	2.1701506194441816e-05	5.843652831079756e-05	0.0033699485786920984	0.0016041137225195753	0.0035872368142008783	0.010566051606171337	0.006254563251938332	0.0033746382547159707	0.004809505608606438	0.0029335554482258887	0.0012069813931210168	0.005016280826521324	0.003673407161272735	0.004858675414149142
C[T>G]G	0.0	0.0	0.0036187204454724525	9.612790023538765e-07	0.0032474424319540655	0.011622067945548526	0.0007332752695702993	0.005655359119989119	0.001778560274207545	0.025890045269659368	0.0020674664223633956	0.0022944662901816554	0.008745449712647731	0.0033849388596512617
C[T>G]T	4.1505706356304016e-07	0.00046231415062152336	0.0011199826404966493	0.0014981442604292757	0.0007284564645791155	0.010336296857288593	0.0033384676382562854	0.0020773434896923957	0.00484604948088266	0.015185153046119618	0.0014356699293254374	0.014874144472549903	0.0068447758239576235	0.018278694488474894
G[C>A]A	1.5663306012214663e-07	2.2899963929356734e-06	0.006522454028155991	0.0002373362863970385	0.005523859776716714	1.6198872877737359e-06	0.025874969875897373	0.017631425080971517	0.002476979124387905	0.010469678154883392	0.007833760411180179	0.026286450847321893	0.035335416221765094	0.006163973169594783
G[C>A]C	7.914466162522634e-05	0.0005121250240954329	0.002754982300575648	0.002009487861285682	0.00283843403061231	0.0021153873760643665	0.007651060872854032	0.013063628221621097	0.012676456276100605	0.013074411987670533	0.008111539530051459	0.024217708744276933	0.029094325740268562	0.00422469376673007
G[C>A]G	1.3423384075395006e-06	4.6709948810827235e-47	0.0006917738597394419	0.0017777210987783103	7.915773150367992e-05	0.0003500903081506597	0.013965322592179537	0.006911593152623633	0.008993964239314778	0.0007402231559732778	0.005490677267649247	0.006559933360131253	0.009464705871884386	0.0018929648329404358
G[C>A]T	3.799274850280199e-09	0.00030138148644454077	0.013009905474081524	0.0011228552894417968	0.0023118789857695297	0.0017278790873338798	0.005128267110641597	0.009621046095340091	0.003443671434767263	0.012568611796645257	0.008184652907517057	0.012408014902888493	0.041828612785942215	0.0018523435838697347
G[C>G]A	0.00010005267416772768	0.0012934464369701952	0.004333957000956919	5.236498736849171e-08	0.00035698557721985935	0.0004230978969810432	0.0021861319702225048	0.0022894051562578474	0.0006783565123735495	0.02249326508105393	0.002882828087604467	0.007748348265977256	0.010202468102401477	0.0038231519385713507
G[C>G]C	0.00022829758591645563	0.0010360920258411473	0.0004820089769964397	7.137538736543548e-05	0.005589560615960446	0.0038230782216184403	0.003745512068443683	0.004300825624265296	0.008553246302254063	0.017977526176491666	0.003117921038089359	0.009804569935818108	0.011072036141388252	0.012158929565800254
G[C>G]G	0.00015728479408873378	0.000392139270959054	0.0017062168413464935	5.166771529137767e-07	0.000571303939881318	7.257811850204613e-05	0.0013730636680385788	0.003344590440722565	0.0006269030171978329	0.00958749066919798	0.0017056399738246833	0.008921429398405204	0.0030304946666584935	0.003443439211997893
G[C>G]T	0.0007477947135195488	0.0008298601839385356	0.0018663285136995	1.8395098926760056e-05	0.0027186750080052963	0.00032502428414886707	0.0021268206716664887	0.0015464702551980735	0.000916419710543008	0.04791745331222804	0.006163302304851944	0.006659354516548888	0.013317251359992118	0.005567189662698979
G[C>T]A	8.55275459192247e-05	0.006668061905535675	0.01824173096046214	0.0048514239673551176	0.00431997102269861	0.01916576394568968	0.007375422702326281	0.010844535502051637	0.07933345980012897	0.00526946413072551	0.030830224580017784	0.011009492857760605	0.006704400170951886	0.01696381955613712
G[C>T]C	0.0004901216479614353	0.0026940017512391895	0.0024285752689669	0.009559803073972261	0.004439666415645623	0.022952698140790536	0.006513739850186311	0.01340517211146445	0.15211090296506882	0.005312348614681165	0.004132542255465429	0.007573256516646628	0.0007297423869334333	0.007057872472321947
G[C>T]G	0.0003044581382392645	0.0006191013173141376	0.006315056186701421	0.2999641677929655	0.00040288665073452045	0.028161962784694575	0.024727187335944714	0.014147365680772357	0.11278530035243647	0.004057702780987545	0.005789616013468428	0.000783405641065378	0.0031564535014680928	0.01736140681825115
G[C>T]T	0.0013137484779503457	0.001120711988410979	0.0011793682008525745	0.011563441169492943	0.005095588667609263	0.023257850666834657	0.0015248148068318793	0.01375114333017488	0.07834344670445717	0.009675431157713394	0.006272152615854764	0.006412717725475166	0.01624580930435589	0.009369314866708578
G[T>A]A	0.00016907999815884978	8.352726072189399e-05	0.00033755324254040414	4.78371539240167e-05	0.001013673379473327	0.003203343371084581	0.0018749793503729962	0.00207946013825809	0.000582402687011078	0.003917811489554879	0.0027346427562709628	0.0023531660849774503	0.004092404361843668	0.005084581977795702
G[T>A]C	0.00020305781826929602	0.00015909690940437335	0.0037430671399874883	2.59957398422254e-07	0.002911431745396396	0.002548173556768063	0.0013905606938313516	0.005110146581888368	0.0037203748029279874	0.007405899647972091	0.00035991733474721363	0.009391154037029992	0.004131472316226829	0.009767765541836108
G[T>A]G	0.0001082359727114716	1.3243288417659945e-05	0.0019547765568442327	8.165559734152339e-07	0.0005039681942776042	0.002952878909491119	0.0015099390863724694	0.003237304951128787	0.0007694404353230766	0.01585364814828646	0.000398482283178699	0.010379479903614689	0.004502608951433255	0.007473480422761251
G[T>A]T	4.6709948810827235e-47	7.768435198822014e-09	0.0056911409525023755	8.066234983061804e-07	0.0016944966138779567	0.001597540160249385	0.001520122998226725	0.006967550828091144	0.003049011493219685	0.003393617330171435	0.003660760137624233	0.0059691322626576945	0.005233675228131081	0.0077566649297153845
G[T>C]A	1.4877038441814724e-05	0.0002655301651777409	4.80598708747948e-05	1.8678585694450096e-06	5.2188514450790537e-05	0.11555779253443083	2.8664433642688893e-06	3.3138931106198773e-06	0.0007375873020881348	5.523578939422199e-07	3.804952370956016e-07	6.118244832439027e-07	0.00032034357844471135	0.0017084246710396655
G[T>C]C	1.673708546453175e-06	8.67893577378709e-06	0.0010452242447797743	0.0002828938930458473	4.578925184735757e-06	0.03605097124897725	0.001393950862990323	0.005623703167581577	0.005145442397959717	0.004630597144671356	0.0007561258526436632	0.009114997193675834	0.007941655131874843	0.009366619630933807
G[T>C]G	8.71438863024802e-05	0.00010657677529195553	0.0002586859411432367	2.102510587794389e-06	0.0037927570858101944	0.08086598684115719	1.416242555762892e-06	1.5498911977829267e-06	0.010044018896006434	5.650054713441932e-05	2.6195497404539007e-05	2.122515201582094e-06	0.0003078307743341687	0.00037076237723709937
G[T>C]T	6.171690074552316e-08	5.8672604306290545e-06	0.0006056252383473293	0.0031080963582688407	0.0013439220311283861	0.0650294312586387	0.0016711820856964248	0.003127479937681225	0.0021451432897303373	0.0018053217615261019	0.012653040949120016	0.0037593777824289037	0.006585691882128231	0.012583883640514642
G[T>G]A	0.0	2.8352044284929435e-05	0.0017030827169115526	8.996052976139405e-05	0.00011553231417475256	0.0005631626132128531	0.0002481042901571584	0.0031334552700760317	0.0016764654155508652	0.004046510782940279	0.0016392591008495808	0.003697233972040692	0.004159236148218781	0.0019394678749411773
G[T>G]C	4.6709948810827235e-47	5.494467341549125e-07	0.0005908092924831484	0.0006571442408358052	0.0006619483921686727	0.0011251870107912509	0.002442817572566961	0.0012417068956833551	0.0030924688110890958	0.005249630319521733	0.0008415351376302264	0.005417492746645772	0.00410142078454309	0.004588954501709471
G[T>G]G	9.341989762165447e-47	1.9953404262196273e-08	2.494752121625273e-07	3.4732445091852545e-07	0.0010589611602332147	0.0016633527455269359	0.0006894972880042853	0.005942986312898076	0.004681848339094804	0.01915073742061774	0.0010733543965405564	0.004882545827885567	0.003677592273625733	0.002692857153479148
G[T>G]T	9.130538103363505e-10	0.0	0.0008013991639018059	0.0010170266191115236	0.0022669165352603216	0.003961149589442433	9.770059648417373e-07	0.007887949819627238	1.3681899417861133e-07	0.002585409117854927	0.00018719842248060559	0.003003849093883559	0.0015408216997836158	0.013859744591215417
T[C>A]A	0.015864436210756595	0.0537051376779156	0.04872713312775252	0.00013097845785807748	0.026381747577730152	6.904588222672222e-05	0.014228040703572257	0.003986711775746698	4.809087622940448e-07	0.005075960040566111	0.01748944462179883	0.008169890006772356	0.058301929952489215	0.00246320953633704
T[C>A]C	0.005651106906342799	0.008973692472212254	0.02304769094649449	0.0007307558920764734	0.014975074508174657	0.0008364759187789635	0.031134411772999707	0.003957017608840374	0.019232642719138462	0.018698300082580013	0.06369290865335794	0.020948307196363203	0.024281491448145922	0.01775836646417209
T[C>A]G	0.005484599033176589	0.0037136550729940155	0.0025611429262357415	1.0255571548138201e-06	0.009989520433741935	4.203895392974451e-46	0.013210931328316633	0.00502138385188573	0.0035167882327669987	0.00040321974688974175	0.019935555535274336	0.0020677036911270837	0.010616695102178634	0.0021167884967231505
T[C>A]T	0.0030991374729926707	0.028920698850087946	0.0154376012454937	4.579017525448611e-07	0.013953887326311568	0.0020956292992858985	0.0034756095607804127	0.0034333797591898476	0.012085773561139017	0.0033473347225708495	0.035034074461367484	0.0014197959001686891	0.11636732252561614	1.0299419140361957e-06
T[C>G]A	4.6605767907218856e-05	0.1040293254638603	0.45420872524566674	8.087745963318108e-07	0.0007566057724441559	2.592463182556533e-06	1.970117358969977e-06	2.0901489151015086e-06	1.137924087875793e-06	1.6087781688156611e-06	0.002539119986344455	1.5035837426088447e-06	1.1496091237480262e-06	3.417740113794328e-06
T[C>G]C	0.0007008263621240536	0.11391142165002748	0.04978563978683326	1.2808803049324524e-07	0.020164826975693963	5.989116519392231e-05	0.002171558909637857	0.00010638370929664613	0.0009734602602359624	0.015432197857702097	0.03358010066257293	0.004156061305419693	0.03209942164985004	0.002679180209228586
T[C>G]G	2.0746353281235013e-07	0.01652841554362112	0.04398095529429611	0.00035428822253275407	0.001761377582251574	0.0002724553241307603	0.0005387319630746864	0.0007895965847779963	0.0004934341600649835	0.015802419016263277	0.0004588736934664661	0.000821621083376319	0.005053744401310686	0.0016531119527816902
T[C>G]T	0.002394618316240399	0.593884190917015	0.0422858203777821	1.3686634841765983e-06	0.00029818231984866846	0.0005104778753035314	9.706994771837193e-07	1.927857119217909e-06	0.00012169571009721381	0.000716577359224857	0.0013873698089393353	2.8217408337620025e-06	4.484887161500713e-06	0.0001382994896061973
T[C>T]A	0.7649969577789306	0.015540278077407288	0.0020741102067565495	8.896672427953731e-07	0.0020090073572456885	0.00020695333859445478	0.0023921056759083586	1.518599246234468e-06	3.7403441676057508e-06	2.9436236403057593e-06	0.0017073255099153547	0.00011633777903909958	1.1937971554705961e-06	1.7145245427265213e-06
T[C>T]C	0.049749904283680736	0.0010672382015997073	0.014205178561898417	0.0011350819798375748	0.06327628426152311	8.79137105433377e-05	0.05472470857961298	0.0023677725058206534	0.005158915736850152	0.004405856738134399	0.35914719228943187	0.0042405003375544465	1.5020293699781936e-06	0.0035744221369839123
T[C>T]G	0.0441356025611185	0.00026807228135912925	0.003638203094843092	0.05524084477664057	0.0609724874206942	0.003379423313396342	0.4851364059994618	0.008023795706295307	0.00397879381273422	9.652062297315449e-05	0.027865012452249024	2.6024925245198864e-07	2.267744622012439e-07	0.0006851843243462478
T[C>T]T	0.08101288095386963	0.0021113448869029363	0.0032508851293009404	1.8128626758577107e-06	0.5386983051366163	9.641129355676033e-05	0.00039543248350971304	0.001530198495303973	1.917069354817613e-06	3.5111671890556787e-06	0.026010070791378816	1.1466746332714865e-06	0.0026985681638066693	0.0003018031025527298
T[T>A]A	7.688141055647671e-05	5.700261052960324e-05	0.003277582524809001	0.0006056419634764628	4.887426344216313e-05	0.0004211981245058875	0.007674292130784958	0.00747462675394163	0.005653632347314878	0.001583388405445402	0.001287299665424276	0.00800891738848577	0.0029227675527342474	0.0112638845077214
T[T>A]C	4.222685432371994e-05	0.00017789003176176265	0.003717296539898977	0.0003203218086221445	0.0022024963453986857	0.0019274478379770698	0.002551814648954102	0.004021131272634193	0.000622407938538365	0.0029556439105068223	0.002414746241280833	0.006374384970013125	0.00937642037548964	0.012428835697058578
T[T>A]G	2.6565045126621573e-05	2.704040108862197e-08	0.00021387808519743128	2.4801539761180417e-07	0.0016334514964758758	0.0024869646456105936	0.0005551622292387038	0.001535300323979527	0.001433162747601576	0.009429474701895894	0.0016854455023968503	0.003370132842481629	0.005306976264129541	0.008185030386377435
T[T>A]T	4.104233084945008e-07	4.956746776372256e-05	0.0005224547406091536	0.00039558318489246367	0.0018473439785443209	0.0006313965698078998	0.002158101289035367	0.013437835074709407	0.0011281593779817929	0.005051646046385394	0.0003034336501627877	0.0069599970129862266	0.004978542471993326	0.022067034526841667
T[T>C]A	4.437277578593542e-05	5.5237568588021684e-05	0.006356499283363822	0.00022167877356883044	0.0016648521880598397	0.015751334832081434	0.0007944917418816051	0.0043581146068864506	0.0058324398885967335	0.0029757305863616543	0.003337038124315465	0.01140072813253236	0.00293620029127671	0.008617006943222805
T[T>C]C	5.6061700335400624e-05	0.00020787969744257378	0.0013062828773399815	0.0033247370020452155	0.011082368361500509	0.018605014929797412	0.002331826621860955	0.011807006236464683	0.006943464422893915	0.008395481282695988	0.0064593223699678974	0.004653664248075983	0.010703338374615139	0.01596503088061354
T[T>C]G	0.00019243126147709214	0.00019421540580140119	0.0010432302054293055	0.0006403843989194987	0.004887826785193283	0.02089568476136871	0.0022660763604373337	0.004119806658011763	0.012988769828287635	0.0007782586556639141	0.0003365986519960747	0.0014570483690742246	0.003963418852818753	0.008745421245110189
T[T>C]T	1.929326476404943e-05	2.187499897653803e-05	0.006992038630414754	0.0004917224563911304	0.00027986591254981855	0.009545446643611892	0.003985966434882471	0.01044981128868964	0.011793685977274511	0.0027081544979552204	0.001691560879240228	0.018056333550669025	0.004133922278466192	0.0077736190046143365
T[T>G]A	1.0427838437484146e-05	0.0002245003180957402	7.397191086321679e-05	0.00040912750627247383	0.0010588773064123794	1.4444253789728615e-05	0.0018747275145705917	0.0014417975989033493	0.0004997768447992712	0.007013415252203951	0.000291171267827887	0.007299036126492335	0.004589822002674282	0.004673137163157292
T[T>G]C	9.63622949711862e-05	0.0006673979416139749	0.0024189241973203933	0.00030986633102116914	0.0009086455657476715	0.000502668575457695	0.0016822739918438856	0.0018896040899429802	0.001800256566408128	0.003477507979851898	0.0027657536106744374	0.003595900924703225	0.0057505932401509105	0.011997927943559717
T[T>G]G	3.3810632157837975e-05	0.000185502386434185	0.0005183336713135608	0.0008489634211154377	0.0007695544355006708	0.0010280578639746333	0.001331255966245711	0.0023435807550422775	0.0015105628192164508	0.009919196609394021	0.002504881483037025	0.006786657336109178	0.002700438250841823	0.00937128626167234
T[T>G]T	2.9293893627861204e-07	2.915373728977026e-05	0.0020590224419909948	0.0007259709494074211	0.0012054169941886053	0.001156450073472115	0.0033235436125579553	0.0044385270928008445	0.00024147824800593298	0.007257821088444416	0.005677401500088308	0.004373014751498279	0.01300019911955772	0.014785778081300311
