MutationType	SBS96A	SBS96B	SBS96C	SBS96D	SBS96E	SBS96F	SBS96G	SBS96H	SBS96I
A[C>A]A	0.0022617061389610172	0.014575617262744344	0.03842203691601753	0.013795002363622189	0.005969312507742966	0.011659733019769192	0.015279027447104455	0.011807238217443228	0.02559711132198572
A[C>A]C	0.0004598627157975404	0.009329179720953106	0.011274633742868901	0.013600653409957886	0.00731201209127903	0.014655063766986132	0.010549358883872628	0.019597299955785276	0.0013190885074436665
A[C>A]G	0.000278155023988802	2.500400300408976e-36	0.0033977938881434968	0.0029785336926579477	1.5845154359383583e-39	0.005680149234831333	0.005173025692391775	0.006266317237168551	0.010429427260532975
A[C>A]T	0.0010149083158466968	0.005404159054160118	0.021423373185098172	0.028463027626276016	0.012623022031038999	0.0037817143369467156	0.0065775066614151	0.0040116171352565285	0.011545355245471001
A[C>G]A	0.001119668620775566	0.005143593956890458	0.021199316531419755	0.007734663737937808	0.008159407693892718	0.010132136568427087	0.008200103520357641	0.015798050817102192	0.009764983877539634
A[C>G]C	0.0015291140880435707	0.002699112519621849	0.005796986538916827	0.009164455533027648	0.007701469957828522	0.01717699971050024	0.00449185739507435	0.006651697494089603	0.0016344195231795312
A[C>G]G	0.0009595516021363437	0.0004383360468636965	0.006265793554484844	0.012483854312449694	0.0009435062995180488	0.008221816318109632	0.0003249906465839558	0.0032722016796469687	0.00019160957308486103
A[C>G]T	0.0014884687028825284	0.012064060382544994	0.028496889397501945	0.010225976258516312	0.02298799380660057	0.030010689236223697	0.003354583587497473	0.00880540288053453	0.0031785628081109963
A[C>T]A	0.00511263138614595	0.007168682012706995	0.02349643539637327	0.017127613816410304	0.014526626467704773	0.0029972429387271986	0.0044590231962502004	0.022798531875014304	0.006565945968031883
A[C>T]C	0.0030244829831644893	0.007855388894677176	0.006265262188389897	0.010064121708294684	0.012768659181892872	0.017776821088045836	0.015341807343065738	0.006541562639176846	0.005625096116333406
A[C>T]G	0.005882415757969284	0.012547239102423191	0.018667452782392503	0.005962399020791054	0.026781223155558108	0.047351769357919696	0.0849759817123413	0.04632561579346657	0.048206040263175966
A[C>T]T	0.0010317954118363559	0.00806886540750611	0.017526217736303806	0.013386500161141157	0.014894699864089488	0.010968240536749363	0.011265750949678476	0.014999246317893266	0.005089327646419406
A[T>A]A	0.0005327085964381695	0.005157193874401856	0.0005454443860799074	0.0020023747229060973	0.010463326703757048	0.004245568442763669	0.0027136130078133647	0.0019997761435661234	6.629673026736782e-05
A[T>A]C	0.0007407934404909611	0.003751555038616061	0.0008774206973612309	0.010775604983791709	0.003178501036018133	0.0027957675978541375	0.012608997989445925	0.01931528840214014	0.009161831217352302
A[T>A]G	0.000276548531841367	0.007003590860404074	0.011988712009042501	0.010985739901661873	0.014990243414058569	0.004784710065229092	0.00942508401349187	0.0027859331108629703	0.0
A[T>A]T	0.0	0.016066377982497215	0.0032964280162786964	0.004617160046473145	0.014981082919985057	0.008953100070357323	0.011067614774219692	0.0035776580455944896	0.0078057792037725445
A[T>C]A	0.0005153015023097399	0.025454501854255795	0.0053162028081715105	0.012405846547335387	0.01946464888751507	0.009179745661094784	0.009766576020047069	0.009208938033612423	0.004286477109417319
A[T>C]C	0.0020660138106904924	0.005305010588676851	0.007962710037827492	0.015305178612470627	0.010221947822719813	0.006288131409507969	0.0027885668445378543	0.005167241860181093	0.001266955048777163
A[T>C]G	0.002457242994569242	0.007243144599577889	0.011005893023684621	0.015200307965278626	0.003576614800840616	0.009929271781584249	0.016899310611188413	0.020567494072020055	0.007508093106066127
A[T>C]T	0.0011616152711212634	0.013845484187362445	0.006586966058239341	0.02007730631157756	0.022476963885128497	0.004425166174769457	0.006467832992507283	0.004065822716802359	0.003109987743664533
A[T>G]A	4.93587999585543e-05	1.2798689117613803e-07	0.0034553109917629388	0.0043545585125684735	0.013017033133655787	0.007079285872168839	0.003954582509027205	0.013360441064918405	0.005266805186607826
A[T>G]C	0.0003123349044471979	0.0010195387070410789	0.0039039844647049903	0.00634410516358912	0.000836489596923684	0.004225146560929716	0.0006032009995351473	0.0020699302665889265	2.5689258791317117e-07
A[T>G]G	0.0003994762490037829	6.828960756877223e-07	0.0068187380209565164	0.006199238263070584	0.0035117625724568648	0.0161973737180233	0.002618705993518233	0.004405702092023777	0.002274110969345955
A[T>G]T	0.0007127168937586248	0.0033151508774608373	0.004171122843399644	0.007997291954234242	0.010250288667157293	0.002325298242186591	0.0014573082531569525	0.006014190800487995	0.00021113558877345896
C[C>A]A	0.0011799796018749475	0.014364290797955865	0.019194900058209896	0.012694975663907825	0.015736503526568413	0.010467557795345783	0.013464197888970375	0.018045396916568278	0.004400541074573994
C[C>A]C	0.0003503830637782812	0.013310951376115553	0.009008791856467723	0.015269067184999586	0.03483280800282955	0.01625643242150545	0.002924626291689947	1.4137611969999853e-07	4.7508294187537103e-08
C[C>A]G	0.0016588005935773253	0.0007199891355440969	0.006225389940664172	0.0036241023102775217	6.461662565016013e-08	0.005436357017606497	0.002035162065158147	0.0029998857760801913	0.00029690533637563023
C[C>A]T	0.0005819969229497346	0.02444606218487024	0.01483461782336235	0.020907798036932945	0.013288679625838995	0.03531832657754421	0.011913222447037696	0.0026733958460681607	6.62720063701272e-05
C[C>G]A	0.0030522017739713194	0.006805960321798921	0.019368701707571746	0.010244247782975436	0.007535267341881991	0.013536261022090912	0.0021678052376955747	0.004914931557160429	0.0021069160662591456
C[C>G]C	0.0008220887277275324	0.004047445883043114	0.017146661784499882	0.01647926466539502	0.004192927200347185	0.00172448440567905	0.0037193867933638103	0.018417777493596077	0.003824036964215338
C[C>G]G	0.0010331551311537623	0.0017104048747569323	0.008130059298127889	0.0014558240305632352	0.0021812348160892723	0.014557936508208514	0.00513159586116685	0.006986537389457226	0.0019760517636314033
C[C>G]T	0.0036215871319555505	0.018349372409284116	0.012128933425992727	0.009426785912364722	0.019215368246659637	0.019039472937583922	0.007013480309251463	0.003754157107323408	0.001740296371281147
C[C>T]A	0.01009139739908278	0.01436719150428201	0.013373725954443217	0.014058077428489923	0.0137474762275815	0.006637675920611863	0.022107780538499357	0.019806532096117734	0.007435091488104217
C[C>T]C	0.0031130862422287546	0.025952672120183706	0.008372594835509516	0.01002421397715807	0.031764067523181436	0.006892337836325169	0.008981681242585183	0.002703316044573967	0.0018755454570055009
C[C>T]G	0.006573673233856469	0.018116997554898262	0.011928295902907848	0.013676685558830037	0.01114208297803998	0.022135781310498714	0.042752056010173026	0.05013845469802618	0.020204450655728578
C[C>T]T	0.004448098409999277	0.02113504000008106	0.024067487567663193	0.02225857898592949	0.02035790029913187	0.009252731734886766	0.021489179925993085	0.010508623719215394	0.008007742784684524
C[T>A]A	0.0007493007753510029	0.00372314499650237	0.010133345331996679	0.0025415493672892894	0.001991718861972913	0.004066763631999493	0.003123855393309343	0.0012208184460178017	0.0017818812280893325
C[T>A]C	0.0002660927246324718	0.011094398982822894	0.019230926223099232	0.014597701374441385	0.007971791923046112	0.006380196095790325	0.0007615221198648215	0.0008413222336685067	0.0005734370788559318
C[T>A]G	0.0004896286962321028	0.0	0.0077649340378798115	0.012043439813237456	0.005702225957065821	0.01029574340209365	0.010806572108594991	0.015978746627564534	0.0037423056550323964
C[T>A]T	0.0	0.00653334393968521	0.008136740513145923	0.009910564264282584	0.011366569995880127	0.0009113972911507062	0.002554583909295616	0.009819917541017275	6.32617411611136e-07
C[T>C]A	0.0004149756947299466	0.008338974509388208	0.0023038595914840697	0.0015653675654903054	0.0015888452529907227	0.005730735883116722	0.005222250023268771	0.004202564340084791	0.0005699709174223272
C[T>C]C	0.00038105997373349965	0.01249684929977093	0.009309258544817567	0.006645855028182268	0.017693109810352325	0.00860147988423705	0.009427225962281228	0.006675585731863975	0.003543481230735779
C[T>C]G	0.0009041685905231134	0.0020826967442422795	0.020063992030918597	0.013576411455869675	0.009789051651023334	0.010578030432321838	0.003130345419049263	0.005386548089057896	0.007256111753417826
C[T>C]T	0.00035419974592514335	0.0042145849234657366	0.00797142442315817	0.015977744571864606	0.010000108974054456	0.0066654672846214085	0.006795880477875471	0.010797741450369358	0.005414655641652653
C[T>G]A	2.6324181590098307e-08	9.755531993360135e-08	0.00515669648259518	0.00040030490883964377	0.007015774911269546	0.0020303008146584033	0.0025832684160945973	0.001708159651798269	0.0
C[T>G]C	0.0012025593349306973	0.010217581153847277	0.0038677599746733903	0.0033403999404981732	0.0012671630829572682	0.0036535321734847146	0.012493568006902933	0.0021338173653930427	0.009224327095252676
C[T>G]G	0.0007852161898199483	0.008863220433704555	0.014927434362471103	0.015328625217080116	0.013239044696092606	0.013997984118759632	0.005512081203050911	0.010957137122750283	0.001008047356271808
C[T>G]T	0.0	0.012033059864198847	0.008919834392145276	0.009041625075042248	0.012839356305016736	0.0035756037220892266	0.012770237773656845	0.0014086114377221293	0.00027621795888990166
G[C>A]A	0.0016586417448706924	0.008783355737068631	0.008901430619880557	0.014894513972103595	0.016365516185760497	0.006982805114239455	0.011353912577033044	0.009464013390243053	0.0007907613640100065
G[C>A]C	0.0010158963850699365	0.010055681504309537	0.01905470583587885	0.024228360503911972	0.006050788564607501	0.008266566885556976	0.004256648289447185	0.012198410090059042	0.008655106299570739
G[C>A]G	0.0021041912725195287	0.003224722788240797	0.0055910800350829955	0.0	0.0012441523373126983	0.0011138581670820714	0.007981716375797986	0.0019427801948040725	0.0016173724085092544
G[C>A]T	0.0013346780207939446	0.008587200136389583	0.003962955810129643	0.011531259678304196	0.019061399251222612	0.009695339947938919	0.010670573823153973	0.008053262531757355	0.0007962133386172354
G[C>G]A	0.002518649213016033	0.00647604191428286	0.013829472102224826	0.008229942442642368	0.005972814187407494	0.01177567074837782	0.0030757800675928594	8.08763047643879e-08	0.0010742421960458159
G[C>G]C	0.0006791465275455266	0.005709540245152312	0.003687474876642227	0.010059978254139424	0.007879669079557061	0.0029146586498427496	0.004401459525831086	0.008670665265526623	0.004129994381219149
G[C>G]G	0.0013785502174869179	0.0016144360195085028	0.0027370416559278966	3.992879271663696e-08	0.00025230341854012297	0.008346803296717553	0.0025626604462104297	0.0004202071111649275	0.0003210045726540045
G[C>G]T	0.0015131713882425401	0.009106472373969155	0.015329657029360533	0.021886708587408064	0.01648566941730678	0.017016909086464693	1.380400590278441e-07	0.006712467897739316	0.004056188696995378
G[C>T]A	0.0040274411992868445	0.0193589199334383	0.02064076215028763	0.012711737491190433	0.008987565524876118	0.013129347655922174	0.017280561104416847	0.017626139521598815	0.007717673294246196
G[C>T]C	0.006381307914853096	0.02402462773025036	0.008599258866161108	0.019558899383991957	0.002750062220730073	0.00542831309722871	0.006239517901104464	0.011624486278742551	0.006346269929794273
G[C>T]G	0.00647096608230284	0.025235984474420547	0.011722058057785034	0.007780859246850014	0.015485384501516819	0.02955591082572937	0.07540252804756165	0.042236686777323486	0.01655862685292959
G[C>T]T	0.003573182178661227	0.011169762123608961	0.008003441104665398	0.0035597550217062236	0.01870004218071699	0.005780826508998871	0.013571282569319009	0.012978175561875105	0.009878019336611032
G[T>A]A	0.0007380202761851252	0.006813529133796692	0.0070320970046623184	0.003482367401011288	0.00071159106232912	0.0024595310911536216	0.00573612574953602	0.0028455070295592575	0.00337757533416152
G[T>A]C	0.0	0.0026602540431440503	0.003989337634808976	0.005278603755465383	0.004572511930018663	0.005594096332788468	0.005543542699888349	0.0007216031536927403	3.576941253413679e-07
G[T>A]G	0.0007119580637663603	0.0027790134797599417	0.006542040017848194	0.011651407461613417	0.0008054228033870459	0.00947700859978795	0.0033146905712783336	0.004774791561067105	0.0012466051561773384
G[T>A]T	0.00018558825249783694	0.004817785184206969	0.0021518275981691204	0.011321692261844873	0.00513722340529057	0.006853213161230087	0.0052840311080224805	0.003177194355237134	0.0028537740698084237
G[T>C]A	0.0005158387240953744	0.003593102771037593	0.015081194195772696	0.018006582371890546	0.008683373383246363	0.007178413588553667	0.0037601875644213576	0.013488768112279104	0.007355349790304899
G[T>C]C	0.0008478836272843183	0.007483410603754237	0.010809778235852718	0.005532032088376581	0.0030819588340818883	0.009590653702616692	0.007605290319770574	0.0018996849306872374	0.004160533845424654
G[T>C]G	0.00024196970043703913	0.004669772350462153	0.0017182013272304176	0.006288208310536447	1.5089605085449875e-07	0.007427989039570093	0.012011921778321267	0.006146217528544185	0.0001930825412273407
G[T>C]T	0.0005493211268913001	0.001643833987657922	0.007756843869380248	0.007544291298836469	0.007570243254303932	0.00682957973331213	0.0165709150955081	0.016101950965821742	0.0021319258026778697
G[T>G]A	2.3458746056803648e-08	0.0005040365476077114	0.010028044460341334	0.00036601456574771876	0.008788449224084616	0.006301727192476392	0.0012999585013616865	0.009841635392922399	0.0016969379037618637
G[T>G]C	0.00042094331001862884	0.001708461080647794	0.002948364312760532	0.001355046796766146	0.0031581226736307143	0.002603837724927871	0.0008581087764563377	0.000986154254064786	0.00667437340844117
G[T>G]G	0.001286066127590857	0.00748999288853156	0.00901225684210658	0.013927697390317916	0.010062723676674068	0.004054428543895483	0.0015218305838232027	0.005121165467426181	0.007448262628167867
G[T>G]T	0.0006112301256507635	0.0029406703457033555	0.009691058834953026	0.002714786185788398	0.011063338266586698	0.0	0.00577843226492405	0.004884045434437212	0.0033034345873147685
T[C>A]A	0.01875958140590228	0.03002312742173672	0.010247258003801107	0.011187405837699772	0.02407609988003969	0.021784072555601598	0.030512893199920656	0.005503664171556011	0.011280447617173195
T[C>A]C	0.020484025590121746	0.00686028297059238	0.016233469499275087	0.037583009153604505	0.002991364058107138	0.014507496543228627	2.16922987306134e-07	0.017251103976741435	0.019688094954472036
T[C>A]G	0.006413392955437303	0.005049923457277438	9.427407348994166e-06	0.0032993545290082695	0.0029681472107768057	0.001377665688119123	0.010215438436716795	0.00492496220394969	0.0016362857828028158
T[C>A]T	0.01336747221648693	0.015329170134105712	0.004962530813645572	0.01818154938519001	0.04709394499659538	0.036818777583539485	0.017804227024316787	0.010211564041674137	0.009264960326254368
T[C>G]A	0.16936928331851958	0.020111497783807174	0.003431951627135277	0.004879158549010753	0.013484500627964736	0.005138913355767738	0.007727287719535525	0.02875319980084896	0.08229076340794564
T[C>G]C	0.04844958335161209	0.004843842260876638	0.023303166683763265	0.011116050276905298	0.013216535560786724	0.03220698311924934	0.012505967635661364	0.031618249230086805	0.047839943692088126
T[C>G]G	0.013816455006599426	0.0036496281625190675	0.0012277341913431883	0.0029277738882228736	0.00021639105774656038	0.006111611844971776	0.0	0.00031082017812877893	0.013255470478907228
T[C>G]T	0.1924167513847351	0.038340870104730126	0.007333756843581796	0.031111503964484654	0.03754684273153543	0.042868372797966	0.012346902675928103	0.01478655689243169	0.12204244583845139
T[C>T]A	0.20429893732070922	0.06903796344995498	0.004447932331037696	0.01574457883834839	0.006767793898461741	0.010035782883642241	0.023970835097134113	0.039720132295042274	0.13171234764158726
T[C>T]C	0.06850342825055122	0.021849823943972523	0.020861638244241476	0.012435158900916576	0.026614335738122462	0.00995371830649674	0.02481704019010067	0.028307571634650232	0.04426430966705084
T[C>T]G	0.04152134832984302	0.044703285390278326	0.018265780806541444	0.011562410742044449	0.020509292202883868	0.021493358165025712	0.030548054724931717	0.007533911915697899	0.03126788586378097
T[C>T]T	0.08302960200235247	0.10228872373700142	0.017464135633781554	0.0164343130774796	0.02473346274346113	0.0011168617638759317	0.03219135794788599	0.011325053311893776	0.08081315457820892
T[T>A]A	0.0005088962498120965	0.0055318455315727984	0.002023625187575817	0.0024069560691714286	0.007709772884845733	0.015001126378774644	0.02508395481854677	0.014539271315652514	0.00460983628872782
T[T>A]C	0.00025591816956875845	0.005323315720488608	0.006289208677480928	0.006727200513705611	0.004179125837981701	0.009667204599827528	0.00899306604166492	0.0050157907318066465	0.002658898924710229
T[T>A]G	0.000612132006790489	0.0035023028729483487	0.0032404592027887704	0.0109108398668468	0.005899197608232498	0.006838451977819205	0.004776810676946752	0.012558250781148672	0.0075115907588042315
T[T>A]T	0.0003347375808516517	0.007052143496674825	0.0076584525406360624	0.013313815556466579	0.012636372819542885	0.015084520075470209	0.0	0.001032097592678838	0.00199213643791154
T[T>C]A	0.0	0.0029732042970522345	0.0035105152055621147	0.003829229110851884	0.004789996303782118	0.005274597741663503	0.015967480977997182	0.015066205710172653	0.0
T[T>C]C	7.841126644052565e-05	0.002880856179945113	0.022071438655257226	0.0014815935748629272	6.958385735061023e-05	0.01141875092871487	0.015596327930688858	0.013756661248407909	0.0073265641462057825
T[T>C]G	0.0022105023730546237	0.001215454038972142	0.007266858339653482	0.0056803127285093066	0.0008021552622949457	0.005584055790677667	0.0008515879035371654	0.006872723437845707	0.004805106228485556
T[T>C]T	0.0001924989919643849	0.0030453133798316045	0.017682596947997807	0.010104632657021283	0.01150092352181673	0.009897497831843793	0.02185532758012414	0.015946820937097074	0.006284931488335132
T[T>G]A	0.0004513235865260867	0.0005343450875045688	0.01148308552801609	0.0026735709980130196	0.00043321382254362105	0.011247817054390907	0.0036110153228946728	0.008998503908514989	0.00434464851859957
T[T>G]C	0.00033263249885742143	0.00351462730474168	0.008449578285217285	0.004239282265189104	0.001862879258643857	0.00935033094137907	0.0	0.004989132053955814	0.001813764345661184
T[T>G]G	0.0	0.0011593375161055518	0.008146848106230209	0.014914399199187755	0.00191772949569895	0.0024537574710222997	0.002469763464500829	0.009259561874910106	0.0005841040052473545
T[T>G]T	0.0003679264977108687	0.004347632569260895	0.0158408148214221	0.009004389491110487	0.009013843489810824	0.007807275157847471	0.002826635555015855	0.018308822251856326	0.004898989417958433
