MutationType	ID83A	ID83B	ID83C	ID83D	ID83E
1:Del:C:0	2.32E-09	1.34E-03	7.89E-04	2.24E-04	4.65E-04
1:Del:C:1	1.13E-02	4.91E-02	7.95E-03	6.35E-03	9.51E-03
1:Del:C:2	1.38E-02	1.48E-02	2.43E-02	7.74E-03	8.89E-04
1:Del:C:3	6.97E-03	8.19E-03	4.36E-06	3.95E-03	6.96E-07
1:Del:C:4	5.74E-03	2.14E-03	4.05E-03	8.74E-03	1.44E-06
1:Del:C:5	1.98E-03	1.74E-04	3.97E-03	6.93E-03	1.43E-06
1:Del:T:0	4.13E-08	5.02E-05	2.01E-04	8.86E-05	2.55E-04
1:Del:T:1	1.44E-02	3.31E-02	1.29E-02	7.00E-03	1.14E-03
1:Del:T:2	1.54E-02	2.02E-02	1.63E-02	7.47E-05	1.19E-06
1:Del:T:3	8.82E-03	7.14E-04	3.79E-06	1.11E-02	1.46E-06
1:Del:T:4	7.40E-03	2.79E-06	7.56E-03	9.38E-03	9.77E-05
1:Del:T:5	6.51E-03	2.06E-06	5.68E-03	1.59E-02	1.49E-06
1:Ins:C:0	3.43E-09	1.60E-03	1.01E-03	8.68E-07	6.58E-04
1:Ins:C:1	3.84E-09	3.82E-03	3.83E-03	2.36E-03	2.67E-03
1:Ins:C:2	3.07E-09	2.90E-03	2.72E-03	1.04E-03	1.68E-03
1:Ins:C:3	2.77E-09	2.92E-03	1.68E-03	1.15E-03	1.48E-03
1:Ins:C:4	3.49E-09	2.19E-03	3.04E-03	2.01E-03	1.87E-03
1:Ins:C:5	2.75E-09	3.54E-03	4.71E-03	5.99E-03	6.08E-05
1:Ins:T:0	2.88E-09	1.98E-03	2.32E-03	9.99E-04	1.62E-03
1:Ins:T:1	2.47E-09	9.27E-03	1.39E-02	4.50E-05	1.09E-02
1:Ins:T:2	2.41E-09	2.82E-03	3.37E-03	3.09E-03	2.12E-03
1:Ins:T:3	2.63E-09	2.42E-03	2.95E-03	2.20E-03	2.10E-03
1:Ins:T:4	2.98E-09	2.84E-03	1.58E-03	9.30E-04	7.67E-04
1:Ins:T:5	1.02E-09	1.08E-02	1.63E-02	1.43E-02	1.49E-04
2:Del:R:0	3.05E-09	9.64E-03	2.69E-02	1.28E-02	1.13E-02
2:Del:R:1	1.80E-09	2.14E-03	1.53E-03	7.25E-04	9.87E-04
2:Del:R:2	4.06E-08	3.76E-04	1.12E-04	6.63E-05	8.66E-05
2:Del:R:3	4.76E-08	1.76E-04	1.82E-04	8.94E-07	1.22E-04
2:Del:R:4	3.93E-08	1.64E-04	3.23E-04	1.20E-04	1.82E-04
2:Del:R:5	4.18E-08	2.25E-06	1.66E-06	9.40E-07	4.20E-07
3:Del:R:0	2.66E-05	1.15E-02	1.26E-02	6.02E-03	4.26E-03
3:Del:R:1	1.98E-09	7.49E-04	7.02E-04	7.24E-04	2.52E-04
3:Del:R:2	4.93E-08	1.48E-04	3.12E-04	1.52E-04	1.41E-04
3:Del:R:3	4.18E-08	2.25E-06	1.66E-06	9.40E-07	4.20E-07
3:Del:R:4	4.18E-08	2.25E-06	1.66E-06	9.40E-07	4.20E-07
3:Del:R:5	4.18E-08	2.25E-06	1.66E-06	9.40E-07	4.20E-07
4:Del:R:0	3.74E-09	3.79E-03	7.52E-03	2.05E-03	3.86E-03
4:Del:R:1	1.26E-05	5.86E-05	2.57E-04	1.05E-04	1.21E-04
4:Del:R:2	4.18E-08	2.25E-06	1.66E-06	9.40E-07	4.20E-07
4:Del:R:3	4.18E-08	2.25E-06	1.66E-06	9.40E-07	4.20E-07
4:Del:R:4	4.18E-08	2.25E-06	1.66E-06	9.40E-07	4.20E-07
4:Del:R:5	4.18E-08	2.25E-06	1.66E-06	9.40E-07	4.20E-07
5:Del:R:0	2.94E-09	2.35E-06	1.18E-06	1.26E-04	1.35E-02
5:Del:R:1	4.18E-08	2.25E-06	1.66E-06	9.40E-07	4.20E-07
5:Del:R:2	4.18E-08	2.25E-06	1.66E-06	9.40E-07	4.20E-07
5:Del:R:3	4.18E-08	2.25E-06	1.66E-06	9.40E-07	4.20E-07
5:Del:R:4	4.18E-08	2.25E-06	1.66E-06	9.40E-07	4.20E-07
5:Del:R:5	4.18E-08	2.25E-06	1.66E-06	9.40E-07	4.20E-07
2:Ins:R:0	2.23E-09	2.91E-03	1.86E-03	1.14E-03	1.08E-03
2:Ins:R:1	3.02E-09	1.28E-03	2.80E-03	1.51E-03	2.56E-03
2:Ins:R:2	2.16E-09	1.93E-03	2.11E-03	8.76E-04	1.47E-03
2:Ins:R:3	5.27E-08	3.52E-06	4.74E-05	1.79E-04	6.15E-07
2:Ins:R:4	2.77E-09	2.35E-04	4.04E-04	2.76E-04	1.33E-04
2:Ins:R:5	2.86E-08	2.35E-04	4.50E-04	4.76E-04	2.49E-04
3:Ins:R:0	2.35E-09	7.60E-04	1.21E-03	6.03E-04	8.65E-04
3:Ins:R:1	2.36E-09	1.17E-03	7.90E-04	4.81E-04	6.28E-04
3:Ins:R:2	2.60E-09	2.23E-04	4.90E-04	3.52E-04	3.81E-04
3:Ins:R:3	4.18E-08	2.25E-06	1.66E-06	9.40E-07	4.20E-07
3:Ins:R:4	4.71E-08	1.56E-04	1.89E-04	2.11E-04	1.25E-04
3:Ins:R:5	2.41E-08	2.37E-04	3.43E-04	3.65E-04	1.42E-04
4:Ins:R:0	2.51E-09	2.63E-04	6.83E-04	5.00E-04	4.24E-04
4:Ins:R:1	2.39E-09	1.85E-03	1.36E-03	4.83E-04	1.18E-03
4:Ins:R:2	1.67E-08	2.00E-04	2.46E-04	7.65E-05	1.93E-04
4:Ins:R:3	4.18E-08	2.25E-06	1.66E-06	9.40E-07	4.20E-07
4:Ins:R:4	4.18E-08	2.25E-06	1.66E-06	9.40E-07	4.20E-07
4:Ins:R:5	3.83E-08	5.13E-05	2.00E-04	8.41E-05	8.06E-05
5:Ins:R:0	2.09E-09	3.02E-03	9.71E-04	5.17E-04	1.29E-03
5:Ins:R:1	1.93E-09	4.86E-03	2.74E-03	8.22E-04	2.11E-03
5:Ins:R:2	4.18E-08	2.25E-06	1.66E-06	9.40E-07	4.20E-07
5:Ins:R:3	4.18E-08	2.25E-06	1.66E-06	9.40E-07	4.20E-07
5:Ins:R:4	5.83E-08	5.86E-05	2.51E-04	1.41E-04	7.34E-07
5:Ins:R:5	4.03E-08	2.05E-06	1.26E-04	1.02E-04	8.58E-05
2:Del:M:1	2.98E-09	8.88E-03	8.15E-03	4.37E-03	4.52E-03
3:Del:M:1	3.72E-09	5.18E-03	9.86E-03	5.85E-03	1.39E-04
3:Del:M:2	3.10E-09	4.46E-03	3.79E-03	1.78E-03	1.75E-03
4:Del:M:1	4.05E-09	6.69E-04	4.10E-03	2.14E-03	2.81E-03
4:Del:M:2	2.32E-09	2.89E-03	1.56E-03	7.17E-04	1.21E-03
4:Del:M:3	2.46E-09	3.25E-04	6.22E-04	2.90E-04	3.64E-04
5:Del:M:1	2.78E-09	1.41E-02	6.58E-03	1.89E-07	1.26E-02
5:Del:M:2	2.19E-09	4.83E-03	2.11E-03	1.42E-04	4.04E-03
5:Del:M:3	4.13E-09	1.23E-03	7.15E-04	5.67E-07	1.26E-03
5:Del:M:4	2.41E-09	6.75E-04	5.49E-04	1.24E-04	6.73E-04
5:Del:M:5	8.15E-06	5.19E-04	3.30E-04	2.35E-04	3.43E-04
