MutationType	DBS78A	DBS78B	DBS78C	DBS78D	DBS78E	DBS78F	DBS78G	DBS78H	DBS78I	DBS78J	DBS78K
AC>CA	1.09E-05	1.51E-05	4.83E-02	4.43E-02	1.82E-02	7.73E-06	5.12E-06	9.36E-06	1.39E-05	7.51E-02	1.23E-05
AC>CG	9.80E-06	1.98E-05	1.06E-05	9.59E-06	1.56E-05	1.60E-05	4.54E-06	1.03E-05	7.19E-06	3.86E-05	3.08E-05
AC>CT	9.80E-06	1.98E-05	1.06E-05	9.59E-06	1.56E-05	1.60E-05	4.54E-06	1.03E-05	7.19E-06	3.60E-05	3.08E-05
AC>GA	9.80E-06	1.98E-05	1.09E-05	9.59E-06	1.56E-05	1.60E-05	4.54E-06	1.03E-05	7.19E-06	4.64E-05	3.08E-05
AC>GG	1.22E-01	7.87E-06	6.90E-06	1.62E-05	4.74E-06	1.15E-05	6.58E-06	1.07E-05	6.64E-02	4.98E-02	2.16E-05
AC>GT	9.80E-06	1.98E-05	1.09E-05	9.59E-06	1.56E-05	1.60E-05	4.54E-06	1.03E-05	7.19E-06	4.83E-05	3.08E-05
AC>TA	9.80E-06	1.98E-05	1.00E-05	9.59E-06	1.56E-05	1.60E-05	4.54E-06	1.03E-05	7.18E-06	1.51E-05	3.08E-05
AC>TG	9.80E-06	1.98E-05	9.95E-06	9.59E-06	1.56E-05	1.60E-05	4.54E-06	1.03E-05	7.18E-06	1.31E-05	3.08E-05
AC>TT	6.33E-06	1.99E-05	1.20E-05	1.21E-05	1.98E-05	2.23E-05	3.33E-02	1.22E-01	8.40E-06	4.45E-05	3.32E-05
AT>CA	9.80E-06	1.98E-05	1.11E-05	9.59E-06	1.56E-05	1.60E-05	4.54E-06	1.03E-05	7.19E-06	5.20E-05	3.08E-05
AT>CC	9.80E-06	1.98E-05	1.10E-05	9.59E-06	1.56E-05	1.60E-05	4.54E-06	1.03E-05	7.19E-06	4.98E-05	3.08E-05
AT>CG	9.80E-06	1.98E-05	1.01E-05	9.59E-06	1.56E-05	1.60E-05	4.54E-06	1.03E-05	7.18E-06	2.11E-05	3.08E-05
AT>GA	9.80E-06	1.98E-05	1.10E-05	9.59E-06	1.56E-05	1.60E-05	4.54E-06	1.03E-05	7.19E-06	5.14E-05	3.08E-05
AT>GC	9.80E-06	1.98E-05	1.04E-05	9.59E-06	1.56E-05	1.60E-05	4.54E-06	1.03E-05	7.19E-06	3.23E-05	3.08E-05
AT>TA	9.80E-06	1.98E-05	1.09E-05	9.59E-06	1.56E-05	1.60E-05	4.54E-06	1.03E-05	7.19E-06	4.77E-05	3.08E-05
CC>AA	1.01E-05	1.98E-05	3.99E-02	7.89E-06	1.72E-01	8.50E-02	6.96E-02	1.03E-01	7.95E-06	4.68E-05	1.90E-05
CC>AG	3.90E-07	3.63E-02	8.60E-06	1.21E-05	1.67E-05	2.43E-01	6.64E-02	8.47E-06	2.21E-05	9.95E-02	1.36E-05
CC>AT	6.66E-02	1.85E-05	9.11E-06	1.33E-05	4.95E-02	2.01E-05	1.62E-06	2.77E-02	6.51E-06	5.64E-05	1.08E-05
CC>GA	9.80E-06	1.98E-05	1.06E-05	9.59E-06	1.56E-05	1.60E-05	4.54E-06	1.03E-05	7.19E-06	3.71E-05	3.08E-05
CC>GG	9.80E-06	1.98E-05	1.03E-05	9.59E-06	1.56E-05	1.60E-05	4.54E-06	1.03E-05	7.19E-06	2.61E-05	3.08E-05
CC>GT	9.01E-06	2.07E-06	1.02E-05	1.72E-01	1.99E-01	6.47E-06	7.27E-06	5.84E-09	1.46E-05	9.89E-06	3.23E-05
CC>TA	9.69E-06	1.66E-02	7.47E-02	1.21E-05	1.22E-05	6.36E-06	8.52E-06	1.09E-05	1.64E-05	6.95E-02	3.28E-05
CC>TG	9.74E-06	2.23E-05	9.14E-06	1.61E-05	1.84E-05	1.62E-05	9.70E-02	7.99E-06	1.82E-05	4.71E-05	1.26E-05
CC>TT	1.10E-05	1.40E-01	9.69E-02	1.03E-05	9.00E-06	1.49E-05	4.41E-06	1.04E-02	9.93E-02	5.95E-05	1.97E-01
CG>AT	9.80E-06	1.98E-05	1.01E-05	9.59E-06	1.56E-05	1.60E-05	4.54E-06	1.03E-05	7.18E-06	1.99E-05	3.08E-05
CG>GC	9.80E-06	1.98E-05	1.03E-05	9.59E-06	1.56E-05	1.60E-05	4.54E-06	1.03E-05	7.19E-06	2.87E-05	3.08E-05
CG>GT	9.80E-06	1.98E-05	1.08E-05	9.59E-06	1.56E-05	1.60E-05	4.54E-06	1.03E-05	7.19E-06	4.48E-05	3.08E-05
CG>TA	9.80E-06	1.98E-05	1.08E-05	9.59E-06	1.56E-05	1.60E-05	4.54E-06	1.03E-05	7.19E-06	4.49E-05	3.08E-05
CG>TC	9.80E-06	1.98E-05	1.12E-05	9.59E-06	1.56E-05	1.60E-05	4.54E-06	1.03E-05	7.19E-06	5.50E-05	3.08E-05
CG>TT	9.80E-06	1.98E-05	1.07E-05	9.59E-06	1.56E-05	1.60E-05	4.54E-06	1.03E-05	7.19E-06	4.13E-05	3.08E-05
CT>AA	1.03E-05	9.36E-06	4.12E-02	9.66E-02	2.06E-06	7.16E-06	4.54E-06	6.35E-06	4.98E-02	2.03E-02	1.02E-05
CT>AC	3.33E-02	1.83E-05	8.42E-06	1.16E-05	5.36E-02	2.32E-05	6.47E-06	9.74E-06	6.02E-06	1.08E-05	1.48E-05
CT>AG	9.80E-06	1.98E-05	1.07E-05	9.59E-06	1.56E-05	1.60E-05	4.54E-06	1.03E-05	7.19E-06	4.02E-05	3.08E-05
CT>GA	9.80E-06	1.98E-05	1.09E-05	9.59E-06	1.56E-05	1.60E-05	4.54E-06	1.03E-05	7.19E-06	4.72E-05	3.08E-05
CT>GC	8.65E-06	4.63E-06	1.99E-01	1.17E-05	3.57E-06	1.89E-05	5.60E-06	8.73E-06	6.64E-02	1.14E-05	1.33E-01
CT>GG	9.80E-06	1.98E-05	1.10E-05	9.59E-06	1.56E-05	1.60E-05	4.54E-06	1.03E-05	7.19E-06	5.08E-05	3.08E-05
CT>TA	9.80E-06	1.98E-05	1.10E-05	9.59E-06	1.56E-05	1.60E-05	4.54E-06	1.03E-05	7.19E-06	5.04E-05	3.08E-05
CT>TC	9.80E-06	1.98E-05	1.06E-05	9.59E-06	1.56E-05	1.60E-05	4.54E-06	1.03E-05	7.19E-06	3.81E-05	3.08E-05
CT>TG	9.80E-06	1.98E-05	1.10E-05	9.59E-06	1.56E-05	1.60E-05	4.54E-06	1.03E-05	7.19E-06	5.12E-05	3.08E-05
GC>AA	3.12E-02	3.33E-02	2.58E-02	6.78E-06	1.94E-05	1.49E-01	6.35E-06	1.04E-04	1.51E-05	6.00E-05	1.81E-05
GC>AG	9.80E-06	1.98E-05	1.10E-05	9.59E-06	1.56E-05	1.60E-05	4.54E-06	1.03E-05	7.19E-06	4.93E-05	3.08E-05
GC>AT	9.80E-06	1.98E-05	1.06E-05	9.59E-06	1.56E-05	1.60E-05	4.54E-06	1.03E-05	7.19E-06	3.61E-05	3.08E-05
GC>CA	9.80E-06	1.98E-05	1.04E-05	9.59E-06	1.56E-05	1.60E-05	4.54E-06	1.03E-05	7.19E-06	3.24E-05	3.08E-05
GC>CG	9.80E-06	1.98E-05	1.09E-05	9.59E-06	1.56E-05	1.60E-05	4.54E-06	1.03E-05	7.19E-06	4.59E-05	3.08E-05
GC>TA	9.80E-06	1.98E-05	1.03E-05	9.59E-06	1.56E-05	1.60E-05	4.54E-06	1.03E-05	7.19E-06	2.80E-05	3.08E-05
TA>AT	1.22E-01	1.93E-05	7.77E-06	1.53E-05	1.84E-05	1.92E-05	6.65E-02	8.58E-06	1.99E-05	4.98E-02	2.46E-05
TA>CG	9.80E-06	1.98E-05	1.10E-05	9.59E-06	1.56E-05	1.60E-05	4.54E-06	1.03E-05	7.19E-06	4.96E-05	3.08E-05
TA>CT	9.80E-06	1.98E-05	1.06E-05	9.59E-06	1.56E-05	1.60E-05	4.54E-06	1.03E-05	7.19E-06	3.63E-05	3.08E-05
TA>GC	9.80E-06	1.98E-05	1.10E-05	9.59E-06	1.56E-05	1.60E-05	4.54E-06	1.03E-05	7.19E-06	5.08E-05	3.08E-05
TA>GG	9.80E-06	1.98E-05	1.09E-05	9.59E-06	1.56E-05	1.60E-05	4.54E-06	1.03E-05	7.19E-06	4.76E-05	3.08E-05
TA>GT	1.06E-05	1.58E-05	7.97E-02	1.22E-05	1.82E-02	9.52E-06	7.23E-06	8.23E-06	1.98E-05	5.36E-02	3.25E-05
TC>AA	8.30E-06	2.05E-05	1.01E-05	5.36E-06	1.64E-05	1.51E-05	4.56E-02	1.12E-05	1.34E-05	7.04E-06	3.45E-05
TC>AG	9.80E-06	1.98E-05	1.08E-05	9.59E-06	1.56E-05	1.60E-05	4.54E-06	1.03E-05	7.19E-06	4.42E-05	3.08E-05
TC>AT	2.01E-01	6.66E-02	2.58E-02	1.35E-05	2.82E-02	7.52E-02	5.69E-06	8.87E-02	1.05E-05	5.44E-05	1.87E-05
TC>CA	9.80E-06	1.98E-05	1.08E-05	9.59E-06	1.56E-05	1.60E-05	4.54E-06	1.03E-05	7.19E-06	4.28E-05	3.08E-05
TC>CG	9.80E-06	1.98E-05	1.11E-05	9.59E-06	1.56E-05	1.60E-05	4.54E-06	1.03E-05	7.19E-06	5.40E-05	3.08E-05
TC>CT	9.80E-06	1.98E-05	1.11E-05	9.59E-06	1.56E-05	1.60E-05	4.54E-06	1.03E-05	7.19E-06	5.29E-05	3.08E-05
TC>GA	9.80E-06	1.98E-05	1.03E-05	9.59E-06	1.56E-05	1.60E-05	4.54E-06	1.03E-05	7.19E-06	2.83E-05	3.08E-05
TC>GG	9.80E-06	1.98E-05	1.11E-05	9.59E-06	1.56E-05	1.60E-05	4.54E-06	1.03E-05	7.19E-06	5.39E-05	3.08E-05
TC>GT	9.16E-06	2.50E-06	1.02E-05	2.22E-02	1.84E-05	7.19E-06	6.90E-06	5.36E-06	1.41E-05	1.13E-05	1.99E-01
TG>AA	9.80E-06	1.98E-05	1.06E-05	9.59E-06	1.56E-05	1.60E-05	4.54E-06	1.03E-05	7.19E-06	3.73E-05	3.08E-05
TG>AC	9.80E-06	1.98E-05	1.09E-05	9.59E-06	1.56E-05	1.60E-05	4.54E-06	1.03E-05	7.19E-06	4.58E-05	3.08E-05
TG>AT	1.10E-05	1.97E-05	8.75E-06	1.31E-05	1.86E-05	2.27E-05	8.15E-02	1.06E-05	1.99E-05	9.17E-06	1.69E-05
TG>CA	9.80E-06	1.98E-05	1.08E-05	9.59E-06	1.56E-05	1.60E-05	4.54E-06	1.03E-05	7.19E-06	4.48E-05	3.08E-05
TG>CC	9.49E-06	4.71E-06	3.98E-06	3.23E-06	7.90E-06	1.89E-05	5.08E-06	9.48E-06	1.38E-01	1.85E-05	1.32E-05
TG>CT	4.23E-06	1.93E-05	1.99E-01	1.35E-05	1.73E-05	1.81E-05	9.96E-06	9.11E-06	1.14E-05	5.74E-05	6.63E-02
TG>GA	8.22E-06	8.78E-06	1.18E-05	9.96E-02	8.93E-06	1.56E-05	7.93E-06	4.93E-06	4.97E-02	1.11E-05	4.07E-05
TG>GC	9.59E-06	1.87E-05	5.24E-06	1.07E-05	1.90E-05	1.82E-05	6.90E-06	3.56E-06	1.25E-05	1.61E-01	2.10E-05
TG>GT	9.80E-06	1.98E-05	1.07E-05	9.59E-06	1.56E-05	1.60E-05	4.54E-06	1.03E-05	7.19E-06	4.19E-05	3.08E-05
TT>AA	1.56E-02	5.27E-02	2.58E-02	8.00E-06	1.88E-05	1.51E-05	2.26E-06	1.08E-01	8.63E-06	4.80E-05	1.14E-05
TT>AC	9.80E-06	1.98E-05	1.09E-05	9.59E-06	1.56E-05	1.60E-05	4.54E-06	1.03E-05	7.19E-06	4.78E-05	3.08E-05
TT>AG	9.80E-06	1.98E-05	1.08E-05	9.59E-06	1.56E-05	1.60E-05	4.54E-06	1.03E-05	7.19E-06	4.27E-05	3.08E-05
TT>CA	9.80E-06	1.98E-05	1.09E-05	9.59E-06	1.56E-05	1.60E-05	4.54E-06	1.03E-05	7.19E-06	4.72E-05	3.08E-05
TT>CC	9.80E-06	1.98E-05	1.12E-05	9.59E-06	1.56E-05	1.60E-05	4.54E-06	1.03E-05	7.19E-06	5.52E-05	3.08E-05
TT>CG	9.80E-06	1.98E-05	1.11E-05	9.59E-06	1.56E-05	1.60E-05	4.54E-06	1.03E-05	7.19E-06	5.33E-05	3.08E-05
TT>GA	9.80E-06	1.98E-05	1.08E-05	9.59E-06	1.56E-05	1.60E-05	4.54E-06	1.03E-05	7.19E-06	4.37E-05	3.08E-05
TT>GC	9.80E-06	1.98E-05	1.06E-05	9.59E-06	1.56E-05	1.60E-05	4.54E-06	1.03E-05	7.19E-06	3.90E-05	3.08E-05
TT>GG	9.80E-06	1.98E-05	9.91E-06	9.59E-06	1.56E-05	1.60E-05	4.54E-06	1.03E-05	7.18E-06	1.13E-05	3.08E-05
